20190114,1037,2.6560,2.6570,2.6560,2.6560,11,0
20190114,1038,2.6560,2.6560,2.6560,2.6560,15,0
20190114,1039,2.6560,2.6560,2.6550,2.6550,42,0
20190114,1040,2.6550,2.6560,2.6550,2.6560,14,0
20190114,1041,2.6560,2.6560,2.6560,2.6560,3,0
20190114,1042,2.6560,2.6560,2.6560,2.6560,8,0
20190114,1043,2.6560,2.6570,2.6560,2.6570,9,0
20190114,1044,2.6570,2.6570,2.6560,2.6560,21,0
20190114,1045,2.6560,2.6560,2.6550,2.6550,52,0
20190114,1046,2.6550,2.6560,2.6550,2.6550,39,0
20190114,1047,2.6550,2.6560,2.6550,2.6560,17,0
20190114,1048,2.6560,2.6560,2.6550,2.6550,9,0
20190114,1049,2.6550,2.6550,2.6540,2.6540,42,0
20190114,1050,2.6540,2.6540,2.6530,2.6540,123,0
20190114,1051,2.6540,2.6540,2.6530,2.6530,292,0
20190114,1052,2.6530,2.6540,2.6530,2.6530,113,0
20190114,1053,2.6530,2.6530,2.6520,2.6520,74,0
20190114,1054,2.6520,2.6520,2.6510,2.6520,116,0
20190114,1055,2.6520,2.6520,2.6510,2.6510,15,0
20190114,1056,2.6510,2.6510,2.6510,2.6510,31,0
20190114,1057,2.6510,2.6510,2.6480,2.6480,191,0
20190114,1058,2.6480,2.6490,2.6480,2.6490,94,0
20190114,1059,2.6490,2.6490,2.6470,2.6470,107,0
20190114,1100,2.6460,2.6470,2.6460,2.6460,140,0
20190114,1101,2.6460,2.6460,2.6440,2.6450,103,0
20190114,1102,2.6450,2.6450,2.6420,2.6420,148,0
20190114,1103,2.6420,2.6420,2.6410,2.6420,137,0
20190114,1104,2.6410,2.6420,2.6400,2.6400,109,0
20190114,1105,2.6400,2.6420,2.6400,2.6410,43,0
20190114,1106,2.6410,2.6410,2.6370,2.6370,384,0
20190114,1107,2.6370,2.6400,2.6370,2.6400,155,0
20190114,1108,2.6400,2.6400,2.6380,2.6380,101,0
20190114,1109,2.6390,2.6390,2.6380,2.6380,92,0
20190114,1110,2.6380,2.6380,2.6380,2.6380,49,0
20190114,1111,2.6380,2.6380,2.6380,2.6380,10,0
20190114,1112,2.6380,2.6390,2.6380,2.6390,50,0
20190114,1113,2.6390,2.6390,2.6380,2.6390,96,0
20190114,1114,2.6390,2.6390,2.6390,2.6390,55,0
20190114,1115,2.6390,2.6390,2.6370,2.6370,37,0
20190114,1116,2.6370,2.6370,2.6360,2.6360,261,0
20190114,1117,2.6350,2.6360,2.6350,2.6350,160,0
20190114,1118,2.6350,2.6360,2.6340,2.6360,112,0
20190114,1119,2.6360,2.6360,2.6350,2.6360,39,0
20190114,1120,2.6360,2.6360,2.6340,2.6340,65,0
20190114,1121,2.6330,2.6340,2.6330,2.6330,131,0
20190114,1122,2.6330,2.6340,2.6330,2.6330,61,0
20190114,1123,2.6330,2.6350,2.6330,2.6340,70,0
20190114,1124,2.6340,2.6340,2.6340,2.6340,40,0
20190114,1125,2.6350,2.6350,2.6340,2.6350,28,0
20190114,1126,2.6350,2.6360,2.6350,2.6360,16,0
20190114,1127,2.6360,2.6360,2.6350,2.6350,25,0
20190114,1128,2.6350,2.6350,2.6350,2.6350,26,0
20190114,1129,2.6350,2.6350,2.6340,2.6350,54,0
20190114,1130,2.6350,2.6370,2.6350,2.6370,27,0
20190114,1131,2.6370,2.6370,2.6350,2.6350,23,0
20190114,1132,2.6350,2.6360,2.6350,2.6360,9,0
20190114,1133,2.6360,2.6360,2.6350,2.6350,10,0
20190114,1134,2.6350,2.6350,2.6350,2.6350,12,0
20190114,1135,2.6350,2.6350,2.6350,2.6350,1,0
20190114,1136,2.6350,2.6360,2.6350,2.6350,25,0
20190114,1137,2.6350,2.6360,2.6350,2.6360,13,0
20190114,1138,2.6360,2.6360,2.6350,2.6360,4,0
20190114,1139,2.6360,2.6360,2.6360,2.6360,7,0
20190114,1140,2.6360,2.6360,2.6350,2.6360,16,0
20190114,1141,2.6360,2.6360,2.6350,2.6360,24,0
20190114,1142,2.6360,2.6360,2.6360,2.6360,5,0
20190114,1143,2.6360,2.6360,2.6360,2.6360,19,0
20190114,1144,2.6360,2.6370,2.6360,2.6370,18,0
20190114,1145,2.6370,2.6370,2.6360,2.6360,16,0
20190114,1146,2.6360,2.6360,2.6350,2.6350,54,0
20190114,1147,2.6350,2.6350,2.6350,2.6350,13,0
20190114,1148,2.6350,2.6350,2.6350,2.6350,5,0
20190114,1149,2.6350,2.6350,2.6350,2.6350,5,0
20190114,1150,2.6350,2.6350,2.6350,2.6350,13,0
20190114,1151,2.6350,2.6350,2.6340,2.6350,7,0
20190114,1152,2.6350,2.6350,2.6340,2.6350,5,0
20190114,1153,2.6350,2.6350,2.6350,2.6350,5,0
20190114,1154,2.6350,2.6360,2.6350,2.6350,4,0
20190114,1155,2.6350,2.6360,2.6350,2.6360,4,0
20190114,1156,2.6360,2.6360,2.6350,2.6350,14,0
20190114,1157,2.6350,2.6360,2.6350,2.6360,2,0
20190114,1158,2.6360,2.6370,2.6360,2.6360,26,0
20190114,1159,2.6360,2.6360,2.6360,2.6360,10,0
20190114,1200,2.6360,2.6370,2.6360,2.6370,18,0
20190114,1201,2.6370,2.6370,2.6370,2.6370,4,0
20190114,1202,2.6370,2.6370,2.6370,2.6370,5,0
20190114,1203,2.6370,2.6370,2.6370,2.6370,11,0
20190114,1204,2.6370,2.6370,2.6370,2.6370,3,0
20190114,1205,2.6370,2.6370,2.6360,2.6360,11,0
20190114,1206,2.6360,2.6360,2.6350,2.6360,9,0
20190114,1207,2.6360,2.6360,2.6360,2.6360,20,0
20190114,1208,2.6360,2.6360,2.6360,2.6360,2,0
20190114,1209,2.6360,2.6360,2.6360,2.6360,1,0
20190114,1210,2.6360,2.6360,2.6360,2.6360,4,0
20190114,1211,2.6360,2.6360,2.6350,2.6360,7,0
20190114,1212,2.6360,2.6360,2.6350,2.6350,50,0
20190114,1213,2.6350,2.6360,2.6350,2.6350,69,0
20190114,1214,2.6350,2.6350,2.6340,2.6350,170,0
20190114,1215,2.6350,2.6350,2.6350,2.6350,18,0
20190114,1216,2.6350,2.6360,2.6350,2.6350,21,0
20190114,1217,2.6350,2.6350,2.6340,2.6350,28,0
20190114,1218,2.6340,2.6350,2.6340,2.6340,40,0
20190114,1219,2.6340,2.6340,2.6340,2.6340,57,0
20190114,1220,2.6340,2.6340,2.6330,2.6340,59,0
20190114,1221,2.6340,2.6340,2.6340,2.6340,273,0
20190114,1222,2.6340,2.6340,2.6340,2.6340,219,0
20190114,1223,2.6340,2.6340,2.6340,2.6340,114,0
20190114,1224,2.6340,2.6340,2.6340,2.6340,67,0
20190114,1225,2.6340,2.6340,2.6340,2.6340,27,0
20190114,1226,2.6340,2.6340,2.6340,2.6340,56,0
20190114,1227,2.6350,2.6350,2.6350,2.6350,59,0
20190114,1228,2.6350,2.6350,2.6350,2.6350,11,0
20190114,1229,2.6350,2.6350,2.6350,2.6350,4,0
20190114,1230,2.6350,2.6350,2.6350,2.6350,4,0
20190114,1231,2.6350,2.6350,2.6350,2.6350,25,0
20190114,1232,2.6350,2.6350,2.6350,2.6350,40,0
20190114,1233,2.6350,2.6350,2.6350,2.6350,14,0
20190114,1234,2.6350,2.6350,2.6350,2.6350,21,0
20190114,1235,2.6350,2.6350,2.6350,2.6350,49,0
20190114,1236,2.6350,2.6350,2.6350,2.6350,3,0
20190114,1237,2.6350,2.6350,2.6350,2.6350,4,0
20190114,1238,2.6350,2.6350,2.6340,2.6340,58,0
20190114,1239,2.6340,2.6340,2.6340,2.6340,59,0
20190114,1240,2.6340,2.6350,2.6340,2.6350,74,0
20190114,1241,2.6350,2.6350,2.6340,2.6340,9,0
20190114,1242,2.6340,2.6340,2.6340,2.6340,54,0
20190114,1243,2.6340,2.6350,2.6340,2.6340,175,0
20190114,1244,2.6350,2.6350,2.6340,2.6340,138,0
20190114,1245,2.6340,2.6350,2.6340,2.6350,77,0
20190114,1246,2.6350,2.6350,2.6340,2.6340,9,0
20190114,1247,2.6340,2.6350,2.6340,2.6350,8,0
20190114,1248,2.6340,2.6340,2.6340,2.6340,1,0
20190114,1249,2.6340,2.6350,2.6340,2.6340,4,0
20190114,1250,2.6340,2.6340,2.6330,2.6340,134,0
20190114,1251,2.6340,2.6340,2.6340,2.6340,77,0
20190114,1252,2.6340,2.6340,2.6330,2.6330,90,0
20190114,1253,2.6330,2.6330,2.6320,2.6330,84,0
20190114,1254,2.6330,2.6330,2.6320,2.6320,29,0
20190114,1255,2.6320,2.6320,2.6320,2.6320,39,0
20190114,1256,2.6320,2.6330,2.6320,2.6320,27,0
20190114,1257,2.6320,2.6320,2.6320,2.6320,3,0
20190114,1258,2.6320,2.6320,2.6320,2.6320,14,0
20190114,1259,2.6320,2.6320,2.6320,2.6320,11,0
20190114,1300,2.6320,2.6330,2.6320,2.6320,33,0
20190114,1301,2.6330,2.6330,2.6320,2.6330,130,0
20190114,1302,2.6330,2.6330,2.6320,2.6320,37,0
20190114,1303,2.6320,2.6330,2.6320,2.6320,33,0
20190114,1304,2.6320,2.6330,2.6320,2.6320,133,0
20190114,1305,2.6320,2.6320,2.6320,2.6320,64,0
20190114,1306,2.6320,2.6320,2.6320,2.6320,5,0
20190114,1307,2.6320,2.6330,2.6320,2.6320,24,0
20190114,1308,2.6320,2.6320,2.6320,2.6320,5,0
20190114,1309,2.6320,2.6320,2.6320,2.6320,4,0
20190114,1310,2.6320,2.6320,2.6320,2.6320,2,0
20190114,1311,2.6320,2.6330,2.6320,2.6330,21,0
20190114,1312,2.6330,2.6330,2.6320,2.6320,6,0
20190114,1313,2.6320,2.6330,2.6320,2.6330,14,0
20190114,1314,2.6330,2.6330,2.6320,2.6320,10,0
20190114,1315,2.6320,2.6320,2.6320,2.6320,1,0
20190114,1316,2.6320,2.6330,2.6320,2.6320,3,0
20190114,1317,2.6320,2.6320,2.6320,2.6320,3,0
20190114,1318,2.6320,2.6320,2.6320,2.6320,41,0
20190114,1319,2.6320,2.6320,2.6320,2.6320,42,0
20190114,1320,2.6330,2.6330,2.6320,2.6320,14,0
20190114,1321,2.6320,2.6320,2.6320,2.6320,2,0
20190114,1322,2.6320,2.6330,2.6320,2.6330,5,0
20190114,1323,2.6320,2.6330,2.6320,2.6320,6,0
20190114,1324,2.6320,2.6330,2.6320,2.6330,2,0
20190114,1325,2.6330,2.6330,2.6320,2.6330,31,0
20190114,1326,2.6330,2.6340,2.6330,2.6340,70,0
20190114,1327,2.6340,2.6340,2.6330,2.6340,8,0
20190114,1328,2.6340,2.6340,2.6330,2.6330,15,0
20190114,1329,2.6330,2.6340,2.6330,2.6340,11,0
20190114,1330,2.6340,2.6340,2.6300,2.6300,254,0
20190114,1331,2.6290,2.6290,2.6280,2.6280,410,0
20190114,1332,2.6280,2.6310,2.6280,2.6310,60,0
20190114,1333,2.6310,2.6320,2.6310,2.6320,52,0
20190114,1334,2.6320,2.6330,2.6320,2.6330,27,0
20190114,1335,2.6330,2.6330,2.6320,2.6320,130,0
20190114,1336,2.6320,2.6320,2.6320,2.6320,154,0
20190114,1337,2.6320,2.6320,2.6310,2.6310,253,0
20190114,1338,2.6310,2.6320,2.6300,2.6300,341,0
20190114,1339,2.6290,2.6300,2.6280,2.6280,133,0
20190114,1340,2.6290,2.6290,2.6280,2.6280,177,0
20190114,1341,2.6280,2.6300,2.6280,2.6290,80,0
20190114,1342,2.6290,2.6300,2.6290,2.6290,58,0
20190114,1343,2.6290,2.6290,2.6270,2.6270,72,0
20190114,1344,2.6270,2.6270,2.6260,2.6270,114,0
20190114,1345,2.6270,2.6290,2.6270,2.6290,69,0
20190114,1346,2.6290,2.6300,2.6280,2.6300,31,0
20190114,1347,2.6300,2.6310,2.6290,2.6300,46,0
20190114,1348,2.6300,2.6300,2.6290,2.6290,56,0
20190114,1349,2.6290,2.6300,2.6290,2.6300,56,0
20190114,1350,2.6300,2.6300,2.6290,2.6300,51,0
20190114,1351,2.6300,2.6310,2.6300,2.6310,31,0
20190114,1352,2.6310,2.6310,2.6310,2.6310,61,0
20190114,1353,2.6310,2.6310,2.6310,2.6310,34,0
20190114,1354,2.6310,2.6310,2.6310,2.6310,6,0
20190114,1355,2.6310,2.6320,2.6310,2.6320,38,0
20190114,1356,2.6320,2.6320,2.6310,2.6320,45,0
20190114,1357,2.6320,2.6340,2.6320,2.6340,104,0
20190114,1358,2.6340,2.6340,2.6330,2.6330,109,0
20190114,1359,2.6330,2.6340,2.6330,2.6340,37,0
20190114,1400,2.6330,2.6340,2.6330,2.6330,74,0
20190114,1401,2.6330,2.6350,2.6330,2.6350,140,0
20190114,1402,2.6360,2.6370,2.6350,2.6360,129,0
20190114,1403,2.6360,2.6360,2.6360,2.6360,14,0
20190114,1404,2.6360,2.6380,2.6360,2.6380,142,0
20190114,1405,2.6380,2.6380,2.6370,2.6380,44,0
20190114,1406,2.6380,2.6380,2.6370,2.6380,27,0
20190114,1407,2.6380,2.6380,2.6360,2.6360,28,0
20190114,1408,2.6360,2.6370,2.6360,2.6370,35,0
20190114,1409,2.6370,2.6370,2.6360,2.6360,24,0
20190114,1410,2.6360,2.6360,2.6360,2.6360,11,0
20190114,1411,2.6360,2.6360,2.6360,2.6360,14,0
20190114,1412,2.6360,2.6370,2.6360,2.6370,19,0
20190114,1413,2.6370,2.6380,2.6370,2.6380,61,0
20190114,1414,2.6380,2.6380,2.6370,2.6370,53,0
20190114,1415,2.6370,2.6370,2.6360,2.6360,40,0
20190114,1416,2.6360,2.6370,2.6360,2.6360,34,0
20190114,1417,2.6360,2.6370,2.6360,2.6360,91,0
20190114,1418,2.6360,2.6360,2.6350,2.6350,28,0
20190114,1419,2.6350,2.6360,2.6350,2.6360,38,0
20190114,1420,2.6360,2.6360,2.6350,2.6350,55,0
20190114,1421,2.6350,2.6350,2.6340,2.6350,19,0
20190114,1422,2.6350,2.6350,2.6340,2.6340,35,0
20190114,1423,2.6340,2.6350,2.6340,2.6350,24,0
20190114,1424,2.6340,2.6350,2.6340,2.6350,32,0
20190114,1425,2.6350,2.6350,2.6340,2.6340,16,0
20190114,1426,2.6340,2.6340,2.6320,2.6320,131,0
20190114,1427,2.6320,2.6320,2.6310,2.6320,59,0
20190114,1428,2.6320,2.6320,2.6310,2.6310,35,0
20190114,1429,2.6310,2.6320,2.6310,2.6320,65,0
20190114,1430,2.6320,2.6320,2.6310,2.6310,41,0
20190114,1431,2.6310,2.6320,2.6300,2.6320,50,0
20190114,1432,2.6320,2.6320,2.6300,2.6310,43,0
20190114,1433,2.6310,2.6310,2.6300,2.6300,21,0
20190114,1434,2.6300,2.6310,2.6300,2.6310,37,0
20190114,1435,2.6310,2.6320,2.6310,2.6320,46,0
20190114,1436,2.6320,2.6330,2.6320,2.6320,60,0
20190114,1437,2.6320,2.6320,2.6320,2.6320,16,0
20190114,1438,2.6320,2.6330,2.6320,2.6330,10,0
20190114,1439,2.6330,2.6330,2.6320,2.6320,24,0
20190114,1440,2.6320,2.6330,2.6320,2.6330,22,0
20190114,1441,2.6330,2.6330,2.6320,2.6320,49,0
20190114,1442,2.6320,2.6330,2.6320,2.6320,49,0
20190114,1443,2.6320,2.6330,2.6320,2.6330,32,0
20190114,1444,2.6330,2.6330,2.6320,2.6320,18,0
20190114,1445,2.6320,2.6330,2.6320,2.6320,14,0
20190114,1446,2.6320,2.6330,2.6320,2.6320,23,0
20190114,1447,2.6320,2.6330,2.6320,2.6320,5,0
20190114,1448,2.6330,2.6330,2.6320,2.6330,7,0
20190114,1449,2.6330,2.6330,2.6330,2.6330,5,0
20190114,1450,2.6330,2.6340,2.6330,2.6330,18,0
20190114,1451,2.6330,2.6330,2.6330,2.6330,6,0
20190114,1452,2.6330,2.6340,2.6320,2.6320,41,0
20190114,1453,2.6320,2.6320,2.6320,2.6320,15,0
20190114,1454,2.6320,2.6330,2.6320,2.6330,22,0
20190114,1455,2.6340,2.6340,2.6340,2.6340,32,0
20190114,1456,2.6340,2.6340,2.6330,2.6330,8,0
20190114,1457,2.6330,2.6330,2.6330,2.6330,8,0
20190114,1458,2.6330,2.6340,2.6330,2.6340,17,0
20190114,1459,2.6340,2.6350,2.6330,2.6350,30,0
20190114,1500,2.6350,2.6350,2.6340,2.6340,23,0
20190114,1501,2.6340,2.6340,2.6320,2.6320,62,0
20190114,1502,2.6310,2.6310,2.6300,2.6300,110,0
20190114,1503,2.6300,2.6310,2.6290,2.6300,180,0
20190114,1504,2.6300,2.6320,2.6300,2.6320,38,0
20190114,1505,2.6320,2.6330,2.6310,2.6320,53,0
20190114,1506,2.6320,2.6320,2.6310,2.6320,51,0
20190114,1507,2.6320,2.6320,2.6320,2.6320,9,0
20190114,1508,2.6320,2.6320,2.6320,2.6320,24,0
20190114,1509,2.6320,2.6330,2.6320,2.6320,19,0
20190114,1510,2.6320,2.6330,2.6320,2.6330,17,0
20190114,1511,2.6330,2.6340,2.6330,2.6330,22,0
20190114,1512,2.6330,2.6330,2.6320,2.6320,7,0
20190114,1513,2.6320,2.6330,2.6320,2.6320,41,0
20190114,1514,2.6320,2.6330,2.6320,2.6320,16,0
20190114,1515,2.6320,2.6320,2.6310,2.6310,13,0
20190114,1516,2.6310,2.6320,2.6310,2.6310,15,0
20190114,1517,2.6310,2.6310,2.6300,2.6310,16,0
20190114,1518,2.6310,2.6320,2.6290,2.6290,35,0
20190114,1519,2.6290,2.6310,2.6290,2.6310,35,0
20190114,1520,2.6300,2.6310,2.6290,2.6290,34,0
20190114,1521,2.6290,2.6300,2.6290,2.6290,60,0
20190114,1522,2.6290,2.6310,2.6290,2.6310,20,0
20190114,1523,2.6310,2.6320,2.6310,2.6310,21,0
20190114,1524,2.6310,2.6320,2.6310,2.6320,16,0
20190114,1525,2.6320,2.6320,2.6310,2.6310,4,0
20190114,1526,2.6310,2.6310,2.6310,2.6310,5,0
20190114,1527,2.6310,2.6310,2.6300,2.6310,15,0
20190114,1528,2.6310,2.6310,2.6300,2.6300,20,0
20190114,1529,2.6300,2.6300,2.6280,2.6290,55,0
20190114,1530,2.6290,2.6310,2.6290,2.6310,4,0
20190114,1531,2.6310,2.6310,2.6310,2.6310,7,0
20190114,1532,2.6310,2.6310,2.6310,2.6310,2,0
20190114,1533,2.6310,2.6320,2.6310,2.6310,14,0
20190114,1534,2.6310,2.6320,2.6310,2.6320,10,0
20190114,1535,2.6320,2.6330,2.6310,2.6320,11,0
20190114,1536,2.6320,2.6320,2.6320,2.6320,16,0
20190114,1537,2.6320,2.6320,2.6320,2.6320,12,0
20190114,1538,2.6320,2.6320,2.6320,2.6320,9,0
20190114,1539,2.6320,2.6320,2.6320,2.6320,7,0
20190114,1540,2.6320,2.6320,2.6310,2.6320,23,0
20190114,1541,2.6320,2.6320,2.6310,2.6310,24,0
20190114,1542,2.6310,2.6310,2.6300,2.6300,15,0
20190114,1543,2.6300,2.6300,2.6290,2.6290,9,0
20190114,1544,2.6290,2.6310,2.6290,2.6310,27,0
20190114,1545,2.6300,2.6310,2.6290,2.6290,48,0
20190114,1546,2.6290,2.6290,2.6260,2.6270,286,0
20190114,1547,2.6270,2.6290,2.6270,2.6290,33,0
20190114,1548,2.6290,2.6290,2.6280,2.6280,26,0
20190114,1549,2.6280,2.6290,2.6270,2.6270,38,0
20190114,1550,2.6270,2.6270,2.6260,2.6270,72,0
20190114,1551,2.6270,2.6280,2.6270,2.6270,42,0
20190114,1552,2.6270,2.6270,2.6220,2.6220,283,0
20190114,1553,2.6220,2.6230,2.6220,2.6230,100,0
20190114,1554,2.6230,2.6240,2.6230,2.6230,47,0
20190114,1555,2.6220,2.6240,2.6220,2.6230,29,0
20190114,1556,2.6240,2.6250,2.6230,2.6240,55,0
20190114,1557,2.6240,2.6250,2.6240,2.6240,40,0
20190114,1558,2.6250,2.6250,2.6240,2.6250,36,0
20190114,1559,2.6250,2.6250,2.6230,2.6240,27,0
20190114,1600,2.6240,2.6240,2.6210,2.6220,139,0
20190114,1601,2.6230,2.6240,2.6230,2.6240,66,0
20190114,1602,2.6240,2.6240,2.6240,2.6240,44,0
20190114,1603,2.6240,2.6240,2.6220,2.6220,46,0
20190114,1604,2.6230,2.6240,2.6230,2.6240,54,0
20190114,1605,2.6240,2.6250,2.6230,2.6250,57,0
20190114,1606,2.6250,2.6260,2.6250,2.6260,27,0
20190114,1607,2.6260,2.6260,2.6240,2.6250,26,0
20190114,1608,2.6250,2.6250,2.6240,2.6250,30,0
20190114,1609,2.6240,2.6270,2.6240,2.6260,57,0
20190114,1610,2.6260,2.6260,2.6250,2.6250,26,0
20190114,1611,2.6250,2.6260,2.6250,2.6250,19,0
20190114,1612,2.6250,2.6250,2.6240,2.6250,15,0
20190114,1613,2.6250,2.6260,2.6240,2.6250,20,0
20190114,1614,2.6250,2.6260,2.6250,2.6260,12,0
20190114,1615,2.6240,2.6240,2.6220,2.6230,74,0
20190114,1616,2.6220,2.6240,2.6220,2.6240,64,0
20190114,1617,2.6240,2.6250,2.6240,2.6240,40,0
20190114,1618,2.6240,2.6260,2.6240,2.6250,24,0
20190114,1619,2.6250,2.6250,2.6250,2.6250,15,0
20190114,1620,2.6250,2.6260,2.6250,2.6260,36,0
20190114,1621,2.6260,2.6260,2.6240,2.6240,47,0
20190114,1622,2.6240,2.6240,2.6240,2.6240,18,0
20190114,1623,2.6240,2.6240,2.6230,2.6230,62,0
20190114,1624,2.6230,2.6230,2.6220,2.6220,33,0
20190114,1625,2.6220,2.6230,2.6220,2.6220,43,0
20190114,1626,2.6220,2.6220,2.6220,2.6220,8,0
20190114,1627,2.6230,2.6230,2.6230,2.6230,18,0
20190114,1628,2.6230,2.6240,2.6230,2.6240,55,0
20190114,1629,2.6240,2.6270,2.6240,2.6270,35,0
20190114,1630,2.6270,2.6270,2.6250,2.6250,74,0
20190114,1631,2.6250,2.6260,2.6250,2.6250,14,0
20190114,1632,2.6250,2.6250,2.6230,2.6230,29,0
20190114,1633,2.6230,2.6240,2.6230,2.6240,26,0
20190114,1634,2.6240,2.6240,2.6230,2.6240,40,0
20190114,1635,2.6240,2.6250,2.6240,2.6240,13,0
20190114,1636,2.6240,2.6260,2.6240,2.6260,38,0
20190114,1637,2.6260,2.6260,2.6250,2.6260,62,0
20190114,1638,2.6250,2.6260,2.6250,2.6260,16,0
20190114,1639,2.6260,2.6270,2.6260,2.6260,15,0
20190114,1640,2.6260,2.6280,2.6260,2.6270,35,0
20190114,1641,2.6270,2.6270,2.6260,2.6270,40,0
20190114,1642,2.6260,2.6260,2.6250,2.6250,48,0
20190114,1643,2.6250,2.6280,2.6250,2.6270,40,0
20190114,1644,2.6270,2.6280,2.6270,2.6270,13,0
20190114,1645,2.6270,2.6280,2.6260,2.6280,34,0
20190114,1646,2.6280,2.6280,2.6260,2.6260,16,0
20190114,1647,2.6270,2.6280,2.6270,2.6270,11,0
20190114,1648,2.6270,2.6280,2.6270,2.6280,10,0
20190114,1649,2.6280,2.6280,2.6260,2.6260,12,0
20190114,1650,2.6260,2.6270,2.6260,2.6260,18,0
20190114,1651,2.6260,2.6260,2.6260,2.6260,8,0
20190114,1652,2.6260,2.6260,2.6250,2.6260,21,0
20190114,1653,2.6250,2.6250,2.6230,2.6230,50,0
20190114,1654,2.6230,2.6240,2.6230,2.6240,5,0
20190114,1655,2.6240,2.6270,2.6240,2.6260,24,0
20190114,1656,2.6260,2.6260,2.6250,2.6250,17,0
20190114,1657,2.6250,2.6250,2.6240,2.6240,14,0
20190114,1658,2.6250,2.6250,2.6240,2.6240,21,0
20190114,1659,2.6240,2.6250,2.6240,2.6240,10,0
20190114,1700,2.6240,2.6250,2.6240,2.6250,28,0
20190114,1701,2.6250,2.6260,2.6250,2.6250,64,0
20190114,1702,2.6250,2.6250,2.6240,2.6240,30,0
20190114,1703,2.6240,2.6250,2.6230,2.6240,36,0
20190114,1704,2.6240,2.6260,2.6240,2.6240,48,0
20190114,1705,2.6240,2.6240,2.6240,2.6240,5,0
20190114,1706,2.6240,2.6240,2.6240,2.6240,7,0
20190114,1707,2.6240,2.6250,2.6240,2.6240,14,0
20190114,1708,2.6240,2.6240,2.6230,2.6230,24,0
20190114,1709,2.6230,2.6240,2.6220,2.6230,40,0
20190114,1710,2.6230,2.6230,2.6230,2.6230,12,0
20190114,1711,2.6230,2.6230,2.6220,2.6220,9,0
20190114,1712,2.6230,2.6230,2.6220,2.6220,13,0
20190114,1713,2.6220,2.6230,2.6220,2.6230,14,0
20190114,1714,2.6230,2.6230,2.6220,2.6230,22,0
20190114,1715,2.6230,2.6230,2.6220,2.6230,14,0
20190114,1716,2.6230,2.6240,2.6230,2.6240,15,0
20190114,1717,2.6230,2.6230,2.6230,2.6230,6,0
20190114,1718,2.6230,2.6250,2.6230,2.6250,40,0
20190114,1719,2.6250,2.6250,2.6250,2.6250,102,0
20190114,1720,2.6250,2.6250,2.6250,2.6250,1,0
20190114,1721,2.6250,2.6250,2.6240,2.6240,30,0
20190114,1722,2.6240,2.6250,2.6240,2.6250,12,0
20190114,1723,2.6250,2.6250,2.6250,2.6250,6,0
20190114,1724,2.6250,2.6250,2.6240,2.6240,17,0
20190114,1725,2.6240,2.6240,2.6240,2.6240,12,0
20190114,1726,2.6240,2.6250,2.6240,2.6250,71,0
20190114,1727,2.6250,2.6250,2.6250,2.6250,12,0
20190114,1728,2.6250,2.6270,2.6250,2.6260,25,0
20190114,1729,2.6260,2.6260,2.6250,2.6250,41,0
20190114,1730,2.6250,2.6260,2.6250,2.6250,19,0
20190114,1731,2.6250,2.6250,2.6250,2.6250,7,0
20190114,1732,2.6250,2.6250,2.6240,2.6250,9,0
20190114,1733,2.6250,2.6250,2.6250,2.6250,23,0
20190114,1734,2.6250,2.6250,2.6250,2.6250,13,0
20190114,1735,2.6250,2.6250,2.6240,2.6250,16,0
20190114,1736,2.6250,2.6250,2.6250,2.6250,5,0
20190114,1737,2.6250,2.6250,2.6220,2.6220,61,0
20190114,1738,2.6220,2.6230,2.6220,2.6230,12,0
20190114,1739,2.6230,2.6230,2.6220,2.6220,16,0
20190114,1740,2.6220,2.6240,2.6220,2.6220,114,0
20190114,1741,2.6220,2.6230,2.6220,2.6230,25,0
20190114,1742,2.6230,2.6230,2.6220,2.6230,25,0
20190114,1743,2.6230,2.6240,2.6220,2.6220,54,0
20190114,1744,2.6220,2.6220,2.6180,2.6180,371,0
20190114,1745,2.6180,2.6190,2.6180,2.6180,43,0
20190114,1746,2.6190,2.6190,2.6180,2.6180,29,0
20190114,1747,2.6180,2.6200,2.6180,2.6200,25,0
20190114,1748,2.6200,2.6200,2.6180,2.6190,59,0
20190114,1749,2.6190,2.6200,2.6190,2.6200,47,0
20190114,1750,2.6200,2.6200,2.6190,2.6200,21,0
20190114,1751,2.6200,2.6210,2.6200,2.6210,20,0
20190114,1752,2.6210,2.6210,2.6200,2.6210,127,0
20190114,1753,2.6210,2.6210,2.6200,2.6200,122,0
20190114,1754,2.6200,2.6210,2.6200,2.6210,261,0
20190114,1755,2.6210,2.6210,2.6200,2.6210,209,0
20190114,1756,2.6210,2.6210,2.6200,2.6200,29,0
20190114,1757,2.6200,2.6210,2.6200,2.6210,226,0
20190114,1758,2.6210,2.6210,2.6200,2.6200,25,0
20190114,1759,2.6200,2.6200,2.6190,2.6190,69,0
20190114,1800,2.6190,2.6190,2.6190,2.6190,32,0
20190114,1801,2.6190,2.6190,2.6180,2.6180,22,0
20190114,1802,2.6180,2.6190,2.6180,2.6190,48,0
20190114,1803,2.6190,2.6190,2.6180,2.6180,90,0
20190114,1804,2.6180,2.6190,2.6170,2.6170,159,0
20190114,1805,2.6170,2.6190,2.6170,2.6180,120,0
20190114,1806,2.6180,2.6180,2.6180,2.6180,169,0
20190114,1807,2.6180,2.6180,2.6180,2.6180,423,0
20190114,1808,2.6180,2.6190,2.6180,2.6180,165,0
20190114,1809,2.6180,2.6190,2.6180,2.6190,39,0
20190114,1810,2.6190,2.6190,2.6190,2.6190,72,0
20190114,1811,2.6190,2.6200,2.6190,2.6190,86,0
20190114,1812,2.6190,2.6190,2.6190,2.6190,168,0
20190114,1813,2.6190,2.6190,2.6190,2.6190,17,0
20190114,1814,2.6190,2.6190,2.6190,2.6190,3,0
20190114,1815,2.6190,2.6190,2.6180,2.6180,125,0
20190114,1816,2.6180,2.6180,2.6180,2.6180,47,0
20190114,1817,2.6180,2.6180,2.6180,2.6180,41,0
20190114,1818,2.6180,2.6180,2.6170,2.6170,25,0
20190114,1819,2.6170,2.6180,2.6170,2.6170,54,0
20190114,1820,2.6170,2.6180,2.6170,2.6170,92,0
20190114,1821,2.6170,2.6190,2.6170,2.6190,48,0
20190114,1822,2.6190,2.6200,2.6190,2.6190,13,0
20190114,1823,2.6190,2.6200,2.6190,2.6190,14,0
20190114,1824,2.6190,2.6200,2.6190,2.6190,53,0
20190114,1825,2.6190,2.6190,2.6190,2.6190,10,0
20190114,1826,2.6190,2.6200,2.6190,2.6190,28,0
20190114,1827,2.6190,2.6200,2.6190,2.6200,7,0
20190114,1828,2.6200,2.6200,2.6200,2.6200,18,0
20190114,1829,2.6200,2.6200,2.6200,2.6200,32,0
20190114,1830,2.6200,2.6210,2.6200,2.6200,66,0
20190114,1831,2.6200,2.6210,2.6200,2.6210,133,0
20190114,1832,2.6200,2.6200,2.6190,2.6200,93,0
20190114,1833,2.6200,2.6200,2.6190,2.6200,57,0
20190114,1834,2.6200,2.6200,2.6190,2.6190,48,0
20190114,1835,2.6190,2.6200,2.6190,2.6190,30,0
20190114,1836,2.6190,2.6190,2.6190,2.6190,14,0
20190114,1837,2.6190,2.6200,2.6190,2.6190,2,0
20190114,1838,2.6190,2.6200,2.6190,2.6190,13,0
20190114,1839,2.6190,2.6190,2.6190,2.6190,7,0
20190114,1840,2.6190,2.6190,2.6190,2.6190,14,0
20190114,1841,2.6190,2.6200,2.6190,2.6200,29,0
20190114,1842,2.6200,2.6200,2.6200,2.6200,13,0
20190114,1843,2.6200,2.6200,2.6200,2.6200,9,0
20190114,1844,2.6200,2.6210,2.6200,2.6200,5,0
20190114,1845,2.6200,2.6210,2.6200,2.6210,22,0
20190114,1846,2.6210,2.6210,2.6210,2.6210,11,0
20190114,1847,2.6210,2.6220,2.6210,2.6220,12,0
20190114,1848,2.6220,2.6220,2.6220,2.6220,26,0
20190114,1849,2.6220,2.6220,2.6220,2.6220,23,0
20190114,1850,2.6220,2.6230,2.6220,2.6230,21,0
20190114,1851,2.6230,2.6230,2.6220,2.6220,26,0
20190114,1852,2.6220,2.6220,2.6220,2.6220,7,0
20190114,1853,2.6220,2.6220,2.6220,2.6220,23,0
20190114,1854,2.6220,2.6230,2.6220,2.6220,14,0
20190114,1855,2.6220,2.6230,2.6220,2.6230,50,0
20190114,1856,2.6230,2.6240,2.6230,2.6230,38,0
20190114,2322,2.6310,2.6310,2.6300,2.6300,35,0
20190114,2323,2.6300,2.6300,2.6290,2.6290,36,0
20190114,2324,2.6290,2.6290,2.6290,2.6290,26,0
20190114,2325,2.6290,2.6290,2.6280,2.6280,45,0
20190114,2326,2.6290,2.6290,2.6280,2.6280,98,0
20190114,2327,2.6270,2.6290,2.6270,2.6280,51,0
20190114,2328,2.6280,2.6280,2.6270,2.6270,20,0
20190114,2329,2.6280,2.6280,2.6260,2.6270,54,0
20190114,2330,2.6270,2.6270,2.6260,2.6270,50,0
20190114,2331,2.6270,2.6270,2.6260,2.6270,42,0
20190114,2332,2.6270,2.6270,2.6260,2.6260,37,0
20190114,2333,2.6260,2.6280,2.6260,2.6280,84,0
20190114,2334,2.6280,2.6280,2.6270,2.6270,31,0
20190114,2335,2.6270,2.6280,2.6270,2.6280,37,0
20190114,2336,2.6280,2.6280,2.6270,2.6280,82,0
20190114,2337,2.6280,2.6290,2.6280,2.6280,13,0
20190114,2338,2.6280,2.6290,2.6280,2.6280,44,0
20190114,2339,2.6280,2.6280,2.6260,2.6260,68,0
20190114,2340,2.6250,2.6250,2.6250,2.6250,68,0
20190114,2341,2.6260,2.6270,2.6260,2.6260,59,0
20190114,2342,2.6260,2.6260,2.6250,2.6260,23,0
20190114,2343,2.6260,2.6260,2.6250,2.6260,14,0
20190114,2344,2.6260,2.6270,2.6260,2.6270,54,0
20190114,2345,2.6270,2.6270,2.6270,2.6270,28,0
20190114,2346,2.6270,2.6270,2.6270,2.6270,8,0
20190114,2347,2.6270,2.6270,2.6260,2.6260,60,0
20190114,2348,2.6260,2.6270,2.6260,2.6270,33,0
20190114,2349,2.6270,2.6280,2.6270,2.6270,27,0
20190114,2350,2.6270,2.6270,2.6270,2.6270,28,0
20190114,2351,2.6260,2.6270,2.6260,2.6270,58,0
20190114,2352,2.6270,2.6280,2.6270,2.6280,71,0
20190114,2353,2.6280,2.6280,2.6260,2.6270,41,0
20190114,2354,2.6270,2.6300,2.6270,2.6300,95,0
20190114,2355,2.6300,2.6320,2.6300,2.6310,149,0
20190114,2356,2.6300,2.6330,2.6300,2.6320,99,0
20190114,2357,2.6330,2.6330,2.6300,2.6300,117,0
20190114,2358,2.6300,2.6310,2.6290,2.6300,53,0
20190114,2359,2.6300,2.6300,2.6300,2.6300,46,0
20190115,0000,2.6300,2.6300,2.6280,2.6290,67,0
20190115,0001,2.6280,2.6290,2.6280,2.6290,54,0
20190115,0002,2.6290,2.6300,2.6290,2.6290,75,0
20190115,0003,2.6290,2.6300,2.6290,2.6300,48,0
20190115,0004,2.6300,2.6300,2.6300,2.6300,53,0
20190115,0005,2.6290,2.6290,2.6280,2.6280,104,0
20190115,0006,2.6280,2.6280,2.6250,2.6250,105,0
20190115,0007,2.6250,2.6260,2.6250,2.6250,93,0
20190115,0008,2.6250,2.6250,2.6250,2.6250,93,0
20190115,0009,2.6250,2.6250,2.6240,2.6250,96,0
20190115,0010,2.6250,2.6260,2.6250,2.6260,110,0
20190115,0011,2.6260,2.6270,2.6260,2.6270,51,0
20190115,0012,2.6270,2.6270,2.6250,2.6250,72,0
20190115,0013,2.6250,2.6260,2.6250,2.6260,36,0
20190115,0014,2.6260,2.6260,2.6260,2.6260,37,0
20190115,0015,2.6260,2.6260,2.6250,2.6250,186,0
20190115,0016,2.6250,2.6260,2.6250,2.6250,32,0
20190115,0017,2.6250,2.6260,2.6250,2.6260,24,0
20190115,0018,2.6260,2.6260,2.6250,2.6250,14,0
20190115,0019,2.6250,2.6250,2.6240,2.6240,250,0
20190115,0020,2.6240,2.6250,2.6240,2.6250,31,0
20190115,0021,2.6250,2.6260,2.6250,2.6250,74,0
20190115,0022,2.6250,2.6260,2.6250,2.6260,25,0
20190115,0023,2.6260,2.6260,2.6260,2.6260,79,0
20190115,0024,2.6260,2.6260,2.6260,2.6260,105,0
20190115,0025,2.6260,2.6270,2.6260,2.6270,42,0
20190115,0026,2.6270,2.6270,2.6270,2.6270,27,0
20190115,0027,2.6280,2.6280,2.6270,2.6280,40,0
20190115,0028,2.6280,2.6290,2.6280,2.6280,40,0
20190115,0029,2.6280,2.6290,2.6280,2.6290,22,0
20190115,0030,2.6290,2.6290,2.6270,2.6280,42,0
20190115,0031,2.6280,2.6280,2.6260,2.6270,72,0
20190115,0032,2.6270,2.6270,2.6270,2.6270,25,0
20190115,0033,2.6270,2.6270,2.6270,2.6270,37,0
20190115,0034,2.6270,2.6270,2.6270,2.6270,72,0
20190115,0035,2.6270,2.6270,2.6260,2.6270,67,0
20190115,0036,2.6270,2.6270,2.6260,2.6270,33,0
20190115,0037,2.6270,2.6270,2.6260,2.6270,14,0
20190115,0038,2.6270,2.6270,2.6270,2.6270,62,0
20190115,0039,2.6270,2.6270,2.6270,2.6270,43,0
20190115,0040,2.6270,2.6270,2.6270,2.6270,57,0
20190115,0041,2.6270,2.6280,2.6270,2.6280,47,0
20190115,0042,2.6280,2.6280,2.6280,2.6280,39,0
20190115,0043,2.6280,2.6280,2.6280,2.6280,32,0
20190115,0044,2.6280,2.6280,2.6280,2.6280,19,0
20190115,0045,2.6280,2.6280,2.6280,2.6280,13,0
20190115,0046,2.6280,2.6290,2.6280,2.6290,32,0
20190115,0047,2.6280,2.6280,2.6280,2.6280,30,0
20190115,0048,2.6280,2.6280,2.6280,2.6280,2,0
20190115,0049,2.6280,2.6280,2.6270,2.6270,15,0
20190115,0050,2.6270,2.6270,2.6260,2.6260,80,0
20190115,0051,2.6260,2.6260,2.6250,2.6250,22,0
20190115,0052,2.6250,2.6260,2.6250,2.6260,118,0
20190115,0053,2.6260,2.6260,2.6230,2.6230,226,0
20190115,0054,2.6230,2.6230,2.6220,2.6230,104,0
20190115,0055,2.6230,2.6230,2.6230,2.6230,71,0
20190115,0056,2.6230,2.6230,2.6220,2.6220,31,0
20190115,0057,2.6230,2.6230,2.6220,2.6230,39,0
20190115,0058,2.6230,2.6240,2.6220,2.6240,59,0
20190115,0059,2.6240,2.6250,2.6230,2.6250,93,0
20190115,0100,2.6250,2.6250,2.6240,2.6250,44,0
20190115,0101,2.6250,2.6250,2.6230,2.6230,219,0
20190115,0102,2.6230,2.6240,2.6230,2.6240,321,0
20190115,0103,2.6240,2.6250,2.6240,2.6250,428,0
20190115,0104,2.6250,2.6260,2.6250,2.6250,32,0
20190115,0105,2.6250,2.6250,2.6240,2.6250,25,0
20190115,0106,2.6250,2.6250,2.6250,2.6250,45,0
20190115,0107,2.6250,2.6250,2.6250,2.6250,15,0
20190115,0108,2.6250,2.6250,2.6240,2.6250,33,0
20190115,0109,2.6250,2.6250,2.6250,2.6250,43,0
20190115,0110,2.6250,2.6250,2.6240,2.6250,44,0
20190115,0111,2.6250,2.6250,2.6250,2.6250,41,0
20190115,0112,2.6250,2.6250,2.6240,2.6250,36,0
20190115,0113,2.6250,2.6250,2.6250,2.6250,13,0
20190115,0114,2.6250,2.6250,2.6250,2.6250,19,0
20190115,0115,2.6250,2.6250,2.6250,2.6250,20,0
20190115,0116,2.6250,2.6250,2.6250,2.6250,96,0
20190115,0117,2.6250,2.6250,2.6250,2.6250,65,0
20190115,0118,2.6250,2.6250,2.6240,2.6240,89,0
20190115,0119,2.6240,2.6250,2.6230,2.6250,62,0
20190115,0120,2.6250,2.6280,2.6250,2.6280,384,0
20190115,0121,2.6280,2.6280,2.6260,2.6260,58,0
20190115,0122,2.6260,2.6270,2.6260,2.6270,37,0
20190115,0123,2.6270,2.6280,2.6270,2.6270,41,0
20190115,0124,2.6270,2.6280,2.6270,2.6270,94,0
20190115,0125,2.6270,2.6280,2.6270,2.6280,53,0
20190115,0126,2.6280,2.6280,2.6280,2.6280,123,0
20190115,0127,2.6280,2.6280,2.6270,2.6280,9,0
20190115,0128,2.6280,2.6280,2.6270,2.6280,17,0
20190115,0129,2.6280,2.6280,2.6270,2.6270,43,0
20190115,0130,2.6270,2.6300,2.6270,2.6290,60,0
20190115,0131,2.6290,2.6290,2.6280,2.6280,83,0
20190115,0132,2.6280,2.6290,2.6280,2.6290,52,0
20190115,0133,2.6290,2.6300,2.6290,2.6290,26,0
20190115,0134,2.6290,2.6300,2.6290,2.6300,98,0
20190115,0135,2.6300,2.6300,2.6290,2.6300,26,0
20190115,0136,2.6300,2.6310,2.6300,2.6310,90,0
20190115,0137,2.6310,2.6310,2.6310,2.6310,47,0
20190115,0138,2.6310,2.6310,2.6300,2.6310,44,0
20190115,0139,2.6310,2.6310,2.6310,2.6310,42,0
20190115,0140,2.6310,2.6310,2.6310,2.6310,67,0
20190115,0141,2.6310,2.6310,2.6300,2.6310,20,0
20190115,0142,2.6300,2.6300,2.6290,2.6300,61,0
20190115,0143,2.6300,2.6300,2.6300,2.6300,9,0
20190115,0144,2.6300,2.6310,2.6300,2.6310,86,0
20190115,0145,2.6310,2.6330,2.6310,2.6320,102,0
20190115,0146,2.6320,2.6350,2.6320,2.6340,152,0
20190115,0147,2.6340,2.6340,2.6330,2.6340,131,0
20190115,0148,2.6340,2.6340,2.6340,2.6340,28,0
20190115,0149,2.6340,2.6350,2.6340,2.6340,40,0
20190115,0150,2.6340,2.6350,2.6340,2.6350,32,0
20190115,0151,2.6350,2.6350,2.6350,2.6350,51,0
20190115,0152,2.6350,2.6350,2.6350,2.6350,46,0
20190115,0153,2.6350,2.6350,2.6350,2.6350,23,0
20190115,0154,2.6350,2.6370,2.6350,2.6360,162,0
20190115,0155,2.6350,2.6380,2.6350,2.6370,137,0
20190115,0156,2.6370,2.6370,2.6350,2.6360,139,0
20190115,0157,2.6360,2.6360,2.6350,2.6350,188,0
20190115,0158,2.6350,2.6360,2.6320,2.6330,372,0
20190115,0159,2.6350,2.6370,2.6340,2.6360,3211,0
20190115,0200,2.6360,2.6360,2.6360,2.6360,727,0
20190115,0201,2.6360,2.6360,2.6350,2.6350,72,0
20190115,0202,2.6350,2.6350,2.6320,2.6330,689,0
20190115,0203,2.6330,2.6330,2.6330,2.6330,108,0
20190115,0204,2.6330,2.6340,2.6310,2.6310,110,0
20190115,0205,2.6310,2.6330,2.6310,2.6330,56,0
20190115,0206,2.6330,2.6330,2.6320,2.6320,35,0
20190115,0207,2.6320,2.6320,2.6320,2.6320,57,0
20190115,0208,2.6320,2.6320,2.6320,2.6320,42,0
20190115,0209,2.6320,2.6320,2.6320,2.6320,20,0
20190115,0210,2.6320,2.6320,2.6320,2.6320,13,0
20190115,0211,2.6320,2.6330,2.6320,2.6330,18,0
20190115,0212,2.6330,2.6330,2.6330,2.6330,11,0
20190115,0213,2.6330,2.6330,2.6320,2.6320,39,0
20190115,0214,2.6320,2.6330,2.6310,2.6310,10,0
20190115,0215,2.6310,2.6320,2.6310,2.6320,11,0
20190115,0216,2.6320,2.6320,2.6310,2.6320,40,0
20190115,0217,2.6320,2.6320,2.6300,2.6300,45,0
20190115,0218,2.6300,2.6310,2.6300,2.6300,43,0
20190115,0219,2.6300,2.6300,2.6300,2.6300,19,0
20190115,0220,2.6300,2.6300,2.6290,2.6300,186,0
20190115,0221,2.6300,2.6320,2.6300,2.6320,74,0
20190115,0222,2.6320,2.6320,2.6310,2.6320,6,0
20190115,0223,2.6320,2.6320,2.6320,2.6320,0,0
20190115,0224,2.6320,2.6320,2.6320,2.6320,47,0
20190115,0225,2.6320,2.6320,2.6310,2.6310,5,0
20190115,0226,2.6310,2.6320,2.6310,2.6310,10,0
20190115,0227,2.6310,2.6310,2.6310,2.6310,13,0
20190115,0228,2.6310,2.6320,2.6310,2.6320,35,0
20190115,0229,2.6320,2.6320,2.6310,2.6310,1,0
20190115,0230,2.6310,2.6330,2.6310,2.6330,12,0
20190115,0231,2.6330,2.6330,2.6320,2.6320,23,0
20190115,0232,2.6320,2.6320,2.6320,2.6320,7,0
20190115,0233,2.6320,2.6330,2.6320,2.6320,29,0
20190115,0234,2.6320,2.6320,2.6320,2.6320,2,0
20190115,0235,2.6320,2.6320,2.6320,2.6320,7,0
20190115,0236,2.6320,2.6320,2.6320,2.6320,8,0
20190115,0237,2.6320,2.6330,2.6320,2.6330,10,0
20190115,0238,2.6330,2.6330,2.6330,2.6330,0,0
20190115,0239,2.6330,2.6330,2.6320,2.6320,11,0
20190115,0240,2.6330,2.6330,2.6330,2.6330,11,0
20190115,0241,2.6330,2.6330,2.6320,2.6330,22,0
20190115,0242,2.6330,2.6330,2.6330,2.6330,0,0
20190115,0243,2.6330,2.6330,2.6330,2.6330,0,0
20190115,0244,2.6330,2.6330,2.6320,2.6320,5,0
20190115,0245,2.6320,2.6330,2.6320,2.6320,24,0
20190115,0246,2.6320,2.6320,2.6310,2.6310,43,0
20190115,0247,2.6310,2.6310,2.6300,2.6300,19,0
20190115,0248,2.6300,2.6300,2.6300,2.6300,67,0
20190115,0249,2.6300,2.6320,2.6300,2.6320,133,0
20190115,0250,2.6320,2.6330,2.6320,2.6330,9,0
20190115,0251,2.6330,2.6330,2.6330,2.6330,1,0
20190115,0252,2.6330,2.6330,2.6320,2.6320,21,0
20190115,0253,2.6320,2.6330,2.6320,2.6330,10,0
20190115,0254,2.6320,2.6320,2.6320,2.6320,58,0
20190115,0255,2.6320,2.6330,2.6320,2.6320,4,0
20190115,0256,2.6320,2.6320,2.6320,2.6320,33,0
20190115,0257,2.6320,2.6320,2.6320,2.6320,17,0
20190115,0258,2.6320,2.6320,2.6320,2.6320,1,0
20190115,0259,2.6320,2.6320,2.6320,2.6320,9,0
20190115,0300,2.6320,2.6330,2.6320,2.6320,16,0
20190115,0301,2.6320,2.6320,2.6320,2.6320,13,0
20190115,0302,2.6320,2.6320,2.6310,2.6310,1,0
20190115,0303,2.6310,2.6310,2.6310,2.6310,0,0
20190115,0304,2.6310,2.6310,2.6310,2.6310,0,0
20190115,0305,2.6310,2.6320,2.6310,2.6320,1,0
20190115,0306,2.6320,2.6320,2.6320,2.6320,7,0
20190115,0307,2.6320,2.6320,2.6320,2.6320,9,0
20190115,0308,2.6320,2.6320,2.6320,2.6320,9,0
20190115,0309,2.6320,2.6330,2.6320,2.6320,36,0
20190115,0310,2.6320,2.6320,2.6320,2.6320,12,0
20190115,0311,2.6320,2.6320,2.6320,2.6320,16,0
20190115,0312,2.6320,2.6320,2.6320,2.6320,14,0
20190115,0313,2.6320,2.6320,2.6320,2.6320,3,0
20190115,0314,2.6320,2.6320,2.6320,2.6320,9,0
20190115,0315,2.6320,2.6320,2.6310,2.6310,20,0
20190115,0316,2.6310,2.6310,2.6300,2.6310,8,0
20190115,0317,2.6310,2.6310,2.6310,2.6310,3,0
20190115,0318,2.6310,2.6310,2.6300,2.6300,6,0
20190115,0319,2.6300,2.6310,2.6300,2.6310,1,0
20190115,0320,2.6310,2.6310,2.6310,2.6310,0,0
20190115,0321,2.6310,2.6310,2.6300,2.6300,1,0
20190115,0322,2.6300,2.6300,2.6300,2.6300,2,0
20190115,0323,2.6300,2.6300,2.6300,2.6300,6,0
20190115,0324,2.6300,2.6300,2.6300,2.6300,1,0
20190115,0325,2.6300,2.6300,2.6300,2.6300,3,0
20190115,0326,2.6300,2.6300,2.6300,2.6300,15,0
20190115,0327,2.6300,2.6310,2.6300,2.6310,2,0
20190115,0328,2.6300,2.6310,2.6300,2.6310,13,0
20190115,0329,2.6310,2.6310,2.6310,2.6310,4,0
20190115,0330,2.6310,2.6310,2.6310,2.6310,3,0
20190115,0331,2.6310,2.6310,2.6310,2.6310,5,0
20190115,0332,2.6310,2.6310,2.6300,2.6310,42,0
20190115,0333,2.6310,2.6310,2.6310,2.6310,0,0
20190115,0334,2.6310,2.6310,2.6310,2.6310,3,0
20190115,0335,2.6310,2.6310,2.6310,2.6310,2,0
20190115,0336,2.6310,2.6310,2.6310,2.6310,0,0
20190115,0337,2.6310,2.6310,2.6310,2.6310,2,0
20190115,0338,2.6310,2.6310,2.6310,2.6310,8,0
20190115,0339,2.6310,2.6310,2.6310,2.6310,1,0
20190115,0340,2.6310,2.6310,2.6310,2.6310,2,0
20190115,0341,2.6310,2.6310,2.6310,2.6310,0,0
20190115,0342,2.6310,2.6310,2.6310,2.6310,0,0
20190115,0343,2.6310,2.6310,2.6310,2.6310,2,0
20190115,0344,2.6310,2.6310,2.6310,2.6310,0,0
20190115,0345,2.6310,2.6310,2.6310,2.6310,0,0
20190115,0346,2.6310,2.6310,2.6310,2.6310,1,0
20190115,0347,2.6310,2.6310,2.6310,2.6310,3,0
20190115,0348,2.6310,2.6310,2.6310,2.6310,18,0
20190115,0349,2.6310,2.6320,2.6310,2.6320,1,0
20190115,0350,2.6320,2.6320,2.6310,2.6310,1,0
20190115,0351,2.6320,2.6320,2.6320,2.6320,14,0
20190115,0352,2.6320,2.6320,2.6320,2.6320,2,0
20190115,0353,2.6320,2.6320,2.6320,2.6320,3,0
20190115,0354,2.6320,2.6320,2.6310,2.6310,35,0
20190115,0355,2.6310,2.6310,2.6310,2.6310,0,0
20190115,0356,2.6310,2.6310,2.6310,2.6310,7,0
20190115,0357,2.6310,2.6320,2.6310,2.6320,2,0
20190115,0358,2.6320,2.6320,2.6320,2.6320,0,0
20190115,0359,2.6320,2.6320,2.6310,2.6310,10,0
20190115,0400,2.6310,2.6310,2.6300,2.6300,2,0
20190115,0401,2.6300,2.6300,2.6300,2.6300,7,0
20190115,0402,2.6300,2.6300,2.6300,2.6300,16,0
20190115,0403,2.6300,2.6300,2.6300,2.6300,3,0
20190115,0404,2.6300,2.6310,2.6300,2.6300,4,0
20190115,0405,2.6300,2.6300,2.6300,2.6300,0,0
20190115,0406,2.6300,2.6300,2.6300,2.6300,0,0
20190115,0407,2.6300,2.6300,2.6300,2.6300,1,0
20190115,0408,2.6300,2.6310,2.6300,2.6300,23,0
20190115,0409,2.6300,2.6300,2.6300,2.6300,1,0
20190115,0410,2.6300,2.6300,2.6300,2.6300,1,0
20190115,0411,2.6300,2.6310,2.6300,2.6310,20,0
20190115,0412,2.6310,2.6320,2.6310,2.6320,7,0
20190115,0413,2.6320,2.6320,2.6300,2.6300,33,0
20190115,0414,2.6300,2.6310,2.6300,2.6310,5,0
20190115,0415,2.6310,2.6310,2.6310,2.6310,0,0
20190115,0416,2.6310,2.6310,2.6300,2.6310,16,0
20190115,0417,2.6310,2.6310,2.6310,2.6310,7,0
20190115,0418,2.6310,2.6310,2.6310,2.6310,0,0
20190115,0419,2.6310,2.6310,2.6310,2.6310,0,0
20190115,0420,2.6310,2.6310,2.6310,2.6310,0,0
20190115,0421,2.6310,2.6310,2.6310,2.6310,0,0
20190115,0422,2.6310,2.6310,2.6310,2.6310,0,0
20190115,0423,2.6310,2.6310,2.6310,2.6310,2,0
20190115,0424,2.6310,2.6310,2.6310,2.6310,0,0
20190115,0425,2.6310,2.6310,2.6310,2.6310,1,0
20190115,0426,2.6310,2.6310,2.6310,2.6310,1,0
20190115,0427,2.6310,2.6310,2.6300,2.6300,3,0
20190115,0428,2.6300,2.6300,2.6300,2.6300,0,0
20190115,0429,2.6300,2.6300,2.6300,2.6300,19,0
20190115,0430,2.6300,2.6310,2.6300,2.6310,18,0
20190115,0431,2.6310,2.6310,2.6310,2.6310,11,0
20190115,0432,2.6310,2.6310,2.6310,2.6310,15,0
20190115,0433,2.6300,2.6310,2.6300,2.6310,33,0
20190115,0434,2.6310,2.6310,2.6310,2.6310,0,0
20190115,0435,2.6310,2.6310,2.6310,2.6310,0,0
20190115,0436,2.6310,2.6310,2.6310,2.6310,6,0
20190115,0437,2.6310,2.6310,2.6310,2.6310,1,0
20190115,0438,2.6310,2.6310,2.6300,2.6300,52,0
20190115,0439,2.6300,2.6300,2.6300,2.6300,0,0
20190115,0440,2.6300,2.6300,2.6300,2.6300,1,0
20190115,0441,2.6300,2.6310,2.6300,2.6310,4,0
20190115,0442,2.6310,2.6310,2.6310,2.6310,2,0
20190115,0443,2.6310,2.6310,2.6310,2.6310,25,0
20190115,0444,2.6310,2.6310,2.6310,2.6310,3,0
20190115,0445,2.6310,2.6320,2.6310,2.6310,24,0
20190115,0446,2.6310,2.6310,2.6310,2.6310,8,0
20190115,0447,2.6310,2.6310,2.6300,2.6300,3,0
20190115,0448,2.6300,2.6310,2.6300,2.6310,2,0
20190115,0449,2.6300,2.6310,2.6300,2.6310,10,0
20190115,0450,2.6310,2.6310,2.6310,2.6310,30,0
20190115,0451,2.6310,2.6310,2.6310,2.6310,5,0
20190115,0452,2.6310,2.6310,2.6310,2.6310,72,0
20190115,0453,2.6310,2.6310,2.6310,2.6310,3,0
20190115,0454,2.6310,2.6310,2.6310,2.6310,0,0
20190115,0455,2.6310,2.6310,2.6310,2.6310,30,0
20190115,0456,2.6310,2.6320,2.6310,2.6320,5,0
20190115,0457,2.6310,2.6320,2.6310,2.6310,9,0
20190115,0458,2.6310,2.6320,2.6310,2.6320,12,0
20190115,0459,2.6320,2.6320,2.6310,2.6310,16,0
20190115,0500,2.6310,2.6320,2.6310,2.6320,21,0
20190115,0501,2.6320,2.6320,2.6320,2.6320,27,0
20190115,0502,2.6320,2.6320,2.6320,2.6320,0,0
20190115,0503,2.6320,2.6320,2.6320,2.6320,1,0
20190115,0504,2.6320,2.6320,2.6310,2.6320,21,0
20190115,0505,2.6320,2.6320,2.6320,2.6320,3,0
20190115,0506,2.6320,2.6330,2.6320,2.6320,40,0
20190115,0507,2.6320,2.6330,2.6320,2.6330,8,0
20190115,0508,2.6330,2.6330,2.6320,2.6330,6,0
20190115,0509,2.6330,2.6330,2.6320,2.6320,2,0
20190115,0510,2.6320,2.6330,2.6320,2.6330,1,0
20190115,0511,2.6330,2.6330,2.6330,2.6330,5,0
20190115,0512,2.6330,2.6330,2.6320,2.6320,5,0
20190115,0513,2.6320,2.6320,2.6320,2.6320,5,0
20190115,0514,2.6320,2.6320,2.6320,2.6320,0,0
20190115,0515,2.6320,2.6320,2.6320,2.6320,4,0
20190115,0516,2.6320,2.6320,2.6320,2.6320,1,0
20190115,0517,2.6330,2.6330,2.6320,2.6320,10,0
20190115,0518,2.6320,2.6320,2.6320,2.6320,0,0
20190115,0519,2.6320,2.6320,2.6320,2.6320,1,0
20190115,0520,2.6320,2.6320,2.6320,2.6320,0,0
20190115,0521,2.6320,2.6320,2.6320,2.6320,1,0
20190115,0522,2.6320,2.6330,2.6320,2.6330,3,0
20190115,0523,2.6330,2.6330,2.6320,2.6320,1,0
20190115,0524,2.6320,2.6320,2.6320,2.6320,1,0
20190115,0525,2.6320,2.6320,2.6320,2.6320,2,0
20190115,0526,2.6320,2.6320,2.6320,2.6320,0,0
20190115,0527,2.6320,2.6320,2.6320,2.6320,0,0
20190115,0528,2.6320,2.6320,2.6320,2.6320,7,0
20190115,0529,2.6320,2.6320,2.6310,2.6310,23,0
20190115,0530,2.6320,2.6320,2.6310,2.6310,68,0
20190115,0531,2.6320,2.6320,2.6310,2.6310,7,0
20190115,0532,2.6310,2.6310,2.6310,2.6310,12,0
20190115,0533,2.6310,2.6310,2.6310,2.6310,11,0
20190115,0534,2.6310,2.6310,2.6300,2.6300,6,0
20190115,0535,2.6300,2.6310,2.6300,2.6310,5,0
20190115,0536,2.6310,2.6310,2.6310,2.6310,0,0
20190115,0537,2.6310,2.6310,2.6310,2.6310,0,0
20190115,0538,2.6310,2.6310,2.6310,2.6310,0,0
20190115,0539,2.6310,2.6310,2.6300,2.6300,4,0
20190115,0540,2.6300,2.6300,2.6300,2.6300,0,0
20190115,0541,2.6300,2.6300,2.6300,2.6300,0,0
20190115,0542,2.6300,2.6300,2.6300,2.6300,0,0
20190115,0543,2.6310,2.6310,2.6310,2.6310,8,0
20190115,0544,2.6310,2.6310,2.6310,2.6310,0,0
20190115,0545,2.6310,2.6310,2.6300,2.6310,9,0
20190115,0546,2.6310,2.6310,2.6300,2.6310,6,0
20190115,0547,2.6310,2.6310,2.6300,2.6300,2,0
20190115,0548,2.6310,2.6310,2.6310,2.6310,3,0
20190115,0549,2.6310,2.6310,2.6300,2.6300,8,0
20190115,0550,2.6300,2.6310,2.6300,2.6310,33,0
20190115,0551,2.6310,2.6310,2.6300,2.6300,1,0
20190115,0552,2.6300,2.6300,2.6300,2.6300,0,0
20190115,0553,2.6300,2.6300,2.6300,2.6300,0,0
20190115,0554,2.6300,2.6300,2.6300,2.6300,5,0
20190115,0555,2.6310,2.6310,2.6310,2.6310,5,0
20190115,0556,2.6310,2.6310,2.6310,2.6310,5,0
20190115,0557,2.6310,2.6310,2.6300,2.6300,10,0
20190115,0558,2.6300,2.6310,2.6300,2.6310,9,0
20190115,0559,2.6310,2.6310,2.6300,2.6300,8,0
20190115,0605,2.6300,2.6300,2.6300,2.6300,0,0
20190115,0700,2.6300,2.6300,2.6300,2.6300,27,0
20190115,0701,2.6300,2.6310,2.6300,2.6310,19,0
20190115,0702,2.6310,2.6320,2.6310,2.6320,4,0
20190115,0703,2.6320,2.6320,2.6320,2.6320,0,0
20190115,0704,2.6320,2.6320,2.6320,2.6320,1,0
20190115,0705,2.6320,2.6320,2.6320,2.6320,2,0
20190115,0707,2.6320,2.6320,2.6320,2.6320,0,0
20190115,0708,2.6320,2.6320,2.6310,2.6310,6,0
20190115,0709,2.6310,2.6310,2.6310,2.6310,6,0
20190115,0710,2.6320,2.6320,2.6320,2.6320,15,0
20190115,0711,2.6320,2.6320,2.6320,2.6320,8,0
20190115,0712,2.6320,2.6320,2.6320,2.6320,5,0
20190115,0713,2.6320,2.6320,2.6320,2.6320,0,0
20190115,0714,2.6320,2.6320,2.6320,2.6320,5,0
20190115,0715,2.6320,2.6320,2.6320,2.6320,6,0
20190115,0716,2.6320,2.6320,2.6320,2.6320,0,0
20190115,0717,2.6320,2.6320,2.6310,2.6310,11,0
20190115,0718,2.6310,2.6310,2.6310,2.6310,1,0
20190115,0719,2.6310,2.6320,2.6310,2.6320,5,0
20190115,0720,2.6320,2.6320,2.6320,2.6320,2,0
20190115,0721,2.6320,2.6320,2.6320,2.6320,1,0
20190115,0722,2.6320,2.6320,2.6320,2.6320,0,0
20190115,0723,2.6320,2.6320,2.6310,2.6320,10,0
20190115,0724,2.6320,2.6320,2.6320,2.6320,1,0
20190115,0725,2.6310,2.6310,2.6310,2.6310,5,0
20190115,0726,2.6310,2.6320,2.6310,2.6320,3,0
20190115,0727,2.6320,2.6320,2.6320,2.6320,0,0
20190115,0728,2.6320,2.6320,2.6320,2.6320,1,0
20190115,0729,2.6320,2.6320,2.6320,2.6320,1,0
20190115,0730,2.6320,2.6320,2.6320,2.6320,3,0
20190115,0731,2.6320,2.6320,2.6320,2.6320,2,0
20190115,0732,2.6310,2.6320,2.6310,2.6310,4,0
20190115,0733,2.6310,2.6320,2.6310,2.6310,3,0
20190115,0734,2.6310,2.6310,2.6310,2.6310,4,0
20190115,0735,2.6310,2.6310,2.6310,2.6310,1,0
20190115,0736,2.6310,2.6320,2.6310,2.6320,2,0
20190115,0737,2.6310,2.6310,2.6310,2.6310,2,0
20190115,0738,2.6310,2.6310,2.6310,2.6310,1,0
20190115,0739,2.6310,2.6310,2.6310,2.6310,2,0
20190115,0740,2.6310,2.6320,2.6310,2.6320,1,0
20190115,0741,2.6310,2.6320,2.6310,2.6320,4,0
20190115,0742,2.6320,2.6320,2.6320,2.6320,4,0
20190115,0743,2.6320,2.6320,2.6320,2.6320,3,0
20190115,0744,2.6320,2.6320,2.6320,2.6320,1,0
20190115,0745,2.6320,2.6320,2.6320,2.6320,0,0
20190115,0746,2.6320,2.6320,2.6320,2.6320,0,0
20190115,0747,2.6320,2.6330,2.6320,2.6320,23,0
20190115,0748,2.6320,2.6320,2.6320,2.6320,2,0
20190115,0749,2.6320,2.6320,2.6320,2.6320,2,0
20190115,0750,2.6320,2.6330,2.6320,2.6330,10,0
20190115,0751,2.6330,2.6330,2.6330,2.6330,4,0
20190115,0752,2.6330,2.6330,2.6320,2.6330,7,0
20190115,0753,2.6330,2.6330,2.6330,2.6330,0,0
20190115,0754,2.6330,2.6330,2.6330,2.6330,1,0
20190115,0755,2.6330,2.6330,2.6320,2.6320,2,0
20190115,0756,2.6320,2.6320,2.6320,2.6320,5,0
20190115,0757,2.6320,2.6320,2.6320,2.6320,2,0
20190115,0758,2.6320,2.6320,2.6320,2.6320,1,0
20190115,0759,2.6320,2.6320,2.6320,2.6320,0,0
20190115,0800,2.6320,2.6320,2.6320,2.6320,5,0
20190115,0801,2.6320,2.6320,2.6320,2.6320,1,0
20190115,0802,2.6320,2.6320,2.6320,2.6320,6,0
20190115,0803,2.6310,2.6310,2.6310,2.6310,11,0
20190115,0804,2.6310,2.6320,2.6310,2.6320,1,0
20190115,0805,2.6320,2.6330,2.6320,2.6330,14,0
20190115,0806,2.6330,2.6330,2.6330,2.6330,11,0
20190115,0807,2.6330,2.6330,2.6330,2.6330,11,0
20190115,0808,2.6330,2.6330,2.6330,2.6330,0,0
20190115,0809,2.6330,2.6340,2.6330,2.6330,2,0
20190115,0810,2.6330,2.6340,2.6330,2.6330,12,0
20190115,0811,2.6330,2.6330,2.6330,2.6330,7,0
20190115,0812,2.6330,2.6330,2.6330,2.6330,2,0
20190115,0813,2.6330,2.6340,2.6330,2.6340,30,0
20190115,0814,2.6340,2.6350,2.6340,2.6350,20,0
20190115,0815,2.6350,2.6350,2.6340,2.6340,22,0
20190115,0816,2.6340,2.6340,2.6340,2.6340,7,0
20190115,0817,2.6340,2.6340,2.6340,2.6340,13,0
20190115,0818,2.6340,2.6340,2.6330,2.6330,9,0
20190115,0819,2.6330,2.6330,2.6330,2.6330,9,0
20190115,0820,2.6330,2.6330,2.6330,2.6330,5,0
20190115,0821,2.6330,2.6330,2.6330,2.6330,2,0
20190115,0822,2.6330,2.6330,2.6320,2.6320,1,0
20190115,0823,2.6330,2.6330,2.6320,2.6330,3,0
20190115,0824,2.6330,2.6330,2.6330,2.6330,2,0
20190115,0825,2.6330,2.6330,2.6330,2.6330,0,0
20190115,0826,2.6330,2.6330,2.6330,2.6330,8,0
20190115,0827,2.6330,2.6330,2.6330,2.6330,1,0
20190115,0828,2.6330,2.6330,2.6330,2.6330,3,0
20190115,0829,2.6330,2.6330,2.6330,2.6330,2,0
20190115,0830,2.6330,2.6330,2.6330,2.6330,4,0
20190115,0831,2.6330,2.6330,2.6330,2.6330,5,0
20190115,0832,2.6330,2.6330,2.6330,2.6330,4,0
20190115,0833,2.6330,2.6330,2.6330,2.6330,3,0
20190115,0834,2.6330,2.6340,2.6330,2.6340,1,0
20190115,0835,2.6340,2.6340,2.6340,2.6340,1,0
20190115,0836,2.6340,2.6340,2.6330,2.6330,16,0
20190115,0837,2.6330,2.6330,2.6330,2.6330,2,0
20190115,0838,2.6330,2.6340,2.6330,2.6340,4,0
20190115,0839,2.6340,2.6340,2.6340,2.6340,6,0
20190115,0840,2.6340,2.6340,2.6340,2.6340,5,0
20190115,0841,2.6340,2.6340,2.6340,2.6340,16,0
20190115,0842,2.6340,2.6350,2.6340,2.6350,24,0
20190115,0843,2.6350,2.6360,2.6350,2.6360,47,0
20190115,0844,2.6360,2.6370,2.6360,2.6360,30,0
20190115,0845,2.6350,2.6360,2.6350,2.6360,11,0
20190115,0846,2.6360,2.6360,2.6350,2.6350,14,0
20190115,0847,2.6360,2.6360,2.6360,2.6360,22,0
20190115,0848,2.6360,2.6360,2.6350,2.6350,16,0
20190115,0849,2.6350,2.6350,2.6350,2.6350,8,0
20190115,0850,2.6350,2.6350,2.6340,2.6350,9,0
20190115,0851,2.6350,2.6350,2.6340,2.6340,3,0
20190115,0852,2.6340,2.6340,2.6340,2.6340,4,0
20190115,0853,2.6340,2.6350,2.6340,2.6350,5,0
20190115,0854,2.6350,2.6350,2.6350,2.6350,3,0
20190115,0855,2.6350,2.6350,2.6350,2.6350,10,0
20190115,0856,2.6350,2.6350,2.6350,2.6350,9,0
20190115,0857,2.6350,2.6360,2.6350,2.6350,12,0
20190115,0858,2.6350,2.6350,2.6350,2.6350,8,0
20190115,0859,2.6350,2.6350,2.6350,2.6350,8,0
20190115,0900,2.6350,2.6350,2.6340,2.6350,64,0
20190115,0901,2.6350,2.6350,2.6340,2.6340,25,0
20190115,0902,2.6340,2.6370,2.6340,2.6360,59,0
20190115,0903,2.6360,2.6360,2.6360,2.6360,14,0
20190115,0904,2.6360,2.6360,2.6360,2.6360,22,0
20190115,0905,2.6360,2.6360,2.6350,2.6360,28,0
20190115,0906,2.6360,2.6360,2.6360,2.6360,28,0
20190115,0907,2.6360,2.6370,2.6360,2.6360,48,0
20190115,0908,2.6360,2.6370,2.6360,2.6370,28,0
20190115,0909,2.6370,2.6380,2.6370,2.6380,19,0
20190115,0910,2.6370,2.6380,2.6370,2.6370,28,0
20190115,0911,2.6370,2.6400,2.6370,2.6400,138,0
20190115,0912,2.6400,2.6400,2.6390,2.6390,121,0
20190115,0913,2.6390,2.6390,2.6390,2.6390,83,0
20190115,0914,2.6390,2.6390,2.6390,2.6390,19,0
20190115,0915,2.6390,2.6400,2.6390,2.6390,82,0
20190115,0916,2.6390,2.6390,2.6380,2.6380,71,0
20190115,0917,2.6380,2.6380,2.6370,2.6380,11,0
20190115,0918,2.6380,2.6380,2.6360,2.6370,33,0
20190115,0919,2.6370,2.6380,2.6360,2.6370,46,0
20190115,0920,2.6370,2.6380,2.6370,2.6380,20,0
20190115,0921,2.6380,2.6380,2.6370,2.6370,6,0
20190115,0922,2.6370,2.6380,2.6370,2.6380,67,0
20190115,0923,2.6380,2.6390,2.6380,2.6390,20,0
20190115,0924,2.6390,2.6390,2.6380,2.6380,15,0
20190115,0925,2.6380,2.6380,2.6380,2.6380,18,0
20190115,0926,2.6380,2.6390,2.6380,2.6390,8,0
20190115,0927,2.6390,2.6400,2.6390,2.6400,26,0
20190115,0928,2.6400,2.6400,2.6400,2.6400,32,0
20190115,0929,2.6400,2.6400,2.6390,2.6400,8,0
20190115,0930,2.6400,2.6410,2.6390,2.6410,33,0
20190115,0931,2.6410,2.6410,2.6400,2.6400,31,0
20190115,0932,2.6400,2.6400,2.6390,2.6390,36,0
20190115,0933,2.6390,2.6390,2.6380,2.6390,12,0
20190115,0934,2.6390,2.6390,2.6390,2.6390,32,0
20190115,0935,2.6390,2.6410,2.6390,2.6400,24,0
20190115,0936,2.6400,2.6430,2.6400,2.6430,118,0
20190115,0937,2.6430,2.6430,2.6430,2.6430,78,0
20190115,0938,2.6430,2.6430,2.6420,2.6430,81,0
20190115,0939,2.6430,2.6440,2.6430,2.6430,74,0
20190115,0940,2.6430,2.6440,2.6430,2.6440,60,0
20190115,0941,2.6440,2.6450,2.6440,2.6450,53,0
20190115,0942,2.6450,2.6460,2.6450,2.6460,111,0
20190115,0943,2.6460,2.6460,2.6460,2.6460,32,0
20190115,0944,2.6460,2.6480,2.6460,2.6480,73,0
20190115,0945,2.6480,2.6480,2.6460,2.6460,82,0
20190115,0946,2.6460,2.6470,2.6460,2.6460,57,0
20190115,0947,2.6460,2.6460,2.6460,2.6460,51,0
20190115,0948,2.6460,2.6460,2.6450,2.6460,76,0
20190115,0949,2.6460,2.6460,2.6460,2.6460,25,0
20190115,0950,2.6460,2.6460,2.6450,2.6450,18,0
20190115,0951,2.6450,2.6460,2.6450,2.6450,18,0
20190115,0952,2.6450,2.6460,2.6450,2.6450,24,0
20190115,0953,2.6450,2.6450,2.6440,2.6450,39,0
20190115,0954,2.6450,2.6450,2.6430,2.6430,33,0
20190115,0955,2.6430,2.6440,2.6430,2.6430,24,0
20190115,0956,2.6430,2.6440,2.6430,2.6430,26,0
20190115,0957,2.6430,2.6440,2.6430,2.6440,3,0
20190115,0958,2.6440,2.6440,2.6420,2.6430,33,0
20190115,0959,2.6430,2.6430,2.6420,2.6430,47,0
20190115,1000,2.6430,2.6440,2.6430,2.6440,30,0
20190115,1001,2.6440,2.6440,2.6430,2.6430,41,0
20190115,1002,2.6440,2.6450,2.6440,2.6440,12,0
20190115,1003,2.6440,2.6440,2.6440,2.6440,24,0
20190115,1004,2.6440,2.6450,2.6440,2.6450,7,0
20190115,1005,2.6450,2.6450,2.6450,2.6450,21,0
20190115,1006,2.6450,2.6460,2.6450,2.6460,14,0
20190115,1007,2.6460,2.6460,2.6450,2.6460,60,0
20190115,1008,2.6460,2.6470,2.6450,2.6450,28,0
20190115,1009,2.6450,2.6460,2.6450,2.6460,12,0
20190115,1010,2.6460,2.6460,2.6460,2.6460,29,0
20190115,1011,2.6460,2.6460,2.6450,2.6460,39,0
20190115,1012,2.6460,2.6460,2.6450,2.6450,37,0
20190115,1013,2.6450,2.6460,2.6450,2.6460,24,0
20190115,1014,2.6460,2.6460,2.6460,2.6460,53,0
20190115,1015,2.6460,2.6460,2.6460,2.6460,6,0
20190115,1016,2.6460,2.6460,2.6460,2.6460,0,0
20190115,1017,2.6460,2.6460,2.6460,2.6460,3,0
20190115,1018,2.6460,2.6470,2.6460,2.6460,32,0
20190115,1019,2.6460,2.6460,2.6460,2.6460,4,0
20190115,1020,2.6460,2.6480,2.6460,2.6460,51,0
20190115,1021,2.6460,2.6470,2.6460,2.6460,21,0
20190115,1022,2.6460,2.6460,2.6450,2.6460,19,0
20190115,1023,2.6460,2.6460,2.6460,2.6460,15,0
20190115,1024,2.6460,2.6460,2.6450,2.6450,12,0
20190115,1025,2.6450,2.6460,2.6450,2.6460,12,0
20190115,1026,2.6460,2.6460,2.6440,2.6450,60,0
20190115,1027,2.6450,2.6460,2.6450,2.6450,25,0
20190115,1028,2.6450,2.6450,2.6440,2.6450,33,0
20190115,1029,2.6440,2.6450,2.6440,2.6450,16,0
20190115,1030,2.6450,2.6450,2.6440,2.6440,45,0
20190115,1031,2.6440,2.6450,2.6440,2.6450,91,0
20190115,1032,2.6450,2.6460,2.6450,2.6460,50,0
20190115,1033,2.6460,2.6470,2.6460,2.6460,66,0
20190115,1034,2.6460,2.6460,2.6450,2.6450,35,0
20190115,1035,2.6450,2.6450,2.6440,2.6450,36,0
20190115,1036,2.6450,2.6460,2.6440,2.6450,73,0
20190115,1037,2.6450,2.6450,2.6440,2.6440,47,0
20190115,1038,2.6440,2.6450,2.6430,2.6430,56,0
20190115,1039,2.6430,2.6440,2.6430,2.6440,77,0
20190115,1040,2.6440,2.6450,2.6440,2.6440,34,0
20190115,1041,2.6440,2.6440,2.6430,2.6430,30,0
20190115,1042,2.6430,2.6440,2.6430,2.6430,33,0
20190115,1043,2.6430,2.6440,2.6430,2.6430,10,0
20190115,1044,2.6430,2.6440,2.6430,2.6440,47,0
20190115,1045,2.6440,2.6440,2.6430,2.6430,20,0
20190115,1046,2.6430,2.6440,2.6430,2.6430,98,0
20190115,1047,2.6430,2.6440,2.6430,2.6440,46,0
20190115,1048,2.6440,2.6460,2.6440,2.6450,26,0
20190115,1049,2.6450,2.6460,2.6450,2.6450,32,0
20190115,1050,2.6450,2.6450,2.6440,2.6440,15,0
20190115,1051,2.6440,2.6450,2.6440,2.6440,35,0
20190115,1052,2.6440,2.6450,2.6440,2.6440,20,0
20190115,1053,2.6440,2.6470,2.6440,2.6460,114,0
20190115,1054,2.6460,2.6470,2.6460,2.6470,23,0
20190115,1055,2.6470,2.6470,2.6450,2.6460,15,0
20190115,1056,2.6460,2.6460,2.6450,2.6460,34,0
20190115,1057,2.6460,2.6460,2.6450,2.6450,28,0
20190115,1058,2.6450,2.6450,2.6450,2.6450,21,0
20190115,1059,2.6450,2.6450,2.6440,2.6450,33,0
20190115,1100,2.6460,2.6460,2.6450,2.6450,42,0
20190115,1101,2.6450,2.6470,2.6450,2.6470,36,0
20190115,1102,2.6460,2.6470,2.6460,2.6460,86,0
20190115,1103,2.6460,2.6480,2.6460,2.6480,101,0
20190115,1104,2.6480,2.6480,2.6470,2.6480,132,0
20190115,1105,2.6480,2.6480,2.6480,2.6480,88,0
20190115,1106,2.6480,2.6480,2.6470,2.6480,47,0
20190115,1107,2.6480,2.6480,2.6470,2.6470,36,0
20190115,1108,2.6470,2.6480,2.6470,2.6480,20,0
20190115,1109,2.6480,2.6490,2.6480,2.6490,41,0
20190115,1110,2.6490,2.6500,2.6490,2.6490,265,0
20190115,1111,2.6510,2.6510,2.6500,2.6500,166,0
20190115,1112,2.6500,2.6500,2.6490,2.6500,64,0
20190115,1113,2.6500,2.6520,2.6500,2.6510,121,0
20190115,1114,2.6510,2.6520,2.6510,2.6520,55,0
20190115,1115,2.6510,2.6520,2.6500,2.6500,44,0
20190115,1116,2.6500,2.6510,2.6500,2.6500,27,0
20190115,1117,2.6500,2.6500,2.6500,2.6500,22,0
20190115,1118,2.6500,2.6500,2.6490,2.6500,24,0
20190115,1119,2.6500,2.6500,2.6490,2.6500,42,0
20190115,1120,2.6500,2.6510,2.6500,2.6500,32,0
20190115,1121,2.6490,2.6500,2.6490,2.6500,30,0
20190115,1122,2.6500,2.6500,2.6490,2.6500,51,0
20190115,1123,2.6500,2.6500,2.6490,2.6490,14,0
20190115,1124,2.6490,2.6500,2.6490,2.6500,23,0
20190115,1125,2.6500,2.6500,2.6490,2.6490,15,0
20190115,1126,2.6490,2.6500,2.6490,2.6500,21,0
20190115,1127,2.6500,2.6510,2.6500,2.6510,22,0
20190115,1128,2.6510,2.6510,2.6500,2.6510,28,0
20190115,1129,2.6510,2.6510,2.6500,2.6500,12,0
20190115,1130,2.6500,2.6500,2.6490,2.6490,26,0
20190115,1131,2.6490,2.6500,2.6490,2.6500,20,0
20190115,1132,2.6500,2.6510,2.6500,2.6500,15,0
20190115,1133,2.6500,2.6510,2.6500,2.6510,2,0
20190115,1134,2.6510,2.6510,2.6500,2.6510,26,0
20190115,1135,2.6500,2.6500,2.6500,2.6500,24,0
20190115,1136,2.6500,2.6500,2.6500,2.6500,14,0
20190115,1137,2.6500,2.6500,2.6490,2.6500,9,0
20190115,1138,2.6500,2.6500,2.6500,2.6500,24,0
20190115,1139,2.6500,2.6500,2.6490,2.6490,6,0
20190115,1140,2.6490,2.6490,2.6490,2.6490,24,0
20190115,1141,2.6490,2.6500,2.6490,2.6500,9,0
20190115,1142,2.6500,2.6500,2.6490,2.6500,24,0
20190115,1143,2.6500,2.6500,2.6500,2.6500,7,0
20190115,1144,2.6500,2.6500,2.6500,2.6500,4,0
20190115,1145,2.6500,2.6500,2.6500,2.6500,16,0
20190115,1146,2.6500,2.6500,2.6490,2.6500,26,0
20190115,1147,2.6500,2.6500,2.6490,2.6490,29,0
20190115,1148,2.6490,2.6490,2.6490,2.6490,8,0
20190115,1149,2.6490,2.6490,2.6490,2.6490,5,0
20190115,1150,2.6490,2.6500,2.6490,2.6500,9,0
20190115,1151,2.6500,2.6500,2.6500,2.6500,7,0
20190115,1152,2.6500,2.6500,2.6490,2.6490,4,0
20190115,1153,2.6490,2.6490,2.6480,2.6490,22,0
20190115,1154,2.6490,2.6490,2.6490,2.6490,5,0
20190115,1155,2.6490,2.6490,2.6490,2.6490,6,0
20190115,1156,2.6490,2.6500,2.6490,2.6490,12,0
20190115,1157,2.6490,2.6500,2.6490,2.6500,27,0
20190115,1158,2.6500,2.6500,2.6500,2.6500,29,0
20190115,1159,2.6500,2.6500,2.6490,2.6500,9,0
20190115,1200,2.6500,2.6500,2.6500,2.6500,8,0
20190115,1201,2.6500,2.6500,2.6500,2.6500,11,0
20190115,1202,2.6500,2.6500,2.6500,2.6500,6,0
20190115,1203,2.6500,2.6500,2.6500,2.6500,7,0
20190115,1204,2.6500,2.6510,2.6500,2.6500,28,0
20190115,1205,2.6500,2.6500,2.6490,2.6490,4,0
20190115,1206,2.6490,2.6500,2.6490,2.6500,5,0
20190115,1207,2.6500,2.6500,2.6490,2.6490,7,0
20190115,1208,2.6490,2.6490,2.6490,2.6490,13,0
20190115,1209,2.6490,2.6490,2.6480,2.6480,15,0
20190115,1210,2.6480,2.6490,2.6480,2.6480,12,0
20190115,1211,2.6480,2.6480,2.6480,2.6480,11,0
20190115,1212,2.6480,2.6490,2.6480,2.6480,5,0
20190115,1213,2.6480,2.6490,2.6480,2.6490,4,0
20190115,1214,2.6490,2.6490,2.6490,2.6490,42,0
20190115,1215,2.6490,2.6500,2.6490,2.6490,3,0
20190115,1216,2.6490,2.6490,2.6490,2.6490,9,0
20190115,1217,2.6490,2.6490,2.6490,2.6490,5,0
20190115,1218,2.6490,2.6500,2.6490,2.6490,21,0
20190115,1219,2.6490,2.6500,2.6490,2.6500,5,0
20190115,1220,2.6500,2.6500,2.6500,2.6500,6,0
20190115,1221,2.6500,2.6500,2.6500,2.6500,0,0
20190115,1222,2.6500,2.6500,2.6500,2.6500,0,0
20190115,1223,2.6500,2.6500,2.6500,2.6500,2,0
20190115,1224,2.6500,2.6500,2.6490,2.6490,2,0
20190115,1225,2.6490,2.6500,2.6490,2.6500,3,0
20190115,1226,2.6500,2.6500,2.6490,2.6500,10,0
20190115,1227,2.6500,2.6510,2.6500,2.6510,12,0
20190115,1228,2.6510,2.6510,2.6510,2.6510,19,0
20190115,1229,2.6510,2.6510,2.6500,2.6500,28,0
20190115,1230,2.6500,2.6500,2.6500,2.6500,22,0
20190115,1231,2.6500,2.6510,2.6500,2.6510,12,0
20190115,1232,2.6510,2.6510,2.6510,2.6510,15,0
20190115,1233,2.6510,2.6510,2.6510,2.6510,28,0
20190115,1234,2.6500,2.6510,2.6500,2.6500,4,0
20190115,1235,2.6500,2.6510,2.6500,2.6510,2,0
20190115,1236,2.6510,2.6510,2.6500,2.6510,13,0
20190115,1237,2.6510,2.6510,2.6500,2.6500,1,0
20190115,1238,2.6500,2.6500,2.6500,2.6500,2,0
20190115,1239,2.6500,2.6500,2.6500,2.6500,7,0
20190115,1240,2.6500,2.6510,2.6500,2.6510,27,0
20190115,1241,2.6510,2.6510,2.6510,2.6510,13,0
20190115,1242,2.6510,2.6510,2.6510,2.6510,8,0
20190115,1243,2.6510,2.6510,2.6500,2.6500,2,0
20190115,1244,2.6510,2.6510,2.6510,2.6510,2,0
20190115,1245,2.6510,2.6510,2.6500,2.6510,13,0
20190115,1246,2.6510,2.6510,2.6500,2.6500,7,0
20190115,1247,2.6500,2.6510,2.6500,2.6500,5,0
20190115,1248,2.6500,2.6510,2.6500,2.6510,8,0
20190115,1249,2.6510,2.6510,2.6500,2.6510,2,0
20190115,1250,2.6510,2.6510,2.6500,2.6500,11,0
20190115,1251,2.6500,2.6500,2.6500,2.6500,25,0
20190115,1252,2.6500,2.6500,2.6500,2.6500,13,0
20190115,1253,2.6500,2.6510,2.6500,2.6510,15,0
20190115,1254,2.6510,2.6510,2.6510,2.6510,6,0
20190115,1255,2.6510,2.6510,2.6510,2.6510,7,0
20190115,1256,2.6510,2.6510,2.6500,2.6500,13,0
20190115,1257,2.6500,2.6510,2.6500,2.6510,12,0
20190115,1258,2.6500,2.6510,2.6500,2.6500,15,0
20190115,1259,2.6510,2.6510,2.6510,2.6510,1,0
20190115,1300,2.6510,2.6510,2.6490,2.6500,19,0
20190115,1301,2.6500,2.6500,2.6490,2.6500,17,0
20190115,1302,2.6500,2.6500,2.6500,2.6500,8,0
20190115,1303,2.6500,2.6500,2.6500,2.6500,5,0
20190115,1304,2.6500,2.6510,2.6500,2.6510,13,0
20190115,1305,2.6510,2.6510,2.6510,2.6510,7,0
20190115,1306,2.6510,2.6510,2.6500,2.6500,11,0
20190115,1307,2.6500,2.6500,2.6490,2.6490,16,0
20190115,1308,2.6490,2.6500,2.6490,2.6500,5,0
20190115,1309,2.6500,2.6500,2.6490,2.6490,14,0
20190115,1310,2.6490,2.6500,2.6490,2.6500,8,0
20190115,1311,2.6500,2.6500,2.6500,2.6500,3,0
20190115,1312,2.6490,2.6500,2.6490,2.6490,6,0
20190115,1313,2.6500,2.6500,2.6500,2.6500,14,0
20190115,1314,2.6500,2.6500,2.6500,2.6500,1,0
20190115,1315,2.6500,2.6510,2.6500,2.6510,24,0
20190115,1316,2.6510,2.6510,2.6510,2.6510,14,0
20190115,1317,2.6510,2.6520,2.6510,2.6520,28,0
20190115,1318,2.6520,2.6520,2.6510,2.6510,22,0
20190115,1319,2.6510,2.6520,2.6510,2.6510,5,0
20190115,1320,2.6510,2.6510,2.6510,2.6510,5,0
20190115,1321,2.6510,2.6510,2.6510,2.6510,8,0
20190115,1322,2.6520,2.6520,2.6500,2.6510,16,0
20190115,1323,2.6510,2.6510,2.6510,2.6510,26,0
20190115,1324,2.6510,2.6510,2.6510,2.6510,3,0
20190115,1325,2.6500,2.6510,2.6500,2.6510,3,0
20190115,1326,2.6510,2.6510,2.6510,2.6510,14,0
20190115,1327,2.6510,2.6510,2.6510,2.6510,0,0
20190115,1328,2.6510,2.6510,2.6500,2.6500,10,0
20190115,1329,2.6500,2.6510,2.6500,2.6510,15,0
20190115,1330,2.6510,2.6510,2.6500,2.6500,56,0
20190115,1331,2.6500,2.6500,2.6500,2.6500,27,0
20190115,1332,2.6500,2.6520,2.6500,2.6520,80,0
20190115,1333,2.6510,2.6520,2.6510,2.6520,14,0
20190115,1334,2.6520,2.6520,2.6510,2.6520,40,0
20190115,1335,2.6520,2.6530,2.6520,2.6520,70,0
20190115,1336,2.6520,2.6530,2.6520,2.6530,79,0
20190115,1337,2.6530,2.6530,2.6520,2.6520,44,0
20190115,1338,2.6520,2.6530,2.6520,2.6530,49,0
20190115,1339,2.6520,2.6520,2.6520,2.6520,37,0
20190115,1340,2.6520,2.6520,2.6520,2.6520,1,0
20190115,1341,2.6520,2.6520,2.6520,2.6520,7,0
20190115,1342,2.6520,2.6520,2.6510,2.6520,39,0
20190115,1343,2.6510,2.6520,2.6510,2.6520,26,0
20190115,1344,2.6520,2.6520,2.6520,2.6520,60,0
20190115,1345,2.6520,2.6520,2.6520,2.6520,60,0
20190115,1346,2.6520,2.6520,2.6520,2.6520,18,0
20190115,1347,2.6520,2.6520,2.6510,2.6510,23,0
20190115,1348,2.6510,2.6510,2.6510,2.6510,4,0
20190115,1349,2.6510,2.6510,2.6510,2.6510,24,0
20190115,1350,2.6510,2.6520,2.6510,2.6510,16,0
20190115,1351,2.6510,2.6520,2.6510,2.6520,42,0
20190115,1352,2.6520,2.6550,2.6520,2.6550,135,0
20190115,1353,2.6550,2.6550,2.6530,2.6540,45,0
20190115,1354,2.6540,2.6540,2.6530,2.6530,4,0
20190115,1355,2.6530,2.6540,2.6530,2.6530,7,0
20190115,1356,2.6530,2.6540,2.6530,2.6540,50,0
20190115,1357,2.6540,2.6540,2.6540,2.6540,40,0
20190115,1358,2.6540,2.6540,2.6540,2.6540,40,0
20190115,1359,2.6540,2.6540,2.6540,2.6540,56,0
20190115,1400,2.6540,2.6540,2.6530,2.6530,39,0
20190115,1401,2.6530,2.6530,2.6530,2.6530,160,0
20190115,1402,2.6530,2.6530,2.6530,2.6530,91,0
20190115,1403,2.6530,2.6530,2.6520,2.6530,41,0
20190115,1404,2.6530,2.6540,2.6530,2.6540,24,0
20190115,1405,2.6540,2.6540,2.6530,2.6530,27,0
20190115,1406,2.6530,2.6530,2.6530,2.6530,4,0
20190115,1407,2.6530,2.6530,2.6520,2.6520,25,0
20190115,1408,2.6520,2.6520,2.6510,2.6510,111,0
20190115,1409,2.6510,2.6510,2.6500,2.6500,36,0
20190115,1410,2.6500,2.6500,2.6490,2.6500,57,0
20190115,1411,2.6500,2.6510,2.6500,2.6510,30,0
20190115,1412,2.6510,2.6510,2.6500,2.6500,16,0
20190115,1413,2.6500,2.6500,2.6500,2.6500,18,0
20190115,1414,2.6500,2.6500,2.6500,2.6500,47,0
20190115,1415,2.6500,2.6500,2.6500,2.6500,56,0
20190115,1416,2.6500,2.6500,2.6500,2.6500,20,0
20190115,1417,2.6500,2.6500,2.6500,2.6500,12,0
20190115,1418,2.6500,2.6500,2.6500,2.6500,28,0
20190115,1419,2.6500,2.6500,2.6500,2.6500,21,0
20190115,1420,2.6500,2.6500,2.6500,2.6500,32,0
20190115,1421,2.6500,2.6500,2.6490,2.6490,41,0
20190115,1422,2.6500,2.6500,2.6490,2.6490,80,0
20190115,1423,2.6490,2.6490,2.6480,2.6480,51,0
20190115,1424,2.6480,2.6490,2.6480,2.6480,44,0
20190115,1425,2.6480,2.6490,2.6480,2.6490,79,0
20190115,1426,2.6490,2.6490,2.6480,2.6490,67,0
20190115,1427,2.6480,2.6490,2.6470,2.6470,186,0
20190115,1428,2.6470,2.6470,2.6460,2.6470,36,0
20190115,1429,2.6460,2.6470,2.6460,2.6470,84,0
20190115,1430,2.6470,2.6470,2.6450,2.6460,91,0
20190115,1431,2.6460,2.6460,2.6450,2.6450,154,0
20190115,1432,2.6450,2.6460,2.6450,2.6460,73,0
20190115,1433,2.6460,2.6460,2.6450,2.6450,35,0
20190115,1434,2.6450,2.6460,2.6450,2.6460,30,0
20190115,1435,2.6460,2.6460,2.6450,2.6450,11,0
20190115,1436,2.6450,2.6460,2.6450,2.6460,23,0
20190115,1437,2.6460,2.6460,2.6460,2.6460,27,0
20190115,1438,2.6460,2.6470,2.6460,2.6470,87,0
20190115,1439,2.6470,2.6470,2.6470,2.6470,91,0
20190115,1440,2.6470,2.6470,2.6460,2.6470,46,0
20190115,1441,2.6470,2.6470,2.6460,2.6470,51,0
20190115,1442,2.6470,2.6480,2.6470,2.6480,40,0
20190115,1443,2.6480,2.6480,2.6460,2.6460,35,0
20190115,1444,2.6460,2.6470,2.6460,2.6470,30,0
20190115,1445,2.6470,2.6480,2.6470,2.6470,23,0
20190115,1446,2.6470,2.6470,2.6470,2.6470,39,0
20190115,1447,2.6470,2.6470,2.6470,2.6470,20,0
20190115,1448,2.6470,2.6470,2.6470,2.6470,19,0
20190115,1449,2.6470,2.6470,2.6470,2.6470,31,0
20190115,1450,2.6470,2.6470,2.6470,2.6470,10,0
20190115,1451,2.6470,2.6470,2.6470,2.6470,29,0
20190115,1452,2.6470,2.6480,2.6470,2.6470,18,0
20190115,1453,2.6470,2.6470,2.6470,2.6470,19,0
20190115,1454,2.6470,2.6470,2.6470,2.6470,5,0
20190115,1455,2.6470,2.6470,2.6470,2.6470,1,0
20190115,1456,2.6470,2.6480,2.6470,2.6480,26,0
20190115,1457,2.6480,2.6490,2.6480,2.6490,32,0
20190115,1458,2.6490,2.6490,2.6480,2.6480,19,0
20190115,1459,2.6480,2.6490,2.6480,2.6490,27,0
20190115,1500,2.6490,2.6490,2.6460,2.6460,44,0
20190115,1501,2.6460,2.6470,2.6460,2.6470,32,0
20190115,1502,2.6470,2.6470,2.6460,2.6460,21,0
20190115,1503,2.6460,2.6470,2.6460,2.6470,7,0
20190115,1504,2.6470,2.6470,2.6470,2.6470,11,0
20190115,1505,2.6470,2.6470,2.6470,2.6470,6,0
20190115,1506,2.6470,2.6480,2.6470,2.6480,22,0
20190115,1507,2.6480,2.6480,2.6460,2.6470,17,0
20190115,1508,2.6470,2.6470,2.6460,2.6470,33,0
20190115,1509,2.6470,2.6480,2.6470,2.6480,10,0
20190115,1510,2.6480,2.6480,2.6480,2.6480,12,0
20190115,1511,2.6480,2.6480,2.6470,2.6480,5,0
20190115,1512,2.6480,2.6490,2.6480,2.6480,24,0
20190115,1513,2.6480,2.6490,2.6480,2.6480,16,0
20190115,1514,2.6480,2.6480,2.6470,2.6470,4,0
20190115,1515,2.6470,2.6470,2.6470,2.6470,5,0
20190115,1516,2.6470,2.6470,2.6460,2.6460,15,0
20190115,1517,2.6460,2.6470,2.6460,2.6470,3,0
20190115,1518,2.6470,2.6470,2.6470,2.6470,9,0
20190115,1519,2.6470,2.6480,2.6470,2.6470,10,0
20190115,1520,2.6470,2.6470,2.6460,2.6460,8,0
20190115,1521,2.6460,2.6460,2.6450,2.6460,13,0
20190115,1522,2.6460,2.6460,2.6460,2.6460,5,0
20190115,1523,2.6460,2.6470,2.6460,2.6470,13,0
20190115,1524,2.6470,2.6480,2.6470,2.6470,12,0
20190115,1525,2.6470,2.6470,2.6470,2.6470,14,0
20190115,1526,2.6470,2.6480,2.6470,2.6470,27,0
20190115,1527,2.6470,2.6470,2.6470,2.6470,45,0
20190115,1528,2.6470,2.6470,2.6460,2.6460,4,0
20190115,1529,2.6460,2.6460,2.6460,2.6460,10,0
20190115,1530,2.6460,2.6460,2.6450,2.6460,9,0
20190115,1531,2.6460,2.6460,2.6450,2.6460,48,0
20190115,1532,2.6460,2.6470,2.6460,2.6470,17,0
20190115,1533,2.6470,2.6470,2.6450,2.6460,41,0
20190115,1534,2.6460,2.6460,2.6450,2.6460,16,0
20190115,1535,2.6450,2.6460,2.6450,2.6460,12,0
20190115,1536,2.6460,2.6460,2.6460,2.6460,13,0
20190115,1537,2.6460,2.6460,2.6460,2.6460,5,0
20190115,1538,2.6460,2.6460,2.6460,2.6460,12,0
20190115,1539,2.6460,2.6460,2.6450,2.6450,14,0
20190115,1540,2.6450,2.6450,2.6450,2.6450,26,0
20190115,1541,2.6450,2.6450,2.6440,2.6450,19,0
20190115,1542,2.6450,2.6450,2.6450,2.6450,5,0
20190115,1543,2.6450,2.6450,2.6440,2.6450,16,0
20190115,1544,2.6450,2.6450,2.6440,2.6450,13,0
20190115,1545,2.6450,2.6460,2.6450,2.6460,11,0
20190115,1546,2.6460,2.6460,2.6460,2.6460,31,0
20190115,1547,2.6460,2.6460,2.6460,2.6460,18,0
20190115,1548,2.6460,2.6460,2.6450,2.6450,5,0
20190115,1549,2.6450,2.6460,2.6450,2.6460,3,0
20190115,1550,2.6460,2.6460,2.6450,2.6450,18,0
20190115,1551,2.6450,2.6450,2.6440,2.6450,30,0
20190115,1552,2.6450,2.6460,2.6450,2.6460,19,0
20190115,1553,2.6460,2.6460,2.6460,2.6460,12,0
20190115,1554,2.6460,2.6460,2.6440,2.6450,16,0
20190115,1555,2.6450,2.6460,2.6450,2.6460,19,0
20190115,1556,2.6460,2.6460,2.6460,2.6460,4,0
20190115,1557,2.6460,2.6460,2.6450,2.6450,10,0
20190115,1558,2.6450,2.6450,2.6440,2.6440,36,0
20190115,1559,2.6440,2.6460,2.6430,2.6450,61,0
20190115,1600,2.6450,2.6480,2.6450,2.6480,226,0
20190115,1601,2.6490,2.6500,2.6480,2.6490,131,0
20190115,1602,2.6490,2.6500,2.6480,2.6490,42,0
20190115,1603,2.6490,2.6490,2.6470,2.6470,50,0
20190115,1604,2.6470,2.6500,2.6470,2.6500,62,0
20190115,1605,2.6500,2.6500,2.6500,2.6500,66,0
20190115,1606,2.6500,2.6520,2.6500,2.6520,101,0
20190115,1607,2.6520,2.6540,2.6510,2.6540,107,0
20190115,1608,2.6540,2.6560,2.6530,2.6550,317,0
20190115,1609,2.6550,2.6560,2.6540,2.6550,100,0
20190115,1610,2.6550,2.6560,2.6520,2.6540,185,0
20190115,1611,2.6540,2.6550,2.6540,2.6540,29,0
20190115,1612,2.6540,2.6540,2.6520,2.6530,364,0
20190115,1613,2.6530,2.6540,2.6530,2.6540,31,0
20190115,1614,2.6540,2.6550,2.6530,2.6530,21,0
20190115,1615,2.6530,2.6540,2.6530,2.6530,52,0
20190115,1616,2.6530,2.6540,2.6530,2.6530,21,0
20190115,1617,2.6530,2.6530,2.6520,2.6520,35,0
20190115,1618,2.6520,2.6530,2.6510,2.6520,42,0
20190115,1619,2.6520,2.6530,2.6520,2.6530,27,0
20190115,1620,2.6530,2.6530,2.6520,2.6520,24,0
20190115,1621,2.6520,2.6530,2.6520,2.6530,63,0
20190115,1622,2.6530,2.6530,2.6520,2.6520,26,0
20190115,1623,2.6520,2.6520,2.6510,2.6510,54,0
20190115,1624,2.6510,2.6510,2.6510,2.6510,31,0
20190115,1625,2.6510,2.6510,2.6500,2.6500,72,0
20190115,1626,2.6490,2.6500,2.6490,2.6500,36,0
20190115,1627,2.6500,2.6500,2.6490,2.6490,66,0
20190115,1628,2.6490,2.6500,2.6490,2.6500,17,0
20190115,1629,2.6500,2.6500,2.6490,2.6490,73,0
20190115,1630,2.6490,2.6500,2.6490,2.6490,29,0
20190115,1631,2.6490,2.6490,2.6480,2.6490,67,0
20190115,1632,2.6490,2.6490,2.6480,2.6490,20,0
20190115,1633,2.6490,2.6490,2.6480,2.6490,23,0
20190115,1634,2.6490,2.6490,2.6490,2.6490,13,0
20190115,1635,2.6490,2.6500,2.6490,2.6500,34,0
20190115,1636,2.6500,2.6500,2.6490,2.6490,33,0
20190115,1637,2.6490,2.6490,2.6490,2.6490,41,0
20190115,1638,2.6490,2.6490,2.6490,2.6490,21,0
20190115,1639,2.6490,2.6500,2.6490,2.6500,25,0
20190115,1640,2.6500,2.6500,2.6490,2.6490,14,0
20190115,1641,2.6490,2.6500,2.6490,2.6500,19,0
20190115,1642,2.6500,2.6500,2.6500,2.6500,11,0
20190115,1643,2.6500,2.6500,2.6490,2.6490,12,0
20190115,1644,2.6490,2.6500,2.6490,2.6500,11,0
20190115,1645,2.6500,2.6500,2.6490,2.6490,19,0
20190115,1646,2.6490,2.6500,2.6490,2.6500,32,0
20190115,1647,2.6500,2.6500,2.6490,2.6490,17,0
20190115,1648,2.6490,2.6490,2.6490,2.6490,6,0
20190115,1649,2.6490,2.6490,2.6480,2.6490,25,0
20190115,1650,2.6490,2.6500,2.6490,2.6490,12,0
20190115,1651,2.6490,2.6490,2.6490,2.6490,9,0
20190115,1652,2.6490,2.6490,2.6490,2.6490,36,0
20190115,1653,2.6490,2.6490,2.6480,2.6480,11,0
20190115,1654,2.6490,2.6490,2.6490,2.6490,21,0
20190115,1655,2.6490,2.6490,2.6480,2.6480,10,0
20190115,1656,2.6480,2.6490,2.6450,2.6470,140,0
20190115,1657,2.6470,2.6470,2.6450,2.6470,104,0
20190115,1658,2.6470,2.6480,2.6470,2.6470,15,0
20190115,1659,2.6470,2.6470,2.6470,2.6470,4,0
20190115,1700,2.6470,2.6480,2.6460,2.6460,81,0
20190115,1701,2.6470,2.6470,2.6460,2.6470,43,0
20190115,1702,2.6470,2.6470,2.6460,2.6460,42,0
20190115,1703,2.6460,2.6460,2.6450,2.6450,140,0
20190115,1704,2.6450,2.6450,2.6430,2.6430,55,0
20190115,1705,2.6430,2.6430,2.6400,2.6400,266,0
20190115,1706,2.6400,2.6420,2.6400,2.6410,119,0
20190115,1707,2.6410,2.6420,2.6410,2.6410,46,0
20190115,2325,2.6480,2.6490,2.6480,2.6480,105,0
20190115,2326,2.6480,2.6480,2.6470,2.6470,40,0
20190115,2327,2.6470,2.6480,2.6470,2.6480,24,0
20190115,2328,2.6480,2.6490,2.6480,2.6480,37,0
20190115,2329,2.6490,2.6490,2.6470,2.6480,161,0
20190115,2330,2.6480,2.6490,2.6470,2.6470,159,0
20190115,2331,2.6470,2.6480,2.6470,2.6480,48,0
20190115,2332,2.6480,2.6480,2.6470,2.6470,43,0
20190115,2333,2.6470,2.6490,2.6470,2.6490,104,0
20190115,2334,2.6490,2.6490,2.6470,2.6480,30,0
20190115,2335,2.6480,2.6490,2.6480,2.6480,61,0
20190115,2336,2.6480,2.6490,2.6480,2.6490,54,0
20190115,2337,2.6490,2.6490,2.6480,2.6490,80,0
20190115,2338,2.6490,2.6510,2.6490,2.6510,75,0
20190115,2339,2.6510,2.6510,2.6500,2.6500,60,0
20190115,2340,2.6500,2.6510,2.6500,2.6510,119,0
20190115,2341,2.6510,2.6510,2.6500,2.6510,102,0
20190115,2342,2.6510,2.6520,2.6510,2.6510,47,0
20190115,2343,2.6510,2.6520,2.6510,2.6510,84,0
20190115,2344,2.6510,2.6520,2.6510,2.6510,57,0
20190115,2345,2.6510,2.6510,2.6510,2.6510,28,0
20190115,2346,2.6510,2.6510,2.6500,2.6500,42,0
20190115,2347,2.6500,2.6510,2.6500,2.6500,25,0
20190115,2348,2.6500,2.6500,2.6490,2.6500,76,0
20190115,2349,2.6500,2.6500,2.6500,2.6500,10,0
20190115,2350,2.6500,2.6500,2.6490,2.6500,38,0
20190115,2351,2.6500,2.6500,2.6500,2.6500,24,0
20190115,2352,2.6500,2.6510,2.6500,2.6510,93,0
20190115,2353,2.6510,2.6520,2.6510,2.6520,39,0
20190115,2354,2.6520,2.6530,2.6520,2.6530,107,0
20190115,2355,2.6530,2.6530,2.6530,2.6530,72,0
20190115,2356,2.6530,2.6530,2.6520,2.6530,217,0
20190115,2357,2.6530,2.6530,2.6520,2.6520,65,0
20190115,2358,2.6520,2.6530,2.6520,2.6530,178,0
20190115,2359,2.6530,2.6540,2.6530,2.6540,69,0
20190116,0000,2.6540,2.6540,2.6530,2.6530,124,0
20190116,0001,2.6530,2.6530,2.6520,2.6530,113,0
20190116,0002,2.6530,2.6540,2.6530,2.6530,92,0
20190116,0003,2.6520,2.6530,2.6520,2.6520,36,0
20190116,0004,2.6520,2.6530,2.6510,2.6510,37,0
20190116,0005,2.6510,2.6520,2.6500,2.6500,104,0
20190116,0006,2.6500,2.6500,2.6480,2.6490,141,0
20190116,0007,2.6490,2.6510,2.6490,2.6500,96,0
20190116,0008,2.6500,2.6500,2.6490,2.6500,55,0
20190116,0009,2.6500,2.6510,2.6500,2.6500,43,0
20190116,0010,2.6500,2.6500,2.6470,2.6480,73,0
20190116,0011,2.6470,2.6480,2.6460,2.6460,136,0
20190116,0012,2.6470,2.6470,2.6460,2.6460,133,0
20190116,0013,2.6460,2.6470,2.6460,2.6470,45,0
20190116,0014,2.6470,2.6470,2.6460,2.6460,51,0
20190116,0015,2.6460,2.6460,2.6450,2.6460,127,0
20190116,0016,2.6460,2.6460,2.6450,2.6460,62,0
20190116,0017,2.6460,2.6460,2.6450,2.6450,47,0
20190116,0018,2.6450,2.6460,2.6450,2.6460,192,0
20190116,0019,2.6460,2.6460,2.6450,2.6460,175,0
20190116,0020,2.6460,2.6460,2.6460,2.6460,160,0
20190116,0021,2.6460,2.6460,2.6460,2.6460,113,0
20190116,0022,2.6460,2.6470,2.6450,2.6450,87,0
20190116,0023,2.6450,2.6450,2.6420,2.6420,297,0
20190116,0024,2.6420,2.6430,2.6420,2.6420,68,0
20190116,0025,2.6420,2.6420,2.6410,2.6420,153,0
20190116,0026,2.6420,2.6420,2.6410,2.6420,56,0
20190116,0027,2.6420,2.6420,2.6420,2.6420,72,0
20190116,0028,2.6420,2.6420,2.6420,2.6420,39,0
20190116,0029,2.6420,2.6420,2.6400,2.6400,276,0
20190116,0030,2.6400,2.6400,2.6380,2.6390,211,0
20190116,0031,2.6390,2.6390,2.6380,2.6390,89,0
20190116,0032,2.6390,2.6390,2.6380,2.6380,144,0
20190116,0033,2.6380,2.6390,2.6380,2.6390,113,0
20190116,0034,2.6390,2.6410,2.6390,2.6410,166,0
20190116,0035,2.6410,2.6420,2.6410,2.6420,153,0
20190116,0036,2.6420,2.6420,2.6410,2.6420,123,0
20190116,0037,2.6420,2.6420,2.6410,2.6420,164,0
20190116,0038,2.6420,2.6420,2.6420,2.6420,89,0
20190116,0039,2.6420,2.6420,2.6410,2.6410,37,0
20190116,0040,2.6410,2.6420,2.6410,2.6410,106,0
20190116,0041,2.6410,2.6420,2.6410,2.6420,50,0
20190116,0042,2.6430,2.6440,2.6430,2.6430,231,0
20190116,0043,2.6430,2.6430,2.6420,2.6420,135,0
20190116,0044,2.6420,2.6420,2.6410,2.6410,81,0
20190116,0045,2.6400,2.6410,2.6400,2.6410,105,0
20190116,0046,2.6400,2.6410,2.6400,2.6410,71,0
20190116,0047,2.6410,2.6420,2.6410,2.6420,45,0
20190116,0048,2.6420,2.6420,2.6410,2.6410,13,0
20190116,0049,2.6410,2.6410,2.6410,2.6410,67,0
20190116,0050,2.6410,2.6410,2.6410,2.6410,26,0
20190116,0051,2.6410,2.6410,2.6400,2.6400,100,0
20190116,0052,2.6400,2.6400,2.6400,2.6400,15,0
20190116,0053,2.6400,2.6400,2.6390,2.6400,46,0
20190116,0054,2.6400,2.6400,2.6390,2.6390,95,0
20190116,0055,2.6390,2.6400,2.6390,2.6400,167,0
20190116,0056,2.6400,2.6400,2.6390,2.6390,49,0
20190116,0057,2.6390,2.6400,2.6390,2.6390,81,0
20190116,0058,2.6390,2.6390,2.6380,2.6390,135,0
20190116,0059,2.6390,2.6410,2.6390,2.6410,73,0
20190116,0100,2.6400,2.6410,2.6400,2.6400,46,0
20190116,0101,2.6400,2.6420,2.6400,2.6410,82,0
20190116,0102,2.6410,2.6410,2.6400,2.6400,310,0
20190116,0103,2.6400,2.6410,2.6400,2.6400,39,0
20190116,0104,2.6400,2.6420,2.6400,2.6420,356,0
20190116,0105,2.6420,2.6430,2.6410,2.6430,94,0
20190116,0106,2.6430,2.6430,2.6420,2.6430,15,0
20190116,0107,2.6430,2.6430,2.6430,2.6430,33,0
20190116,0108,2.6430,2.6430,2.6420,2.6430,30,0
20190116,0109,2.6430,2.6430,2.6430,2.6430,33,0
20190116,0110,2.6430,2.6430,2.6430,2.6430,13,0
20190116,0111,2.6430,2.6430,2.6430,2.6430,22,0
20190116,0112,2.6430,2.6430,2.6410,2.6410,36,0
20190116,0113,2.6410,2.6420,2.6410,2.6420,210,0
20190116,0114,2.6420,2.6430,2.6420,2.6430,31,0
20190116,0115,2.6430,2.6430,2.6430,2.6430,32,0
20190116,0116,2.6430,2.6430,2.6400,2.6400,166,0
20190116,0117,2.6400,2.6420,2.6400,2.6420,275,0
20190116,0118,2.6420,2.6420,2.6410,2.6410,53,0
20190116,0119,2.6410,2.6410,2.6390,2.6400,67,0
20190116,0120,2.6400,2.6410,2.6400,2.6410,72,0
20190116,0121,2.6400,2.6400,2.6390,2.6400,68,0
20190116,0122,2.6400,2.6400,2.6400,2.6400,21,0
20190116,0123,2.6400,2.6410,2.6400,2.6400,25,0
20190116,0124,2.6400,2.6400,2.6400,2.6400,49,0
20190116,0125,2.6400,2.6400,2.6380,2.6380,60,0
20190116,0126,2.6380,2.6400,2.6380,2.6390,71,0
20190116,0127,2.6390,2.6400,2.6390,2.6400,21,0
20190116,0128,2.6400,2.6400,2.6400,2.6400,30,0
20190116,0129,2.6400,2.6400,2.6400,2.6400,9,0
20190116,0130,2.6400,2.6400,2.6390,2.6390,92,0
20190116,0131,2.6390,2.6390,2.6370,2.6370,167,0
20190116,0132,2.6370,2.6380,2.6370,2.6370,73,0
20190116,0133,2.6370,2.6380,2.6370,2.6370,46,0
20190116,0134,2.6370,2.6380,2.6370,2.6370,23,0
20190116,0135,2.6370,2.6380,2.6370,2.6370,80,0
20190116,0136,2.6370,2.6370,2.6360,2.6370,208,0
20190116,0137,2.6370,2.6370,2.6370,2.6370,38,0
20190116,0138,2.6370,2.6370,2.6360,2.6360,34,0
20190116,0139,2.6360,2.6370,2.6350,2.6360,127,0
20190116,0140,2.6360,2.6370,2.6360,2.6360,24,0
20190116,0141,2.6370,2.6370,2.6360,2.6360,36,0
20190116,0142,2.6360,2.6370,2.6360,2.6370,49,0
20190116,0143,2.6370,2.6370,2.6360,2.6360,47,0
20190116,0144,2.6360,2.6360,2.6340,2.6350,133,0
20190116,0145,2.6350,2.6350,2.6340,2.6340,172,0
20190116,0146,2.6340,2.6350,2.6340,2.6340,65,0
20190116,0147,2.6340,2.6350,2.6330,2.6340,257,0
20190116,0148,2.6340,2.6350,2.6340,2.6350,52,0
20190116,0149,2.6350,2.6350,2.6340,2.6340,74,0
20190116,0150,2.6340,2.6340,2.6340,2.6340,221,0
20190116,0151,2.6340,2.6340,2.6330,2.6330,43,0
20190116,0152,2.6330,2.6330,2.6330,2.6330,33,0
20190116,0153,2.6330,2.6330,2.6330,2.6330,48,0
20190116,0154,2.6330,2.6330,2.6320,2.6330,213,0
20190116,0155,2.6330,2.6330,2.6330,2.6330,40,0
20190116,0156,2.6330,2.6330,2.6320,2.6320,85,0
20190116,0157,2.6330,2.6340,2.6330,2.6340,119,0
20190116,0158,2.6330,2.6350,2.6330,2.6350,309,0
20190116,0159,2.6350,2.6350,2.6340,2.6350,585,0
20190116,0200,2.6340,2.6350,2.6320,2.6330,500,0
20190116,0201,2.6330,2.6350,2.6330,2.6340,71,0
20190116,0202,2.6340,2.6350,2.6340,2.6350,92,0
20190116,0203,2.6350,2.6350,2.6340,2.6340,19,0
20190116,0204,2.6340,2.6350,2.6340,2.6350,15,0
20190116,0205,2.6350,2.6350,2.6350,2.6350,33,0
20190116,0206,2.6350,2.6350,2.6340,2.6340,37,0
20190116,0207,2.6340,2.6350,2.6340,2.6350,14,0
20190116,0208,2.6350,2.6350,2.6350,2.6350,23,0
20190116,0209,2.6350,2.6360,2.6350,2.6360,15,0
20190116,0210,2.6360,2.6360,2.6350,2.6360,39,0
20190116,0211,2.6360,2.6360,2.6360,2.6360,32,0
20190116,0212,2.6360,2.6370,2.6360,2.6360,28,0
20190116,0213,2.6360,2.6370,2.6360,2.6370,73,0
20190116,0214,2.6370,2.6370,2.6360,2.6360,30,0
20190116,0215,2.6360,2.6360,2.6360,2.6360,13,0
20190116,0216,2.6360,2.6360,2.6360,2.6360,47,0
20190116,0217,2.6360,2.6360,2.6350,2.6350,46,0
20190116,0218,2.6350,2.6360,2.6350,2.6360,31,0
20190116,0219,2.6360,2.6360,2.6360,2.6360,28,0
20190116,0220,2.6360,2.6360,2.6360,2.6360,24,0
20190116,0221,2.6360,2.6360,2.6350,2.6350,17,0
20190116,0222,2.6350,2.6360,2.6350,2.6360,17,0
20190116,0223,2.6360,2.6360,2.6360,2.6360,10,0
20190116,0224,2.6360,2.6360,2.6360,2.6360,29,0
20190116,0225,2.6360,2.6360,2.6360,2.6360,120,0
20190116,0226,2.6360,2.6360,2.6360,2.6360,183,0
20190116,0227,2.6360,2.6360,2.6360,2.6360,48,0
20190116,0228,2.6360,2.6360,2.6360,2.6360,28,0
20190116,0229,2.6360,2.6360,2.6360,2.6360,103,0
20190116,0230,2.6360,2.6360,2.6350,2.6350,14,0
20190116,0231,2.6350,2.6370,2.6350,2.6370,50,0
20190116,0232,2.6370,2.6370,2.6370,2.6370,5,0
20190116,0233,2.6370,2.6370,2.6370,2.6370,4,0
20190116,0234,2.6370,2.6370,2.6370,2.6370,0,0
20190116,0235,2.6370,2.6370,2.6360,2.6360,3,0
20190116,0236,2.6360,2.6360,2.6360,2.6360,0,0
20190116,0237,2.6360,2.6360,2.6360,2.6360,1,0
20190116,0238,2.6360,2.6360,2.6350,2.6360,30,0
20190116,0239,2.6360,2.6360,2.6350,2.6360,55,0
20190116,0240,2.6360,2.6360,2.6360,2.6360,0,0
20190116,0241,2.6360,2.6370,2.6360,2.6370,27,0
20190116,0242,2.6370,2.6370,2.6370,2.6370,51,0
20190116,0243,2.6370,2.6370,2.6370,2.6370,8,0
20190116,0244,2.6370,2.6370,2.6360,2.6360,2,0
20190116,0245,2.6360,2.6360,2.6360,2.6360,17,0
20190116,0246,2.6360,2.6360,2.6350,2.6360,15,0
20190116,0247,2.6360,2.6360,2.6350,2.6350,10,0
20190116,0248,2.6350,2.6360,2.6350,2.6360,5,0
20190116,0249,2.6360,2.6360,2.6350,2.6360,18,0
20190116,0250,2.6360,2.6360,2.6360,2.6360,40,0
20190116,0251,2.6360,2.6370,2.6360,2.6370,4,0
20190116,0252,2.6370,2.6370,2.6360,2.6360,8,0
20190116,0253,2.6360,2.6360,2.6360,2.6360,6,0
20190116,0254,2.6360,2.6370,2.6360,2.6360,6,0
20190116,0255,2.6360,2.6360,2.6360,2.6360,5,0
20190116,0256,2.6360,2.6360,2.6360,2.6360,7,0
20190116,0257,2.6360,2.6360,2.6360,2.6360,10,0
20190116,0258,2.6360,2.6360,2.6360,2.6360,32,0
20190116,0259,2.6360,2.6360,2.6360,2.6360,4,0
20190116,0300,2.6360,2.6370,2.6360,2.6370,22,0
20190116,0301,2.6370,2.6370,2.6360,2.6360,24,0
20190116,0302,2.6360,2.6370,2.6360,2.6370,6,0
20190116,0303,2.6370,2.6370,2.6360,2.6360,8,0
20190116,0304,2.6360,2.6360,2.6360,2.6360,8,0
20190116,0305,2.6360,2.6360,2.6360,2.6360,16,0
20190116,0306,2.6360,2.6360,2.6350,2.6350,1,0
20190116,0307,2.6360,2.6360,2.6360,2.6360,5,0
20190116,0308,2.6360,2.6380,2.6360,2.6380,20,0
20190116,0309,2.6380,2.6380,2.6370,2.6380,12,0
20190116,0310,2.6380,2.6380,2.6380,2.6380,17,0
20190116,0311,2.6380,2.6380,2.6380,2.6380,13,0
20190116,0312,2.6380,2.6390,2.6380,2.6390,7,0
20190116,0313,2.6380,2.6380,2.6380,2.6380,10,0
20190116,0314,2.6380,2.6390,2.6380,2.6380,12,0
20190116,0315,2.6380,2.6380,2.6360,2.6370,25,0
20190116,0316,2.6370,2.6370,2.6360,2.6360,33,0
20190116,0317,2.6360,2.6370,2.6360,2.6370,4,0
20190116,0318,2.6370,2.6380,2.6370,2.6380,10,0
20190116,0319,2.6380,2.6380,2.6370,2.6380,6,0
20190116,0320,2.6380,2.6380,2.6380,2.6380,7,0
20190116,0321,2.6380,2.6380,2.6380,2.6380,10,0
20190116,0322,2.6380,2.6380,2.6380,2.6380,9,0
20190116,0323,2.6380,2.6380,2.6370,2.6370,13,0
20190116,0324,2.6370,2.6380,2.6370,2.6380,5,0
20190116,0325,2.6380,2.6380,2.6370,2.6370,9,0
20190116,0326,2.6370,2.6380,2.6370,2.6380,14,0
20190116,0327,2.6380,2.6380,2.6380,2.6380,1,0
20190116,0328,2.6380,2.6380,2.6370,2.6370,12,0
20190116,0329,2.6370,2.6370,2.6360,2.6360,12,0
20190116,0330,2.6360,2.6370,2.6360,2.6360,23,0
20190116,0331,2.6360,2.6370,2.6350,2.6360,50,0
20190116,0332,2.6360,2.6360,2.6360,2.6360,1,0
20190116,0333,2.6360,2.6360,2.6360,2.6360,12,0
20190116,0334,2.6360,2.6370,2.6360,2.6370,15,0
20190116,0335,2.6370,2.6370,2.6360,2.6360,12,0
20190116,0336,2.6350,2.6360,2.6350,2.6360,5,0
20190116,0337,2.6350,2.6350,2.6350,2.6350,8,0
20190116,0338,2.6350,2.6350,2.6350,2.6350,19,0
20190116,0339,2.6350,2.6350,2.6330,2.6350,85,0
20190116,0340,2.6350,2.6360,2.6350,2.6360,23,0
20190116,0341,2.6360,2.6380,2.6350,2.6370,32,0
20190116,0342,2.6370,2.6380,2.6370,2.6370,28,0
20190116,0343,2.6370,2.6380,2.6360,2.6380,13,0
20190116,0344,2.6380,2.6380,2.6360,2.6380,19,0
20190116,0345,2.6380,2.6380,2.6360,2.6360,17,0
20190116,0346,2.6360,2.6380,2.6360,2.6380,10,0
20190116,0347,2.6380,2.6380,2.6380,2.6380,9,0
20190116,0348,2.6380,2.6380,2.6370,2.6370,6,0
20190116,0349,2.6370,2.6370,2.6370,2.6370,1,0
20190116,0350,2.6370,2.6380,2.6370,2.6380,8,0
20190116,0351,2.6380,2.6390,2.6380,2.6380,13,0
20190116,0352,2.6380,2.6390,2.6380,2.6390,1,0
20190116,0353,2.6390,2.6390,2.6380,2.6390,5,0
20190116,0354,2.6390,2.6390,2.6390,2.6390,5,0
20190116,0355,2.6390,2.6390,2.6390,2.6390,18,0
20190116,0356,2.6390,2.6390,2.6390,2.6390,9,0
20190116,0357,2.6390,2.6390,2.6390,2.6390,7,0
20190116,0358,2.6390,2.6400,2.6390,2.6390,25,0
20190116,0359,2.6390,2.6410,2.6390,2.6410,21,0
20190116,0400,2.6410,2.6420,2.6400,2.6420,36,0
20190116,0401,2.6420,2.6420,2.6410,2.6410,25,0
20190116,0402,2.6410,2.6410,2.6410,2.6410,5,0
20190116,0403,2.6410,2.6420,2.6410,2.6420,27,0
20190116,0404,2.6420,2.6430,2.6420,2.6420,19,0
20190116,0405,2.6420,2.6420,2.6420,2.6420,14,0
20190116,0406,2.6420,2.6420,2.6420,2.6420,6,0
20190116,0407,2.6420,2.6420,2.6420,2.6420,9,0
20190116,0408,2.6420,2.6430,2.6420,2.6430,11,0
20190116,0409,2.6430,2.6440,2.6430,2.6440,27,0
20190116,0410,2.6440,2.6440,2.6440,2.6440,11,0
20190116,0411,2.6440,2.6440,2.6430,2.6430,28,0
20190116,0412,2.6430,2.6430,2.6430,2.6430,5,0
20190116,0413,2.6430,2.6440,2.6430,2.6440,8,0
20190116,0414,2.6440,2.6440,2.6430,2.6430,11,0
20190116,0415,2.6430,2.6450,2.6430,2.6440,12,0
20190116,0416,2.6440,2.6450,2.6440,2.6440,8,0
20190116,0417,2.6440,2.6440,2.6430,2.6430,8,0
20190116,0418,2.6430,2.6430,2.6430,2.6430,2,0
20190116,0419,2.6430,2.6430,2.6430,2.6430,6,0
20190116,0420,2.6430,2.6430,2.6430,2.6430,11,0
20190116,0421,2.6430,2.6430,2.6420,2.6420,29,0
20190116,0422,2.6420,2.6420,2.6420,2.6420,9,0
20190116,0423,2.6420,2.6420,2.6420,2.6420,6,0
20190116,0424,2.6420,2.6420,2.6410,2.6410,11,0
20190116,0425,2.6410,2.6420,2.6410,2.6420,5,0
20190116,0426,2.6420,2.6420,2.6420,2.6420,2,0
20190116,0427,2.6420,2.6420,2.6420,2.6420,0,0
20190116,0428,2.6420,2.6420,2.6420,2.6420,1,0
20190116,0429,2.6420,2.6420,2.6420,2.6420,1,0
20190116,0430,2.6410,2.6410,2.6410,2.6410,14,0
20190116,0431,2.6410,2.6410,2.6410,2.6410,9,0
20190116,0432,2.6410,2.6420,2.6410,2.6420,8,0
20190116,0433,2.6420,2.6420,2.6410,2.6410,2,0
20190116,0434,2.6410,2.6410,2.6410,2.6410,0,0
20190116,0435,2.6410,2.6420,2.6410,2.6420,7,0
20190116,0436,2.6420,2.6420,2.6420,2.6420,3,0
20190116,0437,2.6420,2.6420,2.6420,2.6420,0,0
20190116,0438,2.6420,2.6420,2.6420,2.6420,8,0
20190116,0439,2.6420,2.6430,2.6420,2.6430,13,0
20190116,0440,2.6430,2.6430,2.6430,2.6430,1,0
20190116,0441,2.6430,2.6430,2.6430,2.6430,10,0
20190116,0442,2.6430,2.6430,2.6430,2.6430,13,0
20190116,0443,2.6430,2.6430,2.6430,2.6430,9,0
20190116,0444,2.6430,2.6430,2.6430,2.6430,11,0
20190116,0445,2.6420,2.6430,2.6420,2.6420,28,0
20190116,0446,2.6420,2.6430,2.6420,2.6430,9,0
20190116,0447,2.6430,2.6430,2.6430,2.6430,0,0
20190116,0448,2.6430,2.6430,2.6430,2.6430,3,0
20190116,0449,2.6430,2.6430,2.6430,2.6430,11,0
20190116,0450,2.6430,2.6430,2.6430,2.6430,22,0
20190116,0451,2.6430,2.6430,2.6430,2.6430,12,0
20190116,0452,2.6430,2.6430,2.6430,2.6430,5,0
20190116,0453,2.6430,2.6430,2.6430,2.6430,1,0
20190116,0454,2.6430,2.6430,2.6430,2.6430,3,0
20190116,0455,2.6430,2.6430,2.6430,2.6430,11,0
20190116,0456,2.6430,2.6430,2.6430,2.6430,14,0
20190116,0457,2.6430,2.6430,2.6430,2.6430,8,0
20190116,0458,2.6430,2.6430,2.6430,2.6430,5,0
20190116,0459,2.6430,2.6440,2.6430,2.6430,23,0
20190116,0500,2.6430,2.6440,2.6430,2.6430,18,0
20190116,0501,2.6440,2.6440,2.6430,2.6430,9,0
20190116,0502,2.6430,2.6430,2.6430,2.6430,11,0
20190116,0503,2.6430,2.6430,2.6430,2.6430,1,0
20190116,0504,2.6420,2.6420,2.6420,2.6420,10,0
20190116,0505,2.6430,2.6430,2.6430,2.6430,3,0
20190116,0506,2.6430,2.6430,2.6430,2.6430,1,0
20190116,0507,2.6430,2.6430,2.6430,2.6430,0,0
20190116,0508,2.6430,2.6430,2.6420,2.6420,5,0
20190116,0509,2.6420,2.6420,2.6420,2.6420,0,0
20190116,0510,2.6420,2.6420,2.6420,2.6420,0,0
20190116,0511,2.6420,2.6430,2.6420,2.6430,6,0
20190116,0512,2.6430,2.6430,2.6420,2.6420,1,0
20190116,0513,2.6420,2.6420,2.6420,2.6420,4,0
20190116,0514,2.6420,2.6420,2.6420,2.6420,1,0
20190116,0515,2.6420,2.6430,2.6420,2.6430,1,0
20190116,0516,2.6420,2.6420,2.6420,2.6420,5,0
20190116,0517,2.6420,2.6420,2.6420,2.6420,207,0
20190116,0518,2.6420,2.6420,2.6420,2.6420,1,0
20190116,0519,2.6420,2.6420,2.6420,2.6420,0,0
20190116,0520,2.6420,2.6420,2.6420,2.6420,2,0
20190116,0521,2.6420,2.6420,2.6420,2.6420,0,0
20190116,0522,2.6420,2.6420,2.6420,2.6420,4,0
20190116,0523,2.6420,2.6420,2.6420,2.6420,0,0
20190116,0524,2.6420,2.6420,2.6420,2.6420,0,0
20190116,0525,2.6430,2.6430,2.6430,2.6430,1,0
20190116,0526,2.6430,2.6430,2.6430,2.6430,3,0
20190116,0529,2.6430,2.6430,2.6430,2.6430,15,0
20190116,0530,2.6420,2.6420,2.6410,2.6410,42,0
20190116,0531,2.6410,2.6410,2.6410,2.6410,0,0
20190116,0532,2.6420,2.6420,2.6420,2.6420,1,0
20190116,0533,2.6420,2.6420,2.6410,2.6420,3,0
20190116,0534,2.6420,2.6420,2.6420,2.6420,0,0
20190116,0535,2.6420,2.6420,2.6420,2.6420,1,0
20190116,0536,2.6420,2.6420,2.6420,2.6420,0,0
20190116,0537,2.6420,2.6420,2.6420,2.6420,0,0
20190116,0538,2.6420,2.6420,2.6420,2.6420,0,0
20190116,0539,2.6420,2.6420,2.6420,2.6420,5,0
20190116,0540,2.6420,2.6420,2.6420,2.6420,3,0
20190116,0541,2.6420,2.6420,2.6420,2.6420,0,0
20190116,0542,2.6420,2.6420,2.6420,2.6420,4,0
20190116,0543,2.6410,2.6410,2.6410,2.6410,1,0
20190116,0544,2.6410,2.6410,2.6410,2.6410,0,0
20190116,0545,2.6410,2.6410,2.6410,2.6410,4,0
20190116,0546,2.6410,2.6420,2.6410,2.6420,1,0
20190116,0547,2.6420,2.6420,2.6420,2.6420,0,0
20190116,0548,2.6420,2.6420,2.6420,2.6420,1,0
20190116,0549,2.6420,2.6420,2.6420,2.6420,1,0
20190116,0550,2.6420,2.6420,2.6420,2.6420,8,0
20190116,0551,2.6420,2.6420,2.6420,2.6420,2,0
20190116,0552,2.6420,2.6420,2.6420,2.6420,2,0
20190116,0553,2.6420,2.6420,2.6420,2.6420,1,0
20190116,0554,2.6420,2.6420,2.6410,2.6410,5,0
20190116,0555,2.6420,2.6420,2.6420,2.6420,7,0
20190116,0556,2.6420,2.6420,2.6420,2.6420,2,0
20190116,0557,2.6420,2.6420,2.6410,2.6420,9,0
20190116,0558,2.6420,2.6420,2.6410,2.6410,6,0
20190116,0559,2.6410,2.6410,2.6410,2.6410,2,0
20190116,0600,2.6410,2.6410,2.6410,2.6410,0,0
20190116,0605,2.6410,2.6410,2.6410,2.6410,0,0
20190116,0620,2.6410,2.6410,2.6410,2.6410,0,0
20190116,0700,2.6420,2.6430,2.6420,2.6430,12,0
20190116,0701,2.6430,2.6430,2.6420,2.6430,8,0
20190116,0702,2.6430,2.6430,2.6430,2.6430,1,0
20190116,0703,2.6430,2.6430,2.6430,2.6430,0,0
20190116,0704,2.6430,2.6430,2.6430,2.6430,2,0
20190116,0705,2.6430,2.6430,2.6430,2.6430,5,0
20190116,0706,2.6430,2.6430,2.6430,2.6430,7,0
20190116,0707,2.6430,2.6430,2.6430,2.6430,2,0
20190116,0708,2.6430,2.6430,2.6430,2.6430,0,0
20190116,0709,2.6430,2.6430,2.6430,2.6430,0,0
20190116,0710,2.6430,2.6430,2.6430,2.6430,1,0
20190116,0711,2.6430,2.6430,2.6420,2.6420,1,0
20190116,0712,2.6420,2.6420,2.6420,2.6420,0,0
20190116,0713,2.6420,2.6420,2.6420,2.6420,0,0
20190116,0714,2.6420,2.6420,2.6420,2.6420,0,0
20190116,0715,2.6420,2.6430,2.6420,2.6420,2,0
20190116,0716,2.6420,2.6420,2.6420,2.6420,5,0
20190116,0717,2.6420,2.6430,2.6420,2.6430,1,0
20190116,0718,2.6430,2.6430,2.6420,2.6420,11,0
20190116,0719,2.6420,2.6420,2.6420,2.6420,6,0
20190116,0720,2.6420,2.6420,2.6420,2.6420,0,0
20190116,0721,2.6420,2.6420,2.6420,2.6420,0,0
20190116,0722,2.6420,2.6420,2.6420,2.6420,0,0
20190116,0723,2.6420,2.6420,2.6420,2.6420,3,0
20190116,0724,2.6420,2.6420,2.6420,2.6420,3,0
20190116,0725,2.6420,2.6420,2.6420,2.6420,6,0
20190116,0726,2.6420,2.6420,2.6420,2.6420,8,0
20190116,0727,2.6420,2.6420,2.6420,2.6420,0,0
20190116,0728,2.6420,2.6420,2.6420,2.6420,0,0
20190116,0729,2.6420,2.6420,2.6420,2.6420,2,0
20190116,0730,2.6420,2.6420,2.6420,2.6420,4,0
20190116,0731,2.6420,2.6420,2.6420,2.6420,7,0
20190116,0732,2.6420,2.6420,2.6420,2.6420,1,0
20190116,0733,2.6420,2.6420,2.6420,2.6420,1,0
20190116,0734,2.6420,2.6420,2.6420,2.6420,0,0
20190116,0735,2.6420,2.6420,2.6420,2.6420,1,0
20190116,0737,2.6420,2.6420,2.6420,2.6420,1,0
20190116,0738,2.6420,2.6420,2.6420,2.6420,2,0
20190116,0739,2.6420,2.6420,2.6420,2.6420,6,0
20190116,0740,2.6420,2.6420,2.6420,2.6420,1,0
20190116,0741,2.6420,2.6420,2.6420,2.6420,2,0
20190116,0742,2.6420,2.6420,2.6420,2.6420,0,0
20190116,0743,2.6420,2.6420,2.6420,2.6420,0,0
20190116,0744,2.6420,2.6430,2.6420,2.6430,10,0
20190116,0745,2.6430,2.6430,2.6430,2.6430,8,0
20190116,0746,2.6430,2.6430,2.6430,2.6430,2,0
20190116,0747,2.6430,2.6430,2.6430,2.6430,1,0
20190116,0748,2.6430,2.6430,2.6430,2.6430,3,0
20190116,0749,2.6430,2.6430,2.6420,2.6420,2,0
20190116,0750,2.6420,2.6430,2.6420,2.6430,2,0
20190116,0751,2.6430,2.6430,2.6430,2.6430,1,0
20190116,0752,2.6430,2.6430,2.6430,2.6430,0,0
20190116,0753,2.6430,2.6430,2.6430,2.6430,3,0
20190116,0755,2.6430,2.6430,2.6430,2.6430,1,0
20190116,0756,2.6420,2.6430,2.6420,2.6430,6,0
20190116,0757,2.6430,2.6430,2.6430,2.6430,9,0
20190116,0758,2.6430,2.6430,2.6430,2.6430,0,0
20190116,0759,2.6430,2.6430,2.6430,2.6430,19,0
20190116,0800,2.6430,2.6430,2.6430,2.6430,4,0
20190116,0801,2.6430,2.6430,2.6430,2.6430,2,0
20190116,0802,2.6430,2.6430,2.6430,2.6430,3,0
20190116,0803,2.6430,2.6430,2.6430,2.6430,6,0
20190116,0804,2.6430,2.6430,2.6420,2.6420,9,0
20190116,0805,2.6420,2.6420,2.6410,2.6410,4,0
20190116,0806,2.6410,2.6410,2.6410,2.6410,1,0
20190116,0807,2.6410,2.6410,2.6410,2.6410,1,0
20190116,0808,2.6410,2.6410,2.6410,2.6410,7,0
20190116,0809,2.6410,2.6410,2.6400,2.6410,6,0
20190116,0810,2.6410,2.6410,2.6410,2.6410,4,0
20190116,0811,2.6410,2.6410,2.6400,2.6400,16,0
20190116,0812,2.6400,2.6400,2.6400,2.6400,2,0
20190116,0813,2.6400,2.6400,2.6390,2.6390,13,0
20190116,0814,2.6390,2.6390,2.6390,2.6390,5,0
20190116,0815,2.6390,2.6390,2.6390,2.6390,19,0
20190116,0816,2.6390,2.6390,2.6380,2.6380,15,0
20190116,0817,2.6380,2.6380,2.6370,2.6370,12,0
20190116,0818,2.6370,2.6380,2.6370,2.6380,3,0
20190116,0819,2.6380,2.6380,2.6370,2.6370,18,0
20190116,0820,2.6370,2.6370,2.6360,2.6370,11,0
20190116,0821,2.6370,2.6380,2.6370,2.6380,32,0
20190116,0822,2.6380,2.6390,2.6380,2.6390,8,0
20190116,0823,2.6390,2.6400,2.6390,2.6400,4,0
20190116,0824,2.6400,2.6400,2.6400,2.6400,0,0
20190116,0825,2.6390,2.6400,2.6390,2.6390,7,0
20190116,0826,2.6390,2.6400,2.6390,2.6400,1,0
20190116,0827,2.6400,2.6400,2.6400,2.6400,0,0
20190116,0828,2.6400,2.6400,2.6400,2.6400,1,0
20190116,0829,2.6400,2.6400,2.6400,2.6400,0,0
20190116,0830,2.6400,2.6400,2.6400,2.6400,0,0
20190116,0831,2.6400,2.6400,2.6400,2.6400,3,0
20190116,0832,2.6400,2.6400,2.6400,2.6400,2,0
20190116,0833,2.6400,2.6400,2.6400,2.6400,0,0
20190116,0834,2.6400,2.6410,2.6400,2.6410,8,0
20190116,0835,2.6410,2.6410,2.6410,2.6410,10,0
20190116,0836,2.6410,2.6420,2.6410,2.6410,17,0
20190116,0837,2.6410,2.6410,2.6400,2.6400,6,0
20190116,0838,2.6400,2.6400,2.6400,2.6400,1,0
20190116,0839,2.6400,2.6400,2.6400,2.6400,14,0
20190116,0840,2.6400,2.6400,2.6400,2.6400,0,0
20190116,0841,2.6400,2.6410,2.6400,2.6410,6,0
20190116,0842,2.6410,2.6410,2.6400,2.6410,3,0
20190116,0843,2.6410,2.6410,2.6400,2.6400,4,0
20190116,2324,2.6650,2.6660,2.6650,2.6650,26,0
20190116,2325,2.6650,2.6660,2.6640,2.6640,244,0
20190116,2326,2.6640,2.6640,2.6630,2.6630,85,0
20190116,2327,2.6630,2.6640,2.6630,2.6630,52,0
20190116,2328,2.6640,2.6640,2.6630,2.6630,52,0
20190116,2329,2.6630,2.6640,2.6630,2.6630,23,0
20190116,2330,2.6630,2.6650,2.6630,2.6640,248,0
20190116,2331,2.6640,2.6640,2.6610,2.6610,102,0
20190116,2332,2.6610,2.6620,2.6610,2.6620,101,0
20190116,2333,2.6620,2.6620,2.6600,2.6620,210,0
20190116,2334,2.6620,2.6640,2.6620,2.6620,69,0
20190116,2335,2.6620,2.6630,2.6610,2.6620,104,0
20190116,2336,2.6620,2.6620,2.6610,2.6610,84,0
20190116,2337,2.6610,2.6620,2.6610,2.6610,41,0
20190116,2338,2.6610,2.6620,2.6610,2.6620,60,0
20190116,2339,2.6620,2.6620,2.6610,2.6610,45,0
20190116,2340,2.6610,2.6610,2.6600,2.6610,166,0
20190116,2341,2.6610,2.6610,2.6600,2.6600,90,0
20190116,2342,2.6600,2.6610,2.6600,2.6600,73,0
20190116,2343,2.6600,2.6610,2.6600,2.6600,74,0
20190116,2344,2.6600,2.6620,2.6600,2.6610,64,0
20190116,2345,2.6610,2.6620,2.6610,2.6620,55,0
20190116,2346,2.6620,2.6640,2.6610,2.6630,79,0
20190116,2347,2.6630,2.6640,2.6620,2.6640,141,0
20190116,2348,2.6640,2.6660,2.6640,2.6650,115,0
20190116,2349,2.6650,2.6660,2.6650,2.6660,41,0
20190116,2350,2.6660,2.6660,2.6640,2.6640,123,0
20190116,2351,2.6640,2.6650,2.6640,2.6640,49,0
20190116,2352,2.6640,2.6650,2.6640,2.6650,53,0
20190116,2353,2.6650,2.6660,2.6650,2.6650,42,0
20190116,2354,2.6650,2.6650,2.6640,2.6650,13,0
20190116,2355,2.6650,2.6650,2.6640,2.6640,55,0
20190116,2356,2.6640,2.6650,2.6640,2.6650,29,0
20190116,2357,2.6650,2.6650,2.6640,2.6640,61,0
20190116,2358,2.6640,2.6650,2.6640,2.6650,193,0
20190116,2359,2.6650,2.6650,2.6650,2.6650,100,0
20190117,0000,2.6650,2.6660,2.6630,2.6640,131,0
20190117,0001,2.6640,2.6640,2.6630,2.6630,120,0
20190117,0002,2.6630,2.6640,2.6620,2.6620,96,0
20190117,0003,2.6610,2.6620,2.6610,2.6610,69,0
20190117,0004,2.6610,2.6620,2.6610,2.6610,111,0
20190117,0005,2.6610,2.6610,2.6600,2.6610,86,0
20190117,0006,2.6610,2.6610,2.6600,2.6600,111,0
20190117,0007,2.6600,2.6630,2.6600,2.6630,150,0
20190117,0008,2.6630,2.6650,2.6630,2.6640,70,0
20190117,0009,2.6640,2.6640,2.6630,2.6640,60,0
20190117,0010,2.6640,2.6660,2.6640,2.6660,175,0
20190117,0011,2.6660,2.6660,2.6650,2.6650,45,0
20190117,0012,2.6650,2.6650,2.6640,2.6650,44,0
20190117,0013,2.6650,2.6650,2.6640,2.6650,61,0
20190117,0014,2.6650,2.6690,2.6650,2.6690,332,0
20190117,0015,2.6680,2.6690,2.6680,2.6690,323,0
20190117,0016,2.6690,2.6690,2.6680,2.6680,128,0
20190117,0017,2.6680,2.6690,2.6680,2.6680,73,0
20190117,0018,2.6680,2.6710,2.6680,2.6700,204,0
20190117,0019,2.6700,2.6720,2.6690,2.6700,256,0
20190117,0020,2.6700,2.6710,2.6690,2.6690,152,0
20190117,0021,2.6690,2.6700,2.6690,2.6690,51,0
20190117,0022,2.6690,2.6700,2.6690,2.6690,87,0
20190117,0023,2.6690,2.6700,2.6690,2.6690,174,0
20190117,0024,2.6690,2.6690,2.6690,2.6690,116,0
20190117,0025,2.6690,2.6690,2.6680,2.6690,145,0
20190117,0026,2.6690,2.6690,2.6680,2.6680,12,0
20190117,0027,2.6680,2.6690,2.6680,2.6680,95,0
20190117,0028,2.6680,2.6690,2.6680,2.6690,37,0
20190117,0029,2.6690,2.6690,2.6690,2.6690,56,0
20190117,0030,2.6690,2.6690,2.6680,2.6690,133,0
20190117,0031,2.6690,2.6690,2.6680,2.6680,112,0
20190117,0032,2.6680,2.6680,2.6680,2.6680,72,0
20190117,0033,2.6680,2.6690,2.6680,2.6690,41,0
20190117,0034,2.6690,2.6710,2.6690,2.6710,182,0
20190117,0035,2.6710,2.6710,2.6700,2.6710,117,0
20190117,0036,2.6710,2.6720,2.6710,2.6720,69,0
20190117,0037,2.6720,2.6730,2.6710,2.6720,178,0
20190117,0038,2.6720,2.6720,2.6700,2.6700,110,0
20190117,0039,2.6700,2.6700,2.6690,2.6690,70,0
20190117,0040,2.6690,2.6700,2.6690,2.6700,65,0
20190117,0041,2.6700,2.6700,2.6690,2.6690,76,0
20190117,0042,2.6690,2.6690,2.6680,2.6690,54,0
20190117,0043,2.6690,2.6690,2.6690,2.6690,27,0
20190117,0044,2.6690,2.6700,2.6690,2.6700,40,0
20190117,0045,2.6700,2.6710,2.6700,2.6710,136,0
20190117,0046,2.6710,2.6710,2.6700,2.6700,34,0
20190117,0047,2.6700,2.6700,2.6690,2.6700,50,0
20190117,0048,2.6700,2.6710,2.6690,2.6700,59,0
20190117,0049,2.6700,2.6700,2.6690,2.6690,38,0
20190117,0050,2.6690,2.6690,2.6680,2.6690,35,0
20190117,0051,2.6690,2.6700,2.6690,2.6690,19,0
20190117,0052,2.6690,2.6700,2.6690,2.6690,25,0
20190117,0053,2.6690,2.6690,2.6680,2.6680,61,0
20190117,0054,2.6680,2.6680,2.6680,2.6680,55,0
20190117,0055,2.6680,2.6690,2.6670,2.6670,52,0
20190117,0056,2.6670,2.6680,2.6670,2.6670,13,0
20190117,0057,2.6670,2.6670,2.6670,2.6670,13,0
20190117,0058,2.6670,2.6680,2.6670,2.6680,28,0
20190117,0059,2.6680,2.6680,2.6680,2.6680,20,0
20190117,0100,2.6680,2.6690,2.6680,2.6690,81,0
20190117,0101,2.6690,2.6690,2.6680,2.6680,33,0
20190117,0102,2.6680,2.6720,2.6680,2.6720,128,0
20190117,0103,2.6720,2.6720,2.6710,2.6710,20,0
20190117,0104,2.6710,2.6710,2.6700,2.6710,362,0
20190117,0105,2.6710,2.6710,2.6710,2.6710,41,0
20190117,0106,2.6710,2.6710,2.6700,2.6710,35,0
20190117,0107,2.6710,2.6710,2.6690,2.6690,61,0
20190117,0108,2.6690,2.6690,2.6690,2.6690,31,0
20190117,0109,2.6690,2.6690,2.6680,2.6690,10,0
20190117,0110,2.6690,2.6690,2.6690,2.6690,23,0
20190117,0111,2.6690,2.6700,2.6690,2.6700,41,0
20190117,0112,2.6700,2.6700,2.6700,2.6700,24,0
20190117,0113,2.6700,2.6700,2.6690,2.6690,21,0
20190117,0114,2.6700,2.6700,2.6690,2.6690,18,0
20190117,0115,2.6690,2.6700,2.6690,2.6700,165,0
20190117,0116,2.6700,2.6710,2.6700,2.6710,43,0
20190117,0117,2.6710,2.6730,2.6710,2.6730,49,0
20190117,0118,2.6730,2.6750,2.6730,2.6750,210,0
20190117,0119,2.6750,2.6760,2.6740,2.6740,77,0
20190117,0120,2.6740,2.6740,2.6730,2.6730,49,0
20190117,0121,2.6730,2.6740,2.6730,2.6730,41,0
20190117,0122,2.6730,2.6750,2.6730,2.6740,137,0
20190117,0123,2.6740,2.6740,2.6740,2.6740,63,0
20190117,0124,2.6740,2.6740,2.6730,2.6730,58,0
20190117,0125,2.6730,2.6740,2.6730,2.6740,47,0
20190117,0126,2.6740,2.6740,2.6740,2.6740,35,0
20190117,0127,2.6740,2.6740,2.6730,2.6730,61,0
20190117,0128,2.6730,2.6740,2.6730,2.6730,16,0
20190117,0129,2.6730,2.6740,2.6730,2.6740,79,0
20190117,0130,2.6740,2.6750,2.6730,2.6730,114,0
20190117,0131,2.6730,2.6730,2.6730,2.6730,421,0
20190117,0132,2.6730,2.6740,2.6730,2.6730,144,0
20190117,0133,2.6730,2.6730,2.6730,2.6730,45,0
20190117,0134,2.6730,2.6730,2.6720,2.6720,28,0
20190117,0135,2.6720,2.6720,2.6710,2.6710,175,0
20190117,0136,2.6710,2.6720,2.6710,2.6710,48,0
20190117,0137,2.6710,2.6710,2.6700,2.6700,113,0
20190117,0138,2.6700,2.6710,2.6700,2.6700,124,0
20190117,0139,2.6700,2.6720,2.6700,2.6720,44,0
20190117,0140,2.6720,2.6720,2.6710,2.6720,113,0
20190117,0141,2.6720,2.6720,2.6710,2.6720,32,0
20190117,0142,2.6720,2.6720,2.6720,2.6720,151,0
20190117,0143,2.6720,2.6720,2.6720,2.6720,103,0
20190117,0144,2.6720,2.6720,2.6710,2.6710,59,0
20190117,0145,2.6710,2.6720,2.6700,2.6720,84,0
20190117,0146,2.6720,2.6720,2.6710,2.6720,49,0
20190117,0147,2.6720,2.6720,2.6710,2.6720,37,0
20190117,0148,2.6720,2.6720,2.6700,2.6700,20,0
20190117,0149,2.6700,2.6710,2.6700,2.6700,15,0
20190117,0150,2.6700,2.6720,2.6700,2.6710,35,0
20190117,0151,2.6710,2.6710,2.6710,2.6710,25,0
20190117,0152,2.6710,2.6710,2.6690,2.6690,127,0
20190117,0153,2.6690,2.6700,2.6690,2.6690,91,0
20190117,0154,2.6690,2.6700,2.6690,2.6690,67,0
20190117,0155,2.6690,2.6710,2.6690,2.6710,76,0
20190117,0156,2.6710,2.6720,2.6710,2.6720,53,0
20190117,0157,2.6720,2.6730,2.6700,2.6700,239,0
20190117,0158,2.6700,2.6730,2.6700,2.6730,199,0
20190117,0159,2.6730,2.6750,2.6720,2.6720,1766,0
20190117,0200,2.6720,2.6720,2.6710,2.6720,185,0
20190117,0201,2.6720,2.6730,2.6710,2.6730,155,0
20190117,0202,2.6730,2.6740,2.6730,2.6730,84,0
20190117,0203,2.6730,2.6730,2.6720,2.6720,82,0
20190117,0204,2.6720,2.6720,2.6700,2.6700,33,0
20190117,0205,2.6700,2.6700,2.6700,2.6700,37,0
20190117,0206,2.6700,2.6700,2.6700,2.6700,39,0
20190117,0207,2.6700,2.6700,2.6690,2.6690,13,0
20190117,0208,2.6690,2.6690,2.6690,2.6690,237,0
20190117,0209,2.6690,2.6710,2.6690,2.6710,98,0
20190117,0210,2.6710,2.6710,2.6700,2.6710,31,0
20190117,0211,2.6710,2.6710,2.6700,2.6710,61,0
20190117,0212,2.6710,2.6710,2.6700,2.6710,61,0
20190117,0213,2.6710,2.6710,2.6700,2.6700,24,0
20190117,0214,2.6710,2.6710,2.6700,2.6710,14,0
20190117,0215,2.6710,2.6710,2.6700,2.6700,123,0
20190117,0216,2.6700,2.6700,2.6690,2.6700,33,0
20190117,0217,2.6700,2.6700,2.6700,2.6700,11,0
20190117,0218,2.6700,2.6710,2.6700,2.6710,15,0
20190117,0219,2.6710,2.6710,2.6710,2.6710,21,0
20190117,0220,2.6710,2.6720,2.6710,2.6720,30,0
20190117,0221,2.6720,2.6720,2.6700,2.6710,36,0
20190117,0222,2.6710,2.6720,2.6710,2.6710,24,0
20190117,0223,2.6710,2.6710,2.6710,2.6710,12,0
20190117,0224,2.6710,2.6710,2.6710,2.6710,15,0
20190117,0225,2.6710,2.6720,2.6710,2.6720,20,0
20190117,0226,2.6720,2.6730,2.6720,2.6720,44,0
20190117,0227,2.6720,2.6720,2.6710,2.6720,18,0
20190117,0228,2.6720,2.6720,2.6710,2.6710,8,0
20190117,0229,2.6710,2.6720,2.6710,2.6720,21,0
20190117,0230,2.6710,2.6720,2.6710,2.6710,18,0
20190117,0231,2.6710,2.6710,2.6710,2.6710,5,0
20190117,0232,2.6710,2.6720,2.6710,2.6710,6,0
20190117,0233,2.6710,2.6720,2.6710,2.6720,6,0
20190117,0234,2.6720,2.6720,2.6720,2.6720,26,0
20190117,0235,2.6720,2.6720,2.6720,2.6720,13,0
20190117,0236,2.6720,2.6720,2.6710,2.6710,2,0
20190117,0237,2.6710,2.6710,2.6710,2.6710,7,0
20190117,0238,2.6710,2.6720,2.6710,2.6720,9,0
20190117,0239,2.6720,2.6720,2.6700,2.6700,8,0
20190117,0240,2.6700,2.6710,2.6700,2.6710,5,0
20190117,0241,2.6710,2.6710,2.6710,2.6710,9,0
20190117,0242,2.6710,2.6720,2.6710,2.6710,8,0
20190117,0243,2.6710,2.6720,2.6710,2.6710,5,0
20190117,0244,2.6710,2.6710,2.6710,2.6710,12,0
20190117,0245,2.6710,2.6710,2.6710,2.6710,0,0
20190117,0246,2.6710,2.6710,2.6710,2.6710,4,0
20190117,0247,2.6710,2.6710,2.6710,2.6710,5,0
20190117,0248,2.6710,2.6730,2.6710,2.6730,15,0
20190117,0249,2.6730,2.6730,2.6730,2.6730,25,0
20190117,0250,2.6730,2.6730,2.6720,2.6720,2,0
20190117,0251,2.6720,2.6720,2.6720,2.6720,1,0
20190117,0252,2.6730,2.6730,2.6730,2.6730,1,0
20190117,0253,2.6730,2.6730,2.6720,2.6720,10,0
20190117,0254,2.6720,2.6720,2.6720,2.6720,3,0
20190117,0255,2.6720,2.6720,2.6720,2.6720,6,0
20190117,0256,2.6720,2.6730,2.6720,2.6730,18,0
20190117,0257,2.6730,2.6730,2.6730,2.6730,17,0
20190117,0258,2.6720,2.6720,2.6720,2.6720,34,0
20190117,0259,2.6720,2.6730,2.6720,2.6730,9,0
20190117,0300,2.6730,2.6730,2.6730,2.6730,4,0
20190117,0301,2.6730,2.6740,2.6730,2.6730,6,0
20190117,0302,2.6730,2.6730,2.6730,2.6730,17,0
20190117,0303,2.6730,2.6730,2.6720,2.6730,42,0
20190117,0304,2.6730,2.6740,2.6720,2.6730,39,0
20190117,0305,2.6730,2.6730,2.6730,2.6730,6,0
20190117,0306,2.6730,2.6730,2.6730,2.6730,10,0
20190117,0307,2.6730,2.6730,2.6730,2.6730,5,0
20190117,0308,2.6730,2.6730,2.6730,2.6730,8,0
20190117,0309,2.6730,2.6740,2.6730,2.6730,9,0
20190117,0310,2.6730,2.6730,2.6730,2.6730,1,0
20190117,0311,2.6730,2.6740,2.6730,2.6740,19,0
20190117,0312,2.6740,2.6740,2.6730,2.6730,2,0
20190117,0313,2.6730,2.6730,2.6730,2.6730,2,0
20190117,0314,2.6730,2.6730,2.6730,2.6730,3,0
20190117,0315,2.6730,2.6740,2.6730,2.6730,12,0
20190117,0316,2.6730,2.6740,2.6730,2.6740,1,0
20190117,0317,2.6740,2.6740,2.6730,2.6730,20,0
20190117,0318,2.6730,2.6730,2.6730,2.6730,12,0
20190117,0319,2.6730,2.6730,2.6720,2.6730,144,0
20190117,0320,2.6730,2.6740,2.6730,2.6740,11,0
20190117,0321,2.6740,2.6740,2.6740,2.6740,8,0
20190117,0322,2.6740,2.6750,2.6740,2.6750,11,0
20190117,0323,2.6750,2.6750,2.6750,2.6750,1,0
20190117,0324,2.6750,2.6750,2.6740,2.6740,8,0
20190117,0325,2.6740,2.6740,2.6730,2.6740,8,0
20190117,0326,2.6730,2.6730,2.6720,2.6720,19,0
20190117,0327,2.6720,2.6730,2.6720,2.6730,22,0
20190117,0328,2.6730,2.6740,2.6730,2.6730,11,0
20190117,0329,2.6730,2.6740,2.6730,2.6740,10,0
20190117,0330,2.6740,2.6740,2.6740,2.6740,19,0
20190117,0331,2.6740,2.6740,2.6740,2.6740,4,0
20190117,0332,2.6740,2.6740,2.6740,2.6740,6,0
20190117,0333,2.6740,2.6740,2.6730,2.6730,6,0
20190117,0334,2.6730,2.6740,2.6730,2.6740,2,0
20190117,0335,2.6740,2.6740,2.6740,2.6740,0,0
20190117,0336,2.6740,2.6740,2.6740,2.6740,4,0
20190117,0337,2.6740,2.6750,2.6740,2.6750,8,0
20190117,0338,2.6750,2.6750,2.6740,2.6740,8,0
20190117,0339,2.6740,2.6740,2.6740,2.6740,6,0
20190117,0340,2.6740,2.6740,2.6740,2.6740,0,0
20190117,0341,2.6740,2.6740,2.6740,2.6740,0,0
20190117,0342,2.6740,2.6740,2.6740,2.6740,1,0
20190117,0343,2.6740,2.6740,2.6730,2.6730,22,0
20190117,0344,2.6730,2.6740,2.6730,2.6740,15,0
20190117,0345,2.6740,2.6750,2.6740,2.6750,14,0
20190117,0346,2.6750,2.6750,2.6750,2.6750,88,0
20190117,0347,2.6750,2.6750,2.6750,2.6750,7,0
20190117,0348,2.6750,2.6750,2.6750,2.6750,11,0
20190117,0349,2.6750,2.6760,2.6750,2.6750,13,0
20190117,0350,2.6750,2.6750,2.6750,2.6750,6,0
20190117,0351,2.6750,2.6750,2.6750,2.6750,1,0
20190117,0352,2.6750,2.6750,2.6710,2.6720,175,0
20190117,0353,2.6750,2.6750,2.6740,2.6740,218,0
20190117,0354,2.6740,2.6750,2.6740,2.6750,30,0
20190117,0355,2.6750,2.6750,2.6750,2.6750,7,0
20190117,0356,2.6750,2.6750,2.6740,2.6740,9,0
20190117,0357,2.6740,2.6740,2.6730,2.6730,2,0
20190117,0358,2.6730,2.6730,2.6730,2.6730,8,0
20190117,0359,2.6730,2.6740,2.6730,2.6730,8,0
20190117,0400,2.6730,2.6730,2.6730,2.6730,7,0
20190117,0401,2.6730,2.6740,2.6730,2.6740,7,0
20190117,0402,2.6740,2.6740,2.6740,2.6740,8,0
20190117,0403,2.6740,2.6740,2.6740,2.6740,9,0
20190117,0404,2.6740,2.6740,2.6740,2.6740,11,0
20190117,0405,2.6740,2.6740,2.6740,2.6740,4,0
20190117,0406,2.6740,2.6740,2.6740,2.6740,1,0
20190117,0407,2.6740,2.6740,2.6740,2.6740,1,0
20190117,0408,2.6740,2.6740,2.6740,2.6740,2,0
20190117,0409,2.6740,2.6740,2.6740,2.6740,3,0
20190117,0410,2.6740,2.6750,2.6740,2.6750,3,0
20190117,0411,2.6750,2.6750,2.6750,2.6750,3,0
20190117,0412,2.6750,2.6750,2.6750,2.6750,4,0
20190117,0413,2.6750,2.6750,2.6750,2.6750,4,0
20190117,0414,2.6750,2.6750,2.6740,2.6740,2,0
20190117,0415,2.6740,2.6740,2.6740,2.6740,2,0
20190117,0416,2.6740,2.6740,2.6740,2.6740,2,0
20190117,0417,2.6740,2.6750,2.6740,2.6740,6,0
20190117,0418,2.6740,2.6740,2.6740,2.6740,4,0
20190117,0419,2.6740,2.6750,2.6740,2.6750,6,0
20190117,0420,2.6750,2.6750,2.6750,2.6750,0,0
20190117,0421,2.6750,2.6750,2.6740,2.6740,4,0
20190117,0422,2.6740,2.6750,2.6740,2.6740,3,0
20190117,0423,2.6740,2.6740,2.6740,2.6740,5,0
20190117,0424,2.6740,2.6740,2.6740,2.6740,2,0
20190117,0425,2.6740,2.6740,2.6740,2.6740,0,0
20190117,0426,2.6740,2.6740,2.6740,2.6740,4,0
20190117,0427,2.6740,2.6740,2.6740,2.6740,0,0
20190117,0428,2.6740,2.6740,2.6740,2.6740,9,0
20190117,0429,2.6740,2.6740,2.6740,2.6740,1,0
20190117,0430,2.6740,2.6740,2.6740,2.6740,6,0
20190117,0431,2.6740,2.6740,2.6740,2.6740,1,0
20190117,0432,2.6730,2.6730,2.6710,2.6710,75,0
20190117,0433,2.6710,2.6720,2.6710,2.6720,16,0
20190117,0434,2.6720,2.6720,2.6720,2.6720,6,0
20190117,0435,2.6720,2.6720,2.6720,2.6720,2,0
20190117,0436,2.6720,2.6720,2.6720,2.6720,2,0
20190117,0437,2.6720,2.6720,2.6720,2.6720,3,0
20190117,0438,2.6720,2.6720,2.6720,2.6720,5,0
20190117,0439,2.6720,2.6720,2.6720,2.6720,0,0
20190117,0440,2.6720,2.6730,2.6720,2.6730,5,0
20190117,0441,2.6730,2.6730,2.6720,2.6720,4,0
20190117,0442,2.6720,2.6720,2.6720,2.6720,4,0
20190117,0443,2.6720,2.6720,2.6720,2.6720,0,0
20190117,0444,2.6720,2.6720,2.6720,2.6720,1,0
20190117,0445,2.6720,2.6720,2.6720,2.6720,13,0
20190117,0446,2.6720,2.6730,2.6720,2.6720,11,0
20190117,0447,2.6720,2.6720,2.6720,2.6720,0,0
20190117,0448,2.6720,2.6720,2.6720,2.6720,5,0
20190117,0449,2.6720,2.6720,2.6720,2.6720,9,0
20190117,0450,2.6720,2.6720,2.6720,2.6720,15,0
20190117,0451,2.6720,2.6720,2.6720,2.6720,8,0
20190117,0452,2.6710,2.6720,2.6710,2.6720,8,0
20190117,0453,2.6720,2.6720,2.6720,2.6720,5,0
20190117,0454,2.6720,2.6720,2.6720,2.6720,0,0
20190117,0455,2.6720,2.6720,2.6720,2.6720,58,0
20190117,0456,2.6720,2.6720,2.6720,2.6720,8,0
20190117,0457,2.6720,2.6720,2.6720,2.6720,16,0
20190117,0458,2.6720,2.6720,2.6720,2.6720,1,0
20190117,0459,2.6720,2.6720,2.6720,2.6720,8,0
20190117,0500,2.6720,2.6720,2.6710,2.6710,15,0
20190117,0501,2.6710,2.6720,2.6710,2.6710,7,0
20190117,0502,2.6710,2.6720,2.6710,2.6720,2,0
20190117,0503,2.6720,2.6720,2.6720,2.6720,4,0
20190117,0504,2.6720,2.6720,2.6720,2.6720,1,0
20190117,0505,2.6720,2.6720,2.6720,2.6720,2,0
20190117,0506,2.6720,2.6720,2.6720,2.6720,8,0
20190117,0507,2.6720,2.6720,2.6710,2.6710,1,0
20190117,0508,2.6710,2.6720,2.6710,2.6720,9,0
20190117,0509,2.6720,2.6720,2.6720,2.6720,10,0
20190117,0510,2.6720,2.6720,2.6720,2.6720,8,0
20190117,0511,2.6720,2.6720,2.6720,2.6720,15,0
20190117,0512,2.6720,2.6720,2.6720,2.6720,1,0
20190117,0513,2.6720,2.6720,2.6720,2.6720,1,0
20190117,0514,2.6720,2.6720,2.6720,2.6720,0,0
20190117,0515,2.6720,2.6720,2.6720,2.6720,0,0
20190117,0516,2.6720,2.6720,2.6720,2.6720,0,0
20190117,0517,2.6720,2.6720,2.6720,2.6720,0,0
20190117,0518,2.6720,2.6720,2.6720,2.6720,17,0
20190117,0519,2.6720,2.6720,2.6720,2.6720,1,0
20190117,0520,2.6720,2.6720,2.6720,2.6720,0,0
20190117,0521,2.6720,2.6730,2.6720,2.6720,4,0
20190117,0522,2.6720,2.6720,2.6720,2.6720,0,0
20190117,0523,2.6720,2.6720,2.6720,2.6720,0,0
20190117,0524,2.6720,2.6720,2.6720,2.6720,7,0
20190117,0525,2.6730,2.6730,2.6730,2.6730,3,0
20190117,0526,2.6730,2.6730,2.6730,2.6730,8,0
20190117,0527,2.6730,2.6740,2.6730,2.6730,9,0
20190117,0528,2.6730,2.6730,2.6730,2.6730,2,0
20190117,0529,2.6730,2.6740,2.6730,2.6740,12,0
20190117,0530,2.6730,2.6740,2.6730,2.6730,56,0
20190117,0531,2.6730,2.6730,2.6730,2.6730,2,0
20190117,0532,2.6730,2.6730,2.6730,2.6730,1,0
20190117,0533,2.6730,2.6730,2.6730,2.6730,4,0
20190117,0534,2.6730,2.6730,2.6730,2.6730,0,0
20190117,0535,2.6730,2.6730,2.6720,2.6730,5,0
20190117,0536,2.6730,2.6730,2.6730,2.6730,0,0
20190117,0537,2.6730,2.6730,2.6720,2.6720,9,0
20190117,0538,2.6720,2.6720,2.6720,2.6720,102,0
20190117,0539,2.6720,2.6730,2.6720,2.6730,12,0
20190117,0540,2.6720,2.6720,2.6720,2.6720,6,0
20190117,0541,2.6720,2.6720,2.6720,2.6720,7,0
20190117,0542,2.6720,2.6720,2.6720,2.6720,4,0
20190117,0543,2.6720,2.6720,2.6720,2.6720,0,0
20190117,0544,2.6720,2.6720,2.6720,2.6720,1,0
20190117,0545,2.6720,2.6720,2.6720,2.6720,6,0
20190117,0546,2.6720,2.6730,2.6720,2.6730,6,0
20190117,0547,2.6720,2.6720,2.6720,2.6720,11,0
20190117,0548,2.6720,2.6720,2.6720,2.6720,2,0
20190117,0549,2.6720,2.6730,2.6720,2.6730,6,0
20190117,0550,2.6720,2.6730,2.6720,2.6730,14,0
20190117,0551,2.6730,2.6730,2.6730,2.6730,0,0
20190117,0552,2.6730,2.6730,2.6730,2.6730,0,0
20190117,0553,2.6730,2.6730,2.6730,2.6730,7,0
20190117,0554,2.6730,2.6730,2.6730,2.6730,8,0
20190117,0555,2.6730,2.6730,2.6730,2.6730,9,0
20190117,0556,2.6720,2.6720,2.6720,2.6720,3,0
20190117,0557,2.6720,2.6720,2.6720,2.6720,4,0
20190117,0558,2.6720,2.6720,2.6710,2.6710,5,0
20190117,0559,2.6710,2.6710,2.6710,2.6710,12,0
20190117,0605,2.6710,2.6710,2.6710,2.6710,0,0
20190117,0620,2.6710,2.6710,2.6710,2.6710,0,0
20190117,0700,2.6710,2.6710,2.6700,2.6710,11,0
20190117,0701,2.6710,2.6710,2.6710,2.6710,3,0
20190117,0702,2.6710,2.6710,2.6710,2.6710,3,0
20190117,0703,2.6710,2.6710,2.6700,2.6700,3,0
20190117,0704,2.6700,2.6700,2.6690,2.6700,21,0
20190117,0705,2.6700,2.6700,2.6690,2.6690,30,0
20190117,0706,2.6690,2.6690,2.6690,2.6690,2,0
20190117,0707,2.6690,2.6700,2.6690,2.6700,7,0
20190117,0708,2.6700,2.6700,2.6700,2.6700,3,0
20190117,0709,2.6700,2.6700,2.6700,2.6700,4,0
20190117,0710,2.6700,2.6700,2.6700,2.6700,3,0
20190117,0711,2.6700,2.6700,2.6700,2.6700,1,0
20190117,0712,2.6700,2.6700,2.6700,2.6700,0,0
20190117,0714,2.6700,2.6700,2.6700,2.6700,1,0
20190117,0715,2.6710,2.6710,2.6710,2.6710,4,0
20190117,0716,2.6710,2.6710,2.6710,2.6710,5,0
20190117,0717,2.6710,2.6710,2.6700,2.6700,6,0
20190117,0718,2.6700,2.6700,2.6700,2.6700,6,0
20190117,0719,2.6700,2.6700,2.6700,2.6700,0,0
20190117,0720,2.6700,2.6700,2.6700,2.6700,3,0
20190117,0721,2.6700,2.6700,2.6700,2.6700,0,0
20190117,0722,2.6700,2.6700,2.6700,2.6700,2,0
20190117,0723,2.6700,2.6700,2.6700,2.6700,15,0
20190117,0724,2.6700,2.6700,2.6700,2.6700,2,0
20190117,0725,2.6700,2.6700,2.6700,2.6700,1,0
20190117,0726,2.6700,2.6700,2.6700,2.6700,8,0
20190117,0727,2.6710,2.6710,2.6710,2.6710,13,0
20190117,0728,2.6710,2.6710,2.6700,2.6700,2,0
20190117,0729,2.6700,2.6710,2.6700,2.6710,2,0
20190117,0730,2.6710,2.6710,2.6710,2.6710,2,0
20190117,0731,2.6710,2.6710,2.6710,2.6710,4,0
20190117,0732,2.6710,2.6710,2.6710,2.6710,3,0
20190117,0733,2.6710,2.6710,2.6710,2.6710,1,0
20190117,0734,2.6710,2.6710,2.6710,2.6710,2,0
20190117,0735,2.6710,2.6710,2.6710,2.6710,2,0
20190117,0736,2.6710,2.6720,2.6710,2.6720,13,0
20190117,0737,2.6720,2.6720,2.6710,2.6710,1,0
20190117,0738,2.6710,2.6710,2.6710,2.6710,6,0
20190117,0739,2.6710,2.6710,2.6710,2.6710,0,0
20190117,0740,2.6710,2.6710,2.6710,2.6710,3,0
20190117,0741,2.6710,2.6710,2.6710,2.6710,0,0
20190117,0742,2.6710,2.6710,2.6700,2.6700,2,0
20190117,0743,2.6700,2.6700,2.6700,2.6700,1,0
20190117,0744,2.6700,2.6700,2.6700,2.6700,1,0
20190117,0745,2.6700,2.6710,2.6700,2.6710,1,0
20190117,0746,2.6700,2.6700,2.6700,2.6700,3,0
20190117,0747,2.6710,2.6710,2.6710,2.6710,4,0
20190117,0748,2.6710,2.6720,2.6710,2.6710,9,0
20190117,0749,2.6710,2.6710,2.6710,2.6710,0,0
20190117,0750,2.6710,2.6710,2.6710,2.6710,7,0
20190117,0751,2.6710,2.6710,2.6710,2.6710,0,0
20190117,0752,2.6710,2.6710,2.6710,2.6710,1,0
20190117,0753,2.6710,2.6710,2.6700,2.6700,8,0
20190117,0754,2.6700,2.6700,2.6690,2.6690,16,0
20190117,0755,2.6690,2.6690,2.6690,2.6690,2,0
20190117,0756,2.6700,2.6700,2.6700,2.6700,2,0
20190117,0757,2.6700,2.6700,2.6700,2.6700,2,0
20190117,0758,2.6700,2.6700,2.6690,2.6690,3,0
20190117,0759,2.6690,2.6690,2.6690,2.6690,9,0
20190117,0800,2.6690,2.6690,2.6670,2.6670,42,0
20190117,0801,2.6680,2.6690,2.6680,2.6690,13,0
20190117,0802,2.6690,2.6690,2.6690,2.6690,12,0
20190117,0803,2.6690,2.6690,2.6690,2.6690,4,0
20190117,0804,2.6690,2.6690,2.6690,2.6690,24,0
20190117,0805,2.6680,2.6680,2.6680,2.6680,9,0
20190117,0806,2.6680,2.6680,2.6680,2.6680,3,0
20190117,0807,2.6680,2.6680,2.6670,2.6670,9,0
20190117,0808,2.6670,2.6680,2.6670,2.6680,11,0
20190117,0809,2.6680,2.6680,2.6670,2.6680,6,0
20190117,0810,2.6680,2.6680,2.6670,2.6670,17,0
20190117,0811,2.6670,2.6670,2.6670,2.6670,6,0
20190117,0812,2.6670,2.6680,2.6670,2.6680,5,0
20190117,0813,2.6680,2.6680,2.6670,2.6670,24,0
20190117,0814,2.6670,2.6680,2.6670,2.6680,3,0
20190117,0815,2.6680,2.6680,2.6670,2.6680,4,0
20190117,0816,2.6680,2.6680,2.6680,2.6680,3,0
20190117,0817,2.6680,2.6690,2.6680,2.6680,16,0
20190117,0818,2.6680,2.6680,2.6670,2.6670,12,0
20190117,0819,2.6670,2.6670,2.6670,2.6670,10,0
20190117,0820,2.6670,2.6670,2.6670,2.6670,4,0
20190117,0821,2.6670,2.6680,2.6670,2.6680,10,0
20190117,0822,2.6680,2.6680,2.6670,2.6670,5,0
20190117,0823,2.6670,2.6680,2.6670,2.6670,3,0
20190117,0824,2.6670,2.6670,2.6670,2.6670,6,0
20190117,0825,2.6670,2.6680,2.6670,2.6680,3,0
20190117,0826,2.6680,2.6680,2.6670,2.6680,2,0
20190117,0827,2.6680,2.6680,2.6670,2.6680,4,0
20190117,0828,2.6680,2.6680,2.6680,2.6680,2,0
20190117,0829,2.6680,2.6680,2.6670,2.6680,9,0
20190117,0830,2.6680,2.6680,2.6670,2.6670,7,0
20190117,0831,2.6670,2.6680,2.6670,2.6680,2,0
20190117,0832,2.6680,2.6680,2.6670,2.6670,6,0
20190117,0833,2.6670,2.6680,2.6660,2.6660,18,0
20190117,0834,2.6660,2.6660,2.6650,2.6660,58,0
20190117,0835,2.6660,2.6670,2.6660,2.6670,5,0
20190117,0836,2.6670,2.6670,2.6670,2.6670,2,0
20190117,0837,2.6670,2.6670,2.6670,2.6670,3,0
20190117,0838,2.6680,2.6680,2.6680,2.6680,1,0
20190117,0839,2.6680,2.6680,2.6670,2.6670,10,0
20190117,0840,2.6670,2.6670,2.6670,2.6670,14,0
20190117,1022,2.6720,2.6720,2.6720,2.6720,6,0
20190117,1023,2.6720,2.6740,2.6720,2.6730,55,0
20190117,1024,2.6730,2.6740,2.6720,2.6720,21,0
20190117,1025,2.6720,2.6730,2.6720,2.6730,20,0
20190117,1026,2.6730,2.6730,2.6730,2.6730,6,0
20190117,1027,2.6730,2.6730,2.6730,2.6730,19,0
20190117,1028,2.6730,2.6730,2.6730,2.6730,7,0
20190117,1029,2.6730,2.6730,2.6730,2.6730,22,0
20190117,1030,2.6730,2.6730,2.6710,2.6720,85,0
20190117,1031,2.6720,2.6720,2.6710,2.6710,41,0
20190117,1032,2.6710,2.6710,2.6710,2.6710,8,0
20190117,1033,2.6710,2.6720,2.6710,2.6720,21,0
20190117,1034,2.6720,2.6720,2.6700,2.6700,21,0
20190117,1035,2.6710,2.6710,2.6700,2.6700,2,0
20190117,1036,2.6700,2.6700,2.6700,2.6700,10,0
20190117,1037,2.6700,2.6700,2.6690,2.6690,48,0
20190117,1038,2.6690,2.6700,2.6690,2.6690,13,0
20190117,1039,2.6690,2.6690,2.6690,2.6690,26,0
20190117,1040,2.6690,2.6700,2.6690,2.6690,47,0
20190117,1041,2.6690,2.6700,2.6690,2.6690,11,0
20190117,1042,2.6690,2.6700,2.6690,2.6690,17,0
20190117,1043,2.6690,2.6690,2.6690,2.6690,3,0
20190117,1044,2.6690,2.6690,2.6690,2.6690,24,0
20190117,1045,2.6690,2.6700,2.6690,2.6700,28,0
20190117,1046,2.6700,2.6700,2.6700,2.6700,17,0
20190117,1047,2.6700,2.6720,2.6700,2.6720,45,0
20190117,1048,2.6720,2.6720,2.6720,2.6720,9,0
20190117,1049,2.6720,2.6720,2.6710,2.6710,15,0
20190117,1050,2.6710,2.6720,2.6710,2.6710,26,0
20190117,1051,2.6710,2.6720,2.6710,2.6710,13,0
20190117,1052,2.6710,2.6720,2.6710,2.6720,13,0
20190117,1053,2.6720,2.6730,2.6720,2.6730,25,0
20190117,1054,2.6730,2.6730,2.6720,2.6720,21,0
20190117,1055,2.6730,2.6730,2.6720,2.6720,29,0
20190117,1056,2.6720,2.6740,2.6720,2.6740,57,0
20190117,1057,2.6740,2.6740,2.6740,2.6740,34,0
20190117,1058,2.6740,2.6740,2.6730,2.6730,57,0
20190117,1059,2.6730,2.6740,2.6730,2.6740,60,0
20190117,1100,2.6740,2.6740,2.6740,2.6740,70,0
20190117,1101,2.6740,2.6740,2.6740,2.6740,36,0
20190117,1102,2.6740,2.6750,2.6740,2.6740,73,0
20190117,1103,2.6740,2.6750,2.6740,2.6750,38,0
20190117,1104,2.6750,2.6750,2.6740,2.6740,44,0
20190117,1105,2.6740,2.6740,2.6730,2.6730,8,0
20190117,1106,2.6730,2.6730,2.6730,2.6730,17,0
20190117,1107,2.6730,2.6740,2.6730,2.6740,55,0
20190117,1108,2.6740,2.6740,2.6740,2.6740,51,0
20190117,1109,2.6730,2.6740,2.6730,2.6730,63,0
20190117,1110,2.6730,2.6740,2.6730,2.6730,25,0
20190117,1111,2.6740,2.6740,2.6740,2.6740,23,0
20190117,1112,2.6740,2.6740,2.6740,2.6740,41,0
20190117,1113,2.6740,2.6740,2.6740,2.6740,41,0
20190117,1114,2.6740,2.6750,2.6740,2.6750,40,0
20190117,1115,2.6750,2.6750,2.6740,2.6740,13,0
20190117,1116,2.6740,2.6750,2.6740,2.6750,67,0
20190117,1117,2.6750,2.6760,2.6750,2.6750,80,0
20190117,1118,2.6750,2.6750,2.6750,2.6750,4,0
20190117,1119,2.6750,2.6750,2.6750,2.6750,21,0
20190117,1120,2.6750,2.6760,2.6750,2.6760,91,0
20190117,1121,2.6760,2.6760,2.6750,2.6750,100,0
20190117,1122,2.6750,2.6750,2.6740,2.6740,25,0
20190117,1123,2.6740,2.6750,2.6740,2.6750,8,0
20190117,1124,2.6750,2.6760,2.6750,2.6760,28,0
20190117,1125,2.6760,2.6760,2.6750,2.6750,23,0
20190117,1126,2.6750,2.6750,2.6740,2.6740,22,0
20190117,1127,2.6740,2.6740,2.6740,2.6740,9,0
20190117,1128,2.6740,2.6760,2.6740,2.6760,26,0
20190117,1129,2.6760,2.6760,2.6740,2.6750,29,0
20190117,1130,2.6750,2.6750,2.6730,2.6740,97,0
20190117,1131,2.6740,2.6740,2.6740,2.6740,5,0
20190117,1132,2.6740,2.6750,2.6740,2.6750,12,0
20190117,1133,2.6750,2.6750,2.6750,2.6750,6,0
20190117,1134,2.6750,2.6760,2.6750,2.6760,10,0
20190117,1135,2.6760,2.6760,2.6750,2.6760,18,0
20190117,1136,2.6760,2.6760,2.6760,2.6760,6,0
20190117,1137,2.6760,2.6760,2.6760,2.6760,1,0
20190117,1138,2.6760,2.6760,2.6750,2.6750,12,0
20190117,1139,2.6750,2.6750,2.6740,2.6750,5,0
20190117,1140,2.6750,2.6750,2.6740,2.6740,8,0
20190117,1141,2.6750,2.6750,2.6740,2.6740,9,0
20190117,1142,2.6740,2.6750,2.6740,2.6750,5,0
20190117,1143,2.6750,2.6760,2.6750,2.6760,5,0
20190117,1144,2.6760,2.6760,2.6750,2.6750,17,0
20190117,1145,2.6750,2.6760,2.6750,2.6760,17,0
20190117,1146,2.6760,2.6760,2.6750,2.6750,2,0
20190117,1147,2.6750,2.6750,2.6750,2.6750,0,0
20190117,1148,2.6750,2.6760,2.6750,2.6750,6,0
20190117,1149,2.6760,2.6760,2.6750,2.6750,4,0
20190117,1150,2.6750,2.6760,2.6750,2.6760,5,0
20190117,1151,2.6760,2.6760,2.6750,2.6750,18,0
20190117,1152,2.6750,2.6750,2.6750,2.6750,4,0
20190117,1153,2.6750,2.6750,2.6750,2.6750,0,0
20190117,1154,2.6750,2.6750,2.6750,2.6750,8,0
20190117,1155,2.6750,2.6750,2.6750,2.6750,1,0
20190117,1156,2.6750,2.6750,2.6750,2.6750,12,0
20190117,1157,2.6750,2.6750,2.6750,2.6750,11,0
20190117,1158,2.6750,2.6750,2.6750,2.6750,1,0
20190117,1159,2.6750,2.6750,2.6740,2.6740,11,0
20190117,1200,2.6740,2.6750,2.6740,2.6750,8,0
20190117,1201,2.6750,2.6750,2.6750,2.6750,0,0
20190117,1202,2.6750,2.6750,2.6750,2.6750,0,0
20190117,1203,2.6750,2.6750,2.6750,2.6750,3,0
20190117,1204,2.6750,2.6750,2.6750,2.6750,3,0
20190117,1205,2.6750,2.6750,2.6740,2.6740,24,0
20190117,1206,2.6740,2.6740,2.6740,2.6740,9,0
20190117,1207,2.6740,2.6740,2.6740,2.6740,14,0
20190117,1208,2.6740,2.6740,2.6740,2.6740,14,0
20190117,1209,2.6740,2.6740,2.6740,2.6740,3,0
20190117,1210,2.6740,2.6740,2.6740,2.6740,3,0
20190117,1211,2.6740,2.6740,2.6740,2.6740,8,0
20190117,1212,2.6740,2.6740,2.6740,2.6740,2,0
20190117,1213,2.6740,2.6740,2.6740,2.6740,4,0
20190117,1214,2.6740,2.6740,2.6740,2.6740,6,0
20190117,1215,2.6740,2.6740,2.6740,2.6740,2,0
20190117,1216,2.6740,2.6740,2.6740,2.6740,6,0
20190117,1217,2.6740,2.6740,2.6740,2.6740,0,0
20190117,1218,2.6740,2.6740,2.6740,2.6740,0,0
20190117,1219,2.6730,2.6730,2.6730,2.6730,6,0
20190117,1220,2.6730,2.6740,2.6730,2.6730,14,0
20190117,1221,2.6740,2.6740,2.6730,2.6730,17,0
20190117,1222,2.6730,2.6730,2.6730,2.6730,0,0
20190117,1223,2.6730,2.6740,2.6730,2.6740,9,0
20190117,1224,2.6740,2.6740,2.6730,2.6730,5,0
20190117,1225,2.6730,2.6740,2.6730,2.6730,26,0
20190117,1226,2.6730,2.6740,2.6730,2.6730,9,0
20190117,1227,2.6730,2.6750,2.6730,2.6750,9,0
20190117,1228,2.6750,2.6750,2.6740,2.6740,3,0
20190117,1229,2.6740,2.6740,2.6740,2.6740,1,0
20190117,1230,2.6740,2.6740,2.6740,2.6740,4,0
20190117,1231,2.6740,2.6740,2.6740,2.6740,10,0
20190117,1232,2.6740,2.6740,2.6740,2.6740,5,0
20190117,1233,2.6740,2.6750,2.6740,2.6740,7,0
20190117,1234,2.6740,2.6750,2.6740,2.6750,1,0
20190117,1235,2.6740,2.6750,2.6740,2.6740,9,0
20190117,1236,2.6740,2.6750,2.6740,2.6750,17,0
20190117,1237,2.6750,2.6750,2.6750,2.6750,0,0
20190117,1238,2.6750,2.6750,2.6750,2.6750,2,0
20190117,1239,2.6750,2.6750,2.6750,2.6750,0,0
20190117,1240,2.6750,2.6750,2.6750,2.6750,1,0
20190117,1241,2.6750,2.6750,2.6750,2.6750,0,0
20190117,1242,2.6750,2.6750,2.6750,2.6750,2,0
20190117,1243,2.6750,2.6750,2.6750,2.6750,11,0
20190117,1244,2.6750,2.6750,2.6750,2.6750,5,0
20190117,1245,2.6750,2.6750,2.6750,2.6750,2,0
20190117,1246,2.6750,2.6750,2.6750,2.6750,4,0
20190117,1247,2.6750,2.6750,2.6740,2.6740,2,0
20190117,1248,2.6740,2.6740,2.6740,2.6740,13,0
20190117,1249,2.6740,2.6740,2.6740,2.6740,0,0
20190117,1250,2.6740,2.6740,2.6740,2.6740,5,0
20190117,1251,2.6740,2.6740,2.6740,2.6740,0,0
20190117,1252,2.6740,2.6740,2.6740,2.6740,8,0
20190117,1253,2.6740,2.6750,2.6740,2.6750,5,0
20190117,1254,2.6750,2.6750,2.6740,2.6740,8,0
20190117,1255,2.6740,2.6750,2.6740,2.6750,2,0
20190117,1256,2.6740,2.6740,2.6740,2.6740,3,0
20190117,1257,2.6740,2.6740,2.6740,2.6740,1,0
20190117,1258,2.6740,2.6750,2.6740,2.6750,6,0
20190117,1259,2.6750,2.6750,2.6750,2.6750,6,0
20190117,1300,2.6750,2.6750,2.6740,2.6740,6,0
20190117,1301,2.6740,2.6750,2.6740,2.6750,6,0
20190117,1302,2.6750,2.6750,2.6740,2.6740,2,0
20190117,1303,2.6740,2.6750,2.6740,2.6740,6,0
20190117,1304,2.6740,2.6740,2.6740,2.6740,6,0
20190117,1305,2.6740,2.6740,2.6740,2.6740,7,0
20190117,1306,2.6740,2.6740,2.6730,2.6740,3,0
20190117,1307,2.6740,2.6740,2.6730,2.6730,5,0
20190117,1308,2.6730,2.6730,2.6730,2.6730,1,0
20190117,1309,2.6730,2.6730,2.6730,2.6730,8,0
20190117,1310,2.6740,2.6740,2.6730,2.6740,16,0
20190117,1311,2.6740,2.6740,2.6730,2.6730,19,0
20190117,1312,2.6730,2.6740,2.6730,2.6730,5,0
20190117,1313,2.6730,2.6730,2.6730,2.6730,11,0
20190117,1314,2.6730,2.6730,2.6720,2.6720,14,0
20190117,1315,2.6720,2.6730,2.6720,2.6720,9,0
20190117,1316,2.6720,2.6730,2.6720,2.6720,10,0
20190117,1317,2.6730,2.6730,2.6730,2.6730,20,0
20190117,1318,2.6730,2.6730,2.6730,2.6730,12,0
20190117,1319,2.6730,2.6730,2.6720,2.6730,7,0
20190117,1320,2.6730,2.6740,2.6730,2.6730,5,0
20190117,1321,2.6730,2.6740,2.6730,2.6730,3,0
20190117,1322,2.6730,2.6740,2.6730,2.6730,3,0
20190117,1323,2.6730,2.6730,2.6730,2.6730,9,0
20190117,1324,2.6730,2.6730,2.6720,2.6720,13,0
20190117,1325,2.6720,2.6720,2.6720,2.6720,15,0
20190117,1326,2.6720,2.6720,2.6720,2.6720,11,0
20190117,1327,2.6720,2.6730,2.6720,2.6720,5,0
20190117,1328,2.6720,2.6720,2.6720,2.6720,4,0
20190117,1329,2.6720,2.6730,2.6720,2.6730,9,0
20190117,1330,2.6720,2.6730,2.6720,2.6720,48,0
20190117,1331,2.6720,2.6720,2.6720,2.6720,49,0
20190117,1332,2.6720,2.6720,2.6720,2.6720,20,0
20190117,1333,2.6720,2.6720,2.6710,2.6720,38,0
20190117,1334,2.6710,2.6710,2.6700,2.6710,24,0
20190117,1335,2.6710,2.6710,2.6700,2.6710,16,0
20190117,1336,2.6710,2.6710,2.6710,2.6710,4,0
20190117,1337,2.6710,2.6720,2.6710,2.6720,27,0
20190117,1338,2.6720,2.6720,2.6720,2.6720,16,0
20190117,1339,2.6720,2.6720,2.6720,2.6720,8,0
20190117,1340,2.6720,2.6720,2.6710,2.6710,22,0
20190117,1341,2.6710,2.6710,2.6710,2.6710,11,0
20190117,1342,2.6710,2.6710,2.6710,2.6710,4,0
20190117,1343,2.6710,2.6710,2.6710,2.6710,13,0
20190117,1344,2.6710,2.6730,2.6710,2.6730,45,0
20190117,1345,2.6730,2.6730,2.6720,2.6720,18,0
20190117,1346,2.6720,2.6720,2.6720,2.6720,6,0
20190117,1347,2.6720,2.6720,2.6720,2.6720,34,0
20190117,1348,2.6720,2.6720,2.6720,2.6720,6,0
20190117,1349,2.6720,2.6720,2.6710,2.6720,17,0
20190117,1350,2.6720,2.6720,2.6720,2.6720,34,0
20190117,1351,2.6720,2.6740,2.6720,2.6740,56,0
20190117,1352,2.6740,2.6760,2.6740,2.6750,60,0
20190117,1353,2.6750,2.6750,2.6750,2.6750,21,0
20190117,1354,2.6750,2.6760,2.6750,2.6760,50,0
20190117,1355,2.6760,2.6760,2.6750,2.6750,30,0
20190117,1356,2.6750,2.6760,2.6750,2.6760,28,0
20190117,1357,2.6760,2.6770,2.6750,2.6750,70,0
20190117,1358,2.6750,2.6770,2.6750,2.6770,73,0
20190117,1359,2.6770,2.6780,2.6760,2.6770,118,0
20190117,1400,2.6770,2.6770,2.6770,2.6770,43,0
20190117,1401,2.6770,2.6780,2.6770,2.6770,19,0
20190117,1402,2.6770,2.6780,2.6770,2.6780,18,0
20190117,1403,2.6780,2.6780,2.6780,2.6780,49,0
20190117,1404,2.6780,2.6790,2.6770,2.6780,51,0
20190117,1405,2.6780,2.6790,2.6780,2.6780,38,0
20190117,1406,2.6780,2.6780,2.6760,2.6760,46,0
20190117,1407,2.6760,2.6780,2.6760,2.6760,68,0
20190117,1408,2.6760,2.6770,2.6760,2.6770,27,0
20190117,1409,2.6770,2.6770,2.6770,2.6770,41,0
20190117,1410,2.6770,2.6770,2.6760,2.6770,13,0
20190117,1411,2.6770,2.6770,2.6770,2.6770,28,0
20190117,1412,2.6770,2.6770,2.6760,2.6770,20,0
20190117,1413,2.6770,2.6770,2.6770,2.6770,17,0
20190117,1414,2.6770,2.6770,2.6770,2.6770,11,0
20190117,1415,2.6770,2.6770,2.6760,2.6760,26,0
20190117,1416,2.6760,2.6760,2.6760,2.6760,8,0
20190117,1417,2.6760,2.6760,2.6750,2.6750,24,0
20190117,1418,2.6750,2.6750,2.6740,2.6750,52,0
20190117,1419,2.6750,2.6750,2.6740,2.6740,111,0
20190117,1420,2.6740,2.6750,2.6730,2.6740,85,0
20190117,1421,2.6740,2.6740,2.6740,2.6740,17,0
20190117,1422,2.6740,2.6740,2.6740,2.6740,1,0
20190117,1423,2.6740,2.6740,2.6740,2.6740,15,0
20190117,1424,2.6740,2.6750,2.6740,2.6750,53,0
20190117,1425,2.6750,2.6760,2.6750,2.6760,30,0
20190117,1426,2.6760,2.6760,2.6760,2.6760,25,0
20190117,1427,2.6760,2.6760,2.6750,2.6750,44,0
20190117,1428,2.6750,2.6750,2.6750,2.6750,35,0
20190117,1429,2.6750,2.6760,2.6750,2.6750,26,0
20190117,1430,2.6750,2.6750,2.6750,2.6750,13,0
20190117,1431,2.6750,2.6750,2.6740,2.6740,48,0
20190117,1432,2.6740,2.6740,2.6730,2.6730,93,0
20190117,1433,2.6730,2.6730,2.6720,2.6720,39,0
20190117,1434,2.6720,2.6730,2.6710,2.6720,92,0
20190117,1435,2.6710,2.6720,2.6710,2.6720,39,0
20190117,1436,2.6720,2.6730,2.6720,2.6730,39,0
20190117,1437,2.6730,2.6740,2.6720,2.6740,59,0
20190117,1438,2.6740,2.6740,2.6730,2.6730,19,0
20190117,1439,2.6730,2.6740,2.6730,2.6730,17,0
20190117,1440,2.6730,2.6730,2.6720,2.6720,46,0
20190117,1441,2.6720,2.6730,2.6720,2.6730,20,0
20190117,1442,2.6730,2.6730,2.6720,2.6720,47,0
20190117,1443,2.6720,2.6720,2.6710,2.6720,41,0
20190117,1444,2.6720,2.6720,2.6700,2.6710,57,0
20190117,1445,2.6710,2.6710,2.6700,2.6700,61,0
20190117,1446,2.6700,2.6710,2.6700,2.6700,61,0
20190117,1447,2.6700,2.6700,2.6700,2.6700,20,0
20190117,1448,2.6700,2.6710,2.6700,2.6710,45,0
20190117,1449,2.6710,2.6710,2.6700,2.6700,2,0
20190117,1450,2.6700,2.6710,2.6700,2.6710,38,0
20190117,1451,2.6710,2.6710,2.6710,2.6710,50,0
20190117,1452,2.6710,2.6720,2.6710,2.6720,14,0
20190117,1453,2.6720,2.6720,2.6710,2.6710,46,0
20190117,1454,2.6710,2.6710,2.6710,2.6710,45,0
20190117,1455,2.6710,2.6720,2.6710,2.6720,30,0
20190117,1456,2.6720,2.6730,2.6710,2.6710,19,0
20190117,1457,2.6710,2.6720,2.6710,2.6710,20,0
20190117,1458,2.6710,2.6710,2.6700,2.6700,47,0
20190117,1459,2.6700,2.6710,2.6700,2.6700,27,0
20190117,1500,2.6700,2.6720,2.6690,2.6720,89,0
20190117,1501,2.6720,2.6720,2.6710,2.6720,38,0
20190117,1502,2.6720,2.6720,2.6710,2.6720,45,0
20190117,1503,2.6720,2.6730,2.6720,2.6730,35,0
20190117,1504,2.6730,2.6740,2.6730,2.6740,32,0
20190117,1505,2.6740,2.6750,2.6730,2.6750,60,0
20190117,1506,2.6750,2.6750,2.6740,2.6750,25,0
20190117,1507,2.6750,2.6750,2.6740,2.6740,14,0
20190117,1508,2.6740,2.6750,2.6740,2.6750,21,0
20190117,1509,2.6750,2.6750,2.6740,2.6750,24,0
20190117,1510,2.6750,2.6750,2.6740,2.6740,28,0
20190117,1511,2.6740,2.6750,2.6730,2.6740,38,0
20190117,1512,2.6740,2.6740,2.6730,2.6740,47,0
20190117,1513,2.6740,2.6760,2.6740,2.6760,34,0
20190117,1514,2.6760,2.6760,2.6750,2.6750,41,0
20190117,1515,2.6750,2.6760,2.6750,2.6760,45,0
20190117,1516,2.6760,2.6770,2.6760,2.6770,24,0
20190117,1517,2.6770,2.6770,2.6760,2.6770,32,0
20190117,1518,2.6770,2.6770,2.6770,2.6770,30,0
20190117,1519,2.6770,2.6770,2.6770,2.6770,15,0
20190117,1520,2.6770,2.6770,2.6760,2.6770,42,0
20190117,1521,2.6770,2.6770,2.6760,2.6760,28,0
20190117,1522,2.6760,2.6760,2.6750,2.6750,21,0
20190117,1523,2.6750,2.6750,2.6740,2.6740,35,0
20190117,1524,2.6750,2.6750,2.6740,2.6740,36,0
20190117,1525,2.6740,2.6740,2.6740,2.6740,22,0
20190117,1526,2.6740,2.6760,2.6740,2.6750,27,0
20190117,1527,2.6750,2.6750,2.6740,2.6740,12,0
20190117,1528,2.6740,2.6740,2.6740,2.6740,5,0
20190117,1529,2.6740,2.6750,2.6740,2.6740,25,0
20190117,1530,2.6740,2.6740,2.6730,2.6730,37,0
20190117,1531,2.6740,2.6750,2.6740,2.6750,20,0
20190117,1532,2.6750,2.6750,2.6740,2.6750,17,0
20190117,1533,2.6750,2.6750,2.6740,2.6750,9,0
20190117,1534,2.6750,2.6750,2.6740,2.6740,5,0
20190117,1535,2.6740,2.6740,2.6740,2.6740,13,0
20190117,1536,2.6740,2.6740,2.6730,2.6730,18,0
20190117,1537,2.6730,2.6730,2.6720,2.6720,43,0
20190117,1538,2.6720,2.6720,2.6710,2.6710,25,0
20190117,1539,2.6720,2.6740,2.6720,2.6740,34,0
20190117,1540,2.6740,2.6750,2.6740,2.6750,27,0
20190117,1541,2.6750,2.6750,2.6730,2.6740,23,0
20190117,1542,2.6740,2.6740,2.6730,2.6730,13,0
20190117,1543,2.6730,2.6730,2.6730,2.6730,12,0
20190117,1544,2.6730,2.6740,2.6720,2.6730,12,0
20190117,1545,2.6730,2.6730,2.6720,2.6730,22,0
20190117,1546,2.6730,2.6740,2.6730,2.6740,8,0
20190117,1547,2.6740,2.6740,2.6730,2.6730,7,0
20190117,1548,2.6740,2.6740,2.6730,2.6740,23,0
20190117,1549,2.6740,2.6750,2.6740,2.6750,23,0
20190117,1550,2.6750,2.6750,2.6740,2.6750,19,0
20190117,1551,2.6750,2.6750,2.6750,2.6750,65,0
20190117,1552,2.6750,2.6750,2.6730,2.6730,20,0
20190117,1553,2.6730,2.6740,2.6730,2.6740,27,0
20190117,1554,2.6740,2.6750,2.6740,2.6750,16,0
20190117,1555,2.6750,2.6750,2.6730,2.6730,22,0
20190117,1556,2.6730,2.6740,2.6730,2.6740,7,0
20190117,1557,2.6740,2.6750,2.6740,2.6740,27,0
20190117,1558,2.6740,2.6740,2.6740,2.6740,12,0
20190117,1559,2.6740,2.6760,2.6740,2.6740,40,0
20190117,1600,2.6740,2.6760,2.6730,2.6750,49,0
20190117,1601,2.6750,2.6750,2.6740,2.6740,23,0
20190117,1602,2.6740,2.6750,2.6740,2.6750,32,0
20190117,1603,2.6750,2.6750,2.6730,2.6730,40,0
20190117,1604,2.6730,2.6740,2.6730,2.6740,40,0
20190117,1605,2.6740,2.6740,2.6720,2.6720,27,0
20190117,1606,2.6720,2.6720,2.6710,2.6720,29,0
20190117,1607,2.6720,2.6730,2.6720,2.6720,27,0
20190117,1608,2.6720,2.6730,2.6720,2.6730,13,0
20190117,1609,2.6730,2.6740,2.6730,2.6740,34,0
20190117,1610,2.6740,2.6740,2.6720,2.6730,24,0
20190117,1611,2.6730,2.6730,2.6720,2.6720,19,0
20190117,1612,2.6720,2.6720,2.6710,2.6710,23,0
20190117,1613,2.6710,2.6710,2.6710,2.6710,22,0
20190117,1614,2.6710,2.6710,2.6710,2.6710,24,0
20190117,1615,2.6710,2.6720,2.6700,2.6700,40,0
20190117,1616,2.6700,2.6700,2.6680,2.6680,87,0
20190117,1617,2.6680,2.6690,2.6680,2.6690,36,0
20190117,1618,2.6690,2.6700,2.6680,2.6680,61,0
20190117,1619,2.6680,2.6690,2.6680,2.6680,45,0
20190117,1620,2.6680,2.6690,2.6680,2.6690,40,0
20190117,1621,2.6690,2.6690,2.6680,2.6690,14,0
20190117,1622,2.6690,2.6690,2.6680,2.6680,11,0
20190117,1623,2.6690,2.6690,2.6680,2.6680,30,0
20190117,1624,2.6680,2.6680,2.6660,2.6680,122,0
20190117,1625,2.6680,2.6680,2.6680,2.6680,34,0
20190117,1626,2.6680,2.6680,2.6670,2.6680,39,0
20190117,1627,2.6680,2.6690,2.6680,2.6680,71,0
20190117,1628,2.6680,2.6690,2.6670,2.6670,49,0
20190117,1629,2.6670,2.6680,2.6670,2.6680,32,0
20190117,1630,2.6680,2.6680,2.6670,2.6680,33,0
20190117,1631,2.6680,2.6690,2.6670,2.6670,29,0
20190117,1632,2.6670,2.6680,2.6670,2.6670,68,0
20190117,1633,2.6670,2.6680,2.6670,2.6670,29,0
20190117,1634,2.6670,2.6680,2.6670,2.6680,35,0
20190117,1635,2.6680,2.6680,2.6670,2.6680,7,0
20190117,1636,2.6670,2.6670,2.6660,2.6660,22,0
20190117,1637,2.6660,2.6670,2.6660,2.6660,34,0
20190117,1638,2.6660,2.6660,2.6650,2.6650,89,0
20190117,1639,2.6650,2.6650,2.6640,2.6640,89,0
20190117,1640,2.6640,2.6670,2.6640,2.6670,66,0
20190117,1641,2.6670,2.6680,2.6670,2.6670,31,0
20190117,1642,2.6660,2.6670,2.6660,2.6660,13,0
20190117,1643,2.6660,2.6670,2.6660,2.6670,5,0
20190117,1644,2.6670,2.6680,2.6670,2.6680,4,0
20190117,1645,2.6680,2.6700,2.6680,2.6700,78,0
20190117,1646,2.6700,2.6710,2.6700,2.6710,31,0
20190117,1647,2.6710,2.6710,2.6690,2.6700,42,0
20190117,1648,2.6700,2.6700,2.6700,2.6700,12,0
20190117,1649,2.6700,2.6710,2.6700,2.6710,56,0
20190117,1650,2.6710,2.6720,2.6710,2.6710,44,0
20190117,1651,2.6710,2.6710,2.6700,2.6710,28,0
20190117,1652,2.6710,2.6720,2.6710,2.6710,22,0
20190117,1653,2.6710,2.6710,2.6700,2.6700,25,0
20190117,1654,2.6700,2.6710,2.6700,2.6710,14,0
20190117,1655,2.6710,2.6730,2.6710,2.6730,75,0
20190117,1656,2.6730,2.6730,2.6720,2.6720,18,0
20190117,1657,2.6720,2.6720,2.6700,2.6700,16,0
20190117,1658,2.6700,2.6700,2.6690,2.6700,32,0
20190117,1659,2.6700,2.6710,2.6700,2.6710,13,0
20190117,1700,2.6710,2.6710,2.6690,2.6690,24,0
20190117,1701,2.6690,2.6710,2.6690,2.6710,26,0
20190117,1702,2.6710,2.6710,2.6710,2.6710,13,0
20190117,1703,2.6710,2.6710,2.6710,2.6710,20,0
20190117,1704,2.6710,2.6720,2.6710,2.6720,12,0
20190117,1705,2.6720,2.6720,2.6710,2.6710,15,0
20190117,1706,2.6710,2.6710,2.6690,2.6700,44,0
20190117,1707,2.6700,2.6700,2.6680,2.6690,83,0
20190117,1708,2.6690,2.6710,2.6690,2.6710,18,0
20190117,1709,2.6710,2.6710,2.6700,2.6700,11,0
20190117,1710,2.6710,2.6710,2.6700,2.6700,27,0
20190117,1711,2.6700,2.6710,2.6700,2.6700,24,0
20190117,1712,2.6700,2.6700,2.6690,2.6690,15,0
20190117,1713,2.6690,2.6690,2.6690,2.6690,16,0
20190117,1714,2.6690,2.6700,2.6690,2.6690,14,0
20190117,1715,2.6690,2.6700,2.6680,2.6690,37,0
20190117,1716,2.6690,2.6690,2.6680,2.6680,29,0
20190117,1717,2.6680,2.6690,2.6680,2.6680,31,0
20190117,1718,2.6680,2.6690,2.6680,2.6680,11,0
20190117,1719,2.6680,2.6680,2.6670,2.6670,66,0
20190117,1720,2.6670,2.6670,2.6660,2.6670,21,0
20190117,1721,2.6670,2.6680,2.6660,2.6680,40,0
20190117,1722,2.6680,2.6680,2.6670,2.6680,18,0
20190117,1723,2.6680,2.6680,2.6680,2.6680,29,0
20190117,1724,2.6680,2.6690,2.6680,2.6690,17,0
20190117,1725,2.6690,2.6690,2.6690,2.6690,6,0
20190117,1726,2.6690,2.6690,2.6680,2.6680,22,0
20190117,1727,2.6680,2.6690,2.6670,2.6690,42,0
20190117,1728,2.6690,2.6700,2.6690,2.6700,28,0
20190117,1729,2.6700,2.6700,2.6690,2.6690,4,0
20190117,1730,2.6690,2.6690,2.6690,2.6690,16,0
20190117,1731,2.6690,2.6690,2.6690,2.6690,7,0
20190117,1732,2.6690,2.6700,2.6690,2.6690,3,0
20190117,1733,2.6690,2.6690,2.6690,2.6690,19,0
20190117,1734,2.6690,2.6690,2.6690,2.6690,6,0
20190117,1735,2.6690,2.6690,2.6680,2.6680,10,0
20190117,1736,2.6680,2.6680,2.6680,2.6680,18,0
20190117,1737,2.6680,2.6680,2.6680,2.6680,20,0
20190117,1738,2.6680,2.6680,2.6670,2.6680,12,0
20190117,1739,2.6680,2.6680,2.6680,2.6680,9,0
20190117,1740,2.6680,2.6680,2.6670,2.6680,5,0
20190117,1741,2.6680,2.6680,2.6660,2.6660,31,0
20190117,1742,2.6660,2.6660,2.6650,2.6660,34,0
20190117,1743,2.6660,2.6670,2.6650,2.6660,20,0
20190117,1744,2.6660,2.6660,2.6660,2.6660,2,0
20190117,1745,2.6660,2.6670,2.6660,2.6670,10,0
20190117,1746,2.6670,2.6670,2.6670,2.6670,12,0
20190117,1747,2.6670,2.6670,2.6670,2.6670,8,0
20190117,1748,2.6670,2.6670,2.6670,2.6670,14,0
20190117,1749,2.6670,2.6670,2.6670,2.6670,9,0
20190117,1750,2.6670,2.6670,2.6660,2.6660,26,0
20190117,1751,2.6660,2.6660,2.6650,2.6650,49,0
20190117,1752,2.6650,2.6650,2.6650,2.6650,25,0
20190117,1753,2.6650,2.6660,2.6650,2.6650,18,0
20190117,1754,2.6650,2.6650,2.6640,2.6650,19,0
20190117,1755,2.6650,2.6650,2.6640,2.6650,16,0
20190117,1756,2.6650,2.6650,2.6640,2.6640,35,0
20190117,1757,2.6640,2.6660,2.6640,2.6660,28,0
20190117,1758,2.6660,2.6660,2.6650,2.6660,7,0
20190117,1759,2.6660,2.6660,2.6660,2.6660,4,0
20190117,1800,2.6660,2.6660,2.6660,2.6660,2,0
20190117,1801,2.6670,2.6670,2.6670,2.6670,39,0
20190117,1802,2.6670,2.6670,2.6670,2.6670,6,0
20190117,1803,2.6670,2.6680,2.6670,2.6680,35,0
20190117,1804,2.6680,2.6680,2.6680,2.6680,21,0
20190117,1805,2.6680,2.6680,2.6680,2.6680,13,0
20190117,1806,2.6680,2.6680,2.6670,2.6680,21,0
20190117,1807,2.6680,2.6690,2.6670,2.6670,54,0
20190117,1808,2.6670,2.6680,2.6670,2.6680,13,0
20190117,1809,2.6680,2.6690,2.6670,2.6690,21,0
20190117,1810,2.6680,2.6680,2.6670,2.6670,25,0
20190117,1811,2.6670,2.6670,2.6670,2.6670,7,0
20190117,1812,2.6670,2.6680,2.6670,2.6680,4,0
20190117,1813,2.6680,2.6690,2.6680,2.6680,21,0
20190117,1814,2.6680,2.6680,2.6680,2.6680,8,0
20190117,1815,2.6680,2.6680,2.6670,2.6670,15,0
20190117,1816,2.6670,2.6680,2.6670,2.6680,11,0
20190117,1817,2.6680,2.6690,2.6680,2.6680,6,0
20190117,1818,2.6680,2.6690,2.6680,2.6690,17,0
20190117,1819,2.6690,2.6690,2.6680,2.6680,24,0
20190117,1820,2.6680,2.6690,2.6680,2.6690,12,0
20190117,1821,2.6690,2.6690,2.6690,2.6690,8,0
20190117,1822,2.6690,2.6690,2.6690,2.6690,11,0
20190117,1823,2.6690,2.6690,2.6690,2.6690,8,0
20190117,1824,2.6690,2.6700,2.6690,2.6700,47,0
20190117,1825,2.6700,2.6710,2.6700,2.6700,32,0
20190117,1826,2.6700,2.6710,2.6700,2.6700,14,0
20190117,1827,2.6700,2.6710,2.6700,2.6700,4,0
20190117,1828,2.6700,2.6710,2.6700,2.6700,22,0
20190117,1829,2.6700,2.6710,2.6700,2.6700,9,0
20190117,1830,2.6700,2.6710,2.6700,2.6710,17,0
20190117,1831,2.6710,2.6710,2.6700,2.6700,8,0
20190117,1832,2.6700,2.6710,2.6700,2.6710,7,0
20190117,1833,2.6710,2.6720,2.6700,2.6720,89,0
20190117,1834,2.6720,2.6720,2.6710,2.6710,59,0
20190117,1835,2.6710,2.6720,2.6710,2.6720,30,0
20190117,1836,2.6720,2.6720,2.6700,2.6710,56,0
20190117,1837,2.6710,2.6720,2.6710,2.6710,17,0
20190117,1838,2.6710,2.6710,2.6700,2.6710,16,0
20190117,1839,2.6710,2.6710,2.6690,2.6690,39,0
20190117,1840,2.6690,2.6700,2.6690,2.6700,5,0
20190117,1841,2.6700,2.6700,2.6680,2.6680,25,0
20190117,1842,2.6690,2.6690,2.6680,2.6690,17,0
20190117,1843,2.6690,2.6690,2.6670,2.6670,66,0
20190117,1844,2.6670,2.6680,2.6670,2.6680,17,0
20190117,1845,2.6680,2.6690,2.6680,2.6690,10,0
20190117,1846,2.6690,2.6690,2.6670,2.6680,17,0
20190117,1847,2.6680,2.6680,2.6680,2.6680,4,0
20190117,1848,2.6680,2.6690,2.6680,2.6680,19,0
20190117,1849,2.6680,2.6680,2.6680,2.6680,17,0
20190117,1850,2.6680,2.6680,2.6680,2.6680,3,0
20190117,1851,2.6680,2.6690,2.6680,2.6690,6,0
20190117,1852,2.6690,2.6690,2.6690,2.6690,4,0
20190117,1853,2.6690,2.6690,2.6690,2.6690,5,0
20190117,1854,2.6690,2.6690,2.6680,2.6690,17,0
20190117,1855,2.6690,2.6690,2.6680,2.6680,28,0
20190117,1856,2.6680,2.6690,2.6680,2.6690,5,0
20190117,1857,2.6690,2.6690,2.6690,2.6690,4,0
20190117,1858,2.6690,2.6690,2.6690,2.6690,6,0
20190117,1859,2.6690,2.6690,2.6690,2.6690,19,0
20190117,1900,2.6690,2.6690,2.6690,2.6690,11,0
20190117,1901,2.6690,2.6700,2.6690,2.6700,106,0
20190117,1902,2.6700,2.6700,2.6690,2.6690,31,0
20190117,1903,2.6690,2.6690,2.6690,2.6690,28,0
20190117,1904,2.6690,2.6690,2.6680,2.6680,6,0
20190117,1905,2.6680,2.6690,2.6680,2.6680,25,0
20190117,1906,2.6680,2.6690,2.6680,2.6680,30,0
20190117,1907,2.6680,2.6690,2.6680,2.6680,15,0
20190117,1908,2.6680,2.6690,2.6680,2.6690,3,0
20190117,1909,2.6690,2.6700,2.6690,2.6700,10,0
20190117,1910,2.6700,2.6700,2.6690,2.6690,27,0
20190117,1911,2.6680,2.6690,2.6680,2.6680,10,0
20190117,1912,2.6680,2.6680,2.6680,2.6680,5,0
20190117,1913,2.6680,2.6690,2.6680,2.6690,12,0
20190117,1914,2.6690,2.6690,2.6680,2.6680,27,0
20190117,1915,2.6680,2.6680,2.6670,2.6680,25,0
20190117,1916,2.6680,2.6690,2.6680,2.6680,24,0
20190117,1917,2.6680,2.6690,2.6680,2.6690,16,0
20190117,1918,2.6690,2.6690,2.6680,2.6680,38,0
20190117,1919,2.6680,2.6690,2.6680,2.6690,12,0
20190117,1920,2.6690,2.6690,2.6660,2.6670,71,0
20190117,1921,2.6670,2.6670,2.6670,2.6670,22,0
20190117,1922,2.6670,2.6670,2.6660,2.6670,18,0
20190117,1923,2.6670,2.6670,2.6660,2.6670,35,0
20190117,1924,2.6670,2.6670,2.6660,2.6670,36,0
20190117,1925,2.6670,2.6670,2.6660,2.6670,28,0
20190117,1926,2.6670,2.6670,2.6660,2.6660,16,0
20190117,1927,2.6660,2.6670,2.6660,2.6660,20,0
20190117,1928,2.6660,2.6670,2.6660,2.6660,36,0
20190117,1929,2.6660,2.6660,2.6650,2.6650,57,0
20190117,1930,2.6650,2.6660,2.6650,2.6650,37,0
20190117,1931,2.6650,2.6670,2.6650,2.6670,48,0
20190117,1932,2.6670,2.6670,2.6660,2.6670,13,0
20190117,1933,2.6670,2.6670,2.6660,2.6670,11,0
20190117,1934,2.6670,2.6680,2.6670,2.6680,30,0
20190117,1935,2.6680,2.6680,2.6670,2.6680,25,0
20190117,1936,2.6680,2.6680,2.6670,2.6680,32,0
20190117,1937,2.6680,2.6680,2.6680,2.6680,8,0
20190117,2350,2.6670,2.6680,2.6660,2.6670,128,0
20190117,2351,2.6670,2.6680,2.6670,2.6680,68,0
20190117,2352,2.6680,2.6690,2.6680,2.6690,126,0
20190117,2353,2.6690,2.6700,2.6690,2.6700,172,0
20190117,2354,2.6700,2.6710,2.6700,2.6700,83,0
20190117,2355,2.6700,2.6710,2.6700,2.6700,136,0
20190117,2356,2.6700,2.6720,2.6700,2.6710,210,0
20190117,2357,2.6710,2.6710,2.6700,2.6700,88,0
20190117,2358,2.6700,2.6710,2.6700,2.6710,148,0
20190117,2359,2.6710,2.6710,2.6700,2.6700,67,0
20190118,0000,2.6700,2.6710,2.6700,2.6710,203,0
20190118,0001,2.6710,2.6720,2.6700,2.6710,43,0
20190118,0002,2.6710,2.6730,2.6710,2.6720,89,0
20190118,0003,2.6720,2.6720,2.6710,2.6710,78,0
20190118,0004,2.6710,2.6710,2.6700,2.6700,76,0
20190118,0005,2.6700,2.6710,2.6700,2.6700,128,0
20190118,0006,2.6700,2.6720,2.6700,2.6720,101,0
20190118,0007,2.6720,2.6720,2.6700,2.6700,59,0
20190118,0008,2.6700,2.6730,2.6700,2.6730,132,0
20190118,0009,2.6730,2.6750,2.6730,2.6740,345,0
20190118,0010,2.6750,2.6750,2.6740,2.6740,99,0
20190118,0011,2.6740,2.6740,2.6730,2.6740,39,0
20190118,0012,2.6740,2.6740,2.6740,2.6740,32,0
20190118,0013,2.6740,2.6760,2.6740,2.6760,110,0
20190118,0014,2.6760,2.6770,2.6750,2.6770,129,0
20190118,0015,2.6770,2.6780,2.6770,2.6770,161,0
20190118,0016,2.6770,2.6780,2.6760,2.6780,187,0
20190118,0017,2.6780,2.6810,2.6780,2.6790,584,0
20190118,0018,2.6800,2.6800,2.6790,2.6790,269,0
20190118,0019,2.6790,2.6790,2.6770,2.6780,53,0
20190118,0020,2.6780,2.6800,2.6780,2.6800,67,0
20190118,0021,2.6800,2.6800,2.6790,2.6790,31,0
20190118,0022,2.6790,2.6790,2.6780,2.6790,864,0
20190118,0023,2.6790,2.6790,2.6770,2.6770,122,0
20190118,0024,2.6770,2.6770,2.6760,2.6770,103,0
20190118,0025,2.6770,2.6770,2.6760,2.6770,86,0
20190118,0026,2.6770,2.6770,2.6760,2.6760,86,0
20190118,0027,2.6760,2.6770,2.6760,2.6760,77,0
20190118,0028,2.6750,2.6750,2.6750,2.6750,136,0
20190118,0029,2.6750,2.6760,2.6750,2.6750,26,0
20190118,0030,2.6750,2.6760,2.6750,2.6750,53,0
20190118,0031,2.6750,2.6760,2.6750,2.6750,55,0
20190118,0032,2.6750,2.6780,2.6750,2.6770,76,0
20190118,0033,2.6770,2.6780,2.6770,2.6770,153,0
20190118,0034,2.6770,2.6780,2.6760,2.6780,142,0
20190118,0035,2.6790,2.6800,2.6770,2.6790,293,0
20190118,0036,2.6800,2.6820,2.6790,2.6810,208,0
20190118,0037,2.6810,2.6810,2.6800,2.6800,82,0
20190118,0038,2.6800,2.6800,2.6790,2.6790,136,0
20190118,0039,2.6790,2.6810,2.6790,2.6810,113,0
20190118,0040,2.6800,2.6820,2.6800,2.6810,145,0
20190118,0041,2.6820,2.6830,2.6810,2.6820,191,0
20190118,0042,2.6820,2.6820,2.6810,2.6820,264,0
20190118,0043,2.6820,2.6820,2.6810,2.6810,38,0
20190118,0044,2.6810,2.6820,2.6810,2.6810,22,0
20190118,0045,2.6810,2.6810,2.6810,2.6810,88,0
20190118,0046,2.6810,2.6820,2.6810,2.6820,67,0
20190118,0047,2.6820,2.6820,2.6820,2.6820,57,0
20190118,0048,2.6820,2.6820,2.6810,2.6810,67,0
20190118,0049,2.6810,2.6810,2.6800,2.6800,59,0
20190118,0050,2.6800,2.6810,2.6800,2.6810,62,0
20190118,0051,2.6810,2.6810,2.6800,2.6800,64,0
20190118,0052,2.6800,2.6800,2.6800,2.6800,16,0
20190118,0053,2.6800,2.6800,2.6800,2.6800,33,0
20190118,0054,2.6800,2.6810,2.6800,2.6810,61,0
20190118,0055,2.6820,2.6820,2.6800,2.6800,118,0
20190118,0056,2.6800,2.6800,2.6800,2.6800,19,0
20190118,0057,2.6800,2.6800,2.6790,2.6800,37,0
20190118,0058,2.6800,2.6810,2.6800,2.6810,102,0
20190118,0059,2.6810,2.6810,2.6790,2.6790,162,0
20190118,0100,2.6790,2.6800,2.6780,2.6800,36,0
20190118,0101,2.6800,2.6810,2.6800,2.6810,27,0
20190118,0102,2.6810,2.6820,2.6810,2.6820,69,0
20190118,0103,2.6820,2.6830,2.6820,2.6830,109,0
20190118,0104,2.6830,2.6830,2.6820,2.6820,21,0
20190118,0105,2.6820,2.6820,2.6810,2.6810,151,0
20190118,0106,2.6810,2.6820,2.6810,2.6810,47,0
20190118,0107,2.6810,2.6820,2.6810,2.6820,31,0
20190118,0108,2.6820,2.6820,2.6810,2.6810,15,0
20190118,0109,2.6810,2.6810,2.6810,2.6810,28,0
20190118,0110,2.6810,2.6820,2.6810,2.6810,69,0
20190118,0111,2.6810,2.6810,2.6800,2.6800,11,0
20190118,0112,2.6800,2.6800,2.6790,2.6800,172,0
20190118,0113,2.6800,2.6810,2.6800,2.6800,160,0
20190118,0114,2.6800,2.6800,2.6790,2.6790,48,0
20190118,0115,2.6790,2.6800,2.6790,2.6800,51,0
20190118,0116,2.6800,2.6800,2.6800,2.6800,24,0
20190118,0117,2.6790,2.6800,2.6790,2.6800,43,0
20190118,0118,2.6800,2.6800,2.6790,2.6800,48,0
20190118,0119,2.6800,2.6800,2.6790,2.6790,26,0
20190118,0120,2.6790,2.6800,2.6790,2.6790,54,0
20190118,0121,2.6790,2.6800,2.6790,2.6800,52,0
20190118,0122,2.6800,2.6810,2.6800,2.6810,21,0
20190118,0123,2.6810,2.6820,2.6810,2.6820,13,0
20190118,0124,2.6820,2.6820,2.6820,2.6820,49,0
20190118,0125,2.6820,2.6820,2.6810,2.6820,54,0
20190118,0126,2.6820,2.6820,2.6800,2.6800,75,0
20190118,0127,2.6800,2.6810,2.6800,2.6810,17,0
20190118,0128,2.6810,2.6810,2.6810,2.6810,31,0
20190118,0129,2.6810,2.6820,2.6810,2.6820,137,0
20190118,0130,2.6820,2.6830,2.6820,2.6820,123,0
20190118,0131,2.6820,2.6820,2.6820,2.6820,45,0
20190118,0132,2.6820,2.6820,2.6820,2.6820,160,0
20190118,0133,2.6820,2.6820,2.6810,2.6810,46,0
20190118,0134,2.6810,2.6810,2.6790,2.6810,109,0
20190118,0135,2.6810,2.6810,2.6810,2.6810,48,0
20190118,0136,2.6810,2.6810,2.6810,2.6810,15,0
20190118,0137,2.6810,2.6820,2.6810,2.6820,22,0
20190118,0138,2.6820,2.6820,2.6820,2.6820,680,0
20190118,0139,2.6830,2.6830,2.6820,2.6830,173,0
20190118,0140,2.6830,2.6830,2.6830,2.6830,46,0
20190118,0141,2.6830,2.6830,2.6820,2.6830,26,0
20190118,0142,2.6830,2.6840,2.6830,2.6830,57,0
20190118,0143,2.6830,2.6830,2.6830,2.6830,9,0
20190118,0144,2.6830,2.6830,2.6820,2.6820,136,0
20190118,0145,2.6820,2.6830,2.6820,2.6820,51,0
20190118,0146,2.6820,2.6830,2.6820,2.6820,46,0
20190118,0147,2.6820,2.6820,2.6820,2.6820,20,0
20190118,0148,2.6820,2.6830,2.6810,2.6810,87,0
20190118,0149,2.6810,2.6810,2.6810,2.6810,35,0
20190118,0150,2.6810,2.6810,2.6800,2.6800,33,0
20190118,0151,2.6800,2.6810,2.6800,2.6810,32,0
20190118,0152,2.6810,2.6810,2.6800,2.6810,19,0
20190118,0153,2.6810,2.6810,2.6800,2.6800,59,0
20190118,0154,2.6800,2.6810,2.6800,2.6800,55,0
20190118,0155,2.6800,2.6810,2.6800,2.6810,87,0
20190118,0156,2.6810,2.6810,2.6810,2.6810,23,0
20190118,0157,2.6800,2.6810,2.6780,2.6780,114,0
20190118,0158,2.6790,2.6800,2.6780,2.6800,307,0
20190118,0159,2.6800,2.6810,2.6790,2.6800,788,0
20190118,0200,2.6800,2.6800,2.6790,2.6790,214,0
20190118,0201,2.6790,2.6800,2.6790,2.6800,9,0
20190118,0202,2.6800,2.6800,2.6800,2.6800,11,0
20190118,0203,2.6800,2.6810,2.6800,2.6800,25,0
20190118,0204,2.6800,2.6810,2.6800,2.6800,66,0
20190118,0205,2.6800,2.6820,2.6800,2.6820,36,0
20190118,0206,2.6820,2.6830,2.6820,2.6820,23,0
20190118,0207,2.6820,2.6830,2.6820,2.6820,30,0
20190118,0208,2.6820,2.6840,2.6820,2.6840,47,0
20190118,0209,2.6840,2.6840,2.6830,2.6840,44,0
20190118,0210,2.6840,2.6850,2.6820,2.6840,138,0
20190118,0211,2.6840,2.6840,2.6840,2.6840,44,0
20190118,0212,2.6840,2.6840,2.6840,2.6840,14,0
20190118,0213,2.6830,2.6840,2.6830,2.6840,5,0
20190118,0214,2.6840,2.6840,2.6840,2.6840,2,0
20190118,0215,2.6840,2.6840,2.6830,2.6830,32,0
20190118,0216,2.6830,2.6850,2.6830,2.6850,30,0
20190118,0217,2.6850,2.6850,2.6840,2.6840,153,0
20190118,0218,2.6840,2.6840,2.6840,2.6840,12,0
20190118,0219,2.6840,2.6840,2.6840,2.6840,4,0
20190118,0220,2.6840,2.6840,2.6840,2.6840,7,0
20190118,0221,2.6840,2.6840,2.6840,2.6840,20,0
20190118,0222,2.6840,2.6840,2.6840,2.6840,26,0
20190118,0223,2.6840,2.6840,2.6840,2.6840,6,0
20190118,0224,2.6840,2.6840,2.6840,2.6840,8,0
20190118,0225,2.6840,2.6850,2.6840,2.6850,17,0
20190118,0226,2.6850,2.6850,2.6840,2.6840,10,0
20190118,0227,2.6840,2.6840,2.6830,2.6830,36,0
20190118,0228,2.6830,2.6830,2.6830,2.6830,13,0
20190118,0229,2.6830,2.6830,2.6820,2.6820,34,0
20190118,0230,2.6820,2.6820,2.6820,2.6820,9,0
20190118,0231,2.6820,2.6830,2.6820,2.6820,20,0
20190118,0232,2.6820,2.6820,2.6820,2.6820,0,0
20190118,0233,2.6820,2.6820,2.6820,2.6820,9,0
20190118,0234,2.6820,2.6820,2.6820,2.6820,13,0
20190118,0235,2.6820,2.6820,2.6820,2.6820,2,0
20190118,0236,2.6820,2.6820,2.6820,2.6820,3,0
20190118,0237,2.6820,2.6820,2.6820,2.6820,1,0
20190118,0238,2.6820,2.6820,2.6820,2.6820,24,0
20190118,0239,2.6820,2.6830,2.6820,2.6820,15,0
20190118,0240,2.6820,2.6820,2.6820,2.6820,2,0
20190118,0241,2.6820,2.6820,2.6810,2.6810,21,0
20190118,0242,2.6820,2.6820,2.6820,2.6820,3,0
20190118,0243,2.6820,2.6820,2.6820,2.6820,19,0
20190118,0244,2.6820,2.6820,2.6820,2.6820,2,0
20190118,0245,2.6820,2.6820,2.6820,2.6820,6,0
20190118,0246,2.6820,2.6830,2.6820,2.6830,26,0
20190118,0247,2.6830,2.6830,2.6830,2.6830,3,0
20190118,0248,2.6830,2.6830,2.6830,2.6830,0,0
20190118,0249,2.6830,2.6830,2.6820,2.6830,96,0
20190118,0250,2.6830,2.6830,2.6820,2.6820,29,0
20190118,0251,2.6820,2.6830,2.6820,2.6830,14,0
20190118,0252,2.6830,2.6830,2.6820,2.6820,15,0
20190118,0253,2.6820,2.6820,2.6820,2.6820,7,0
20190118,0254,2.6820,2.6830,2.6820,2.6830,31,0
20190118,0255,2.6830,2.6830,2.6830,2.6830,4,0
20190118,0256,2.6830,2.6830,2.6830,2.6830,1,0
20190118,0257,2.6830,2.6830,2.6820,2.6830,8,0
20190118,0258,2.6830,2.6830,2.6830,2.6830,10,0
20190118,0259,2.6830,2.6830,2.6820,2.6820,24,0
20190118,0300,2.6820,2.6820,2.6820,2.6820,0,0
20190118,0301,2.6820,2.6830,2.6820,2.6830,18,0
20190118,0302,2.6830,2.6830,2.6820,2.6820,3,0
20190118,0303,2.6820,2.6820,2.6820,2.6820,6,0
20190118,0304,2.6820,2.6820,2.6820,2.6820,10,0
20190118,0305,2.6820,2.6820,2.6820,2.6820,8,0
20190118,0306,2.6820,2.6820,2.6820,2.6820,12,0
20190118,0307,2.6820,2.6820,2.6820,2.6820,10,0
20190118,0308,2.6820,2.6820,2.6810,2.6810,25,0
20190118,0309,2.6810,2.6820,2.6810,2.6820,1,0
20190118,0310,2.6820,2.6820,2.6810,2.6810,11,0
20190118,0311,2.6820,2.6820,2.6810,2.6810,6,0
20190118,0312,2.6810,2.6810,2.6800,2.6800,54,0
20190118,0313,2.6800,2.6810,2.6800,2.6800,28,0
20190118,0314,2.6800,2.6800,2.6800,2.6800,5,0
20190118,0315,2.6800,2.6800,2.6800,2.6800,19,0
20190118,0316,2.6800,2.6810,2.6800,2.6800,4,0
20190118,0317,2.6800,2.6800,2.6800,2.6800,7,0
20190118,0318,2.6800,2.6800,2.6800,2.6800,8,0
20190118,0319,2.6800,2.6810,2.6800,2.6810,9,0
20190118,0320,2.6810,2.6810,2.6800,2.6810,4,0
20190118,0321,2.6810,2.6810,2.6810,2.6810,6,0
20190118,0322,2.6810,2.6810,2.6810,2.6810,12,0
20190118,0323,2.6810,2.6810,2.6810,2.6810,3,0
20190118,0324,2.6810,2.6810,2.6810,2.6810,6,0
20190118,0325,2.6810,2.6810,2.6810,2.6810,3,0
20190118,0326,2.6810,2.6810,2.6810,2.6810,0,0
20190118,0327,2.6800,2.6800,2.6800,2.6800,1,0
20190118,0328,2.6800,2.6810,2.6800,2.6800,7,0
20190118,0329,2.6800,2.6800,2.6800,2.6800,11,0
20190118,0330,2.6800,2.6810,2.6800,2.6810,4,0
20190118,0331,2.6810,2.6810,2.6810,2.6810,6,0
20190118,0332,2.6810,2.6810,2.6810,2.6810,1,0
20190118,0333,2.6810,2.6810,2.6800,2.6800,9,0
20190118,0334,2.6800,2.6810,2.6800,2.6810,2,0
20190118,0335,2.6810,2.6810,2.6810,2.6810,586,0
20190118,0336,2.6810,2.6820,2.6810,2.6820,26,0
20190118,0337,2.6820,2.6820,2.6810,2.6810,29,0
20190118,0338,2.6810,2.6940,2.6810,2.6890,1176,0
20190118,0339,2.6890,2.6940,2.6890,2.6930,251,0
20190118,0340,2.6930,2.6980,2.6920,2.6950,638,0
20190118,0341,2.6950,2.6990,2.6950,2.6960,330,0
20190118,0342,2.6960,2.6990,2.6960,2.6970,306,0
20190118,0343,2.6970,2.6990,2.6970,2.6990,50,0
20190118,0344,2.6990,2.7030,2.6990,2.7030,691,0
20190118,0345,2.7030,2.7070,2.7020,2.7060,539,0
20190118,0346,2.7060,2.7080,2.7060,2.7070,85,0
20190118,0347,2.7070,2.7110,2.7070,2.7100,457,0
20190118,0348,2.7100,2.7100,2.7090,2.7090,157,0
20190118,0349,2.7090,2.7100,2.7090,2.7100,114,0
20190118,0350,2.7100,2.7100,2.7080,2.7080,149,0
20190118,0351,2.7080,2.7080,2.7040,2.7040,286,0
20190118,0352,2.7030,2.7040,2.7010,2.7030,352,0
20190118,0353,2.7030,2.7040,2.7020,2.7020,47,0
20190118,0354,2.7030,2.7030,2.7010,2.7010,98,0
20190118,0355,2.7010,2.7090,2.6990,2.7060,1520,0
20190118,0356,2.7060,2.7070,2.6990,2.7000,552,0
20190118,0357,2.6990,2.7040,2.6990,2.7000,153,0
20190118,0358,2.7000,2.7020,2.7000,2.7010,91,0
20190118,0359,2.7010,2.7030,2.7010,2.7020,103,0
20190118,0400,2.7020,2.7040,2.7020,2.7020,132,0
20190118,0401,2.7010,2.7030,2.7010,2.7020,96,0
20190118,0402,2.7020,2.7030,2.7000,2.7000,211,0
20190118,0403,2.7000,2.7070,2.6990,2.7040,559,0
20190118,0404,2.7040,2.7040,2.7020,2.7030,135,0
20190118,0405,2.7030,2.7050,2.7030,2.7050,38,0
20190118,0406,2.7050,2.7050,2.7040,2.7050,54,0
20190118,0407,2.7050,2.7060,2.7040,2.7040,64,0
20190118,0408,2.7040,2.7040,2.7030,2.7040,28,0
20190118,0409,2.7040,2.7060,2.7040,2.7060,63,0
20190118,0410,2.7060,2.7060,2.7050,2.7050,46,0
20190118,0411,2.7050,2.7060,2.7050,2.7060,90,0
20190118,0412,2.7060,2.7060,2.7040,2.7040,27,0
20190118,0413,2.7040,2.7050,2.7040,2.7040,38,0
20190118,0414,2.7040,2.7040,2.7030,2.7030,46,0
20190118,0415,2.7030,2.7030,2.7030,2.7030,23,0
20190118,0416,2.7030,2.7050,2.7020,2.7050,130,0
20190118,0417,2.7050,2.7060,2.7050,2.7060,62,0
20190118,0418,2.7060,2.7060,2.7040,2.7040,37,0
20190118,0419,2.7040,2.7050,2.7030,2.7030,102,0
20190118,0420,2.7030,2.7040,2.7020,2.7020,79,0
20190118,0421,2.7020,2.7030,2.7010,2.7010,139,0
20190118,0422,2.7010,2.7010,2.7010,2.7010,66,0
20190118,0423,2.7010,2.7020,2.7010,2.7010,8,0
20190118,0424,2.7010,2.7020,2.7010,2.7020,17,0
20190118,0425,2.7020,2.7020,2.7000,2.7010,24,0
20190118,0426,2.7000,2.7010,2.7000,2.7010,12,0
20190118,0427,2.7010,2.7020,2.7010,2.7020,23,0
20190118,0428,2.7020,2.7020,2.7010,2.7010,35,0
20190118,0429,2.7010,2.7040,2.7010,2.7030,36,0
20190118,0430,2.7030,2.7030,2.7020,2.7030,43,0
20190118,0431,2.7030,2.7030,2.7030,2.7030,6,0
20190118,0432,2.7030,2.7040,2.7030,2.7040,27,0
20190118,0433,2.7040,2.7040,2.7030,2.7040,57,0
20190118,0434,2.7040,2.7040,2.7030,2.7040,48,0
20190118,0435,2.7040,2.7040,2.7020,2.7030,25,0
20190118,0436,2.7030,2.7030,2.7020,2.7020,49,0
20190118,0437,2.7020,2.7030,2.7010,2.7020,37,0
20190118,0438,2.7020,2.7040,2.7020,2.7030,105,0
20190118,0439,2.7030,2.7030,2.7020,2.7020,52,0
20190118,0440,2.7020,2.7020,2.7010,2.7010,12,0
20190118,0441,2.7010,2.7030,2.7010,2.7030,34,0
20190118,0442,2.7030,2.7030,2.7020,2.7020,43,0
20190118,0443,2.7020,2.7020,2.7010,2.7010,17,0
20190118,0444,2.7010,2.7010,2.7010,2.7010,13,0
20190118,0445,2.7010,2.7010,2.7000,2.7000,10,0
20190118,0446,2.7000,2.7000,2.6990,2.6990,63,0
20190118,0447,2.7000,2.7000,2.6990,2.7000,52,0
20190118,0448,2.7000,2.7000,2.7000,2.7000,13,0
20190118,0449,2.7000,2.7000,2.6990,2.7000,10,0
20190118,0450,2.7000,2.7000,2.6980,2.6980,75,0
20190118,0451,2.6980,2.6990,2.6980,2.6990,41,0
20190118,0452,2.6990,2.6990,2.6990,2.6990,25,0
20190118,0453,2.6990,2.6990,2.6990,2.6990,3,0
20190118,0454,2.6990,2.7000,2.6990,2.7000,8,0
20190118,0455,2.7000,2.7010,2.7000,2.7010,92,0
20190118,0456,2.7010,2.7010,2.7010,2.7010,19,0
20190118,0457,2.7010,2.7020,2.7010,2.7020,46,0
20190118,0458,2.7020,2.7030,2.7020,2.7030,26,0
20190118,0459,2.7030,2.7030,2.7020,2.7020,20,0
20190118,0500,2.7030,2.7030,2.7010,2.7010,14,0
20190118,0501,2.7010,2.7020,2.7010,2.7010,17,0
20190118,0502,2.7010,2.7010,2.7000,2.7010,12,0
20190118,0503,2.7010,2.7010,2.6990,2.6990,22,0
20190118,0504,2.6990,2.6990,2.6990,2.6990,4,0
20190118,0505,2.6990,2.7000,2.6990,2.6990,15,0
20190118,0506,2.6990,2.6990,2.6980,2.6980,5,0
20190118,0507,2.6980,2.6990,2.6980,2.6990,19,0
20190118,0508,2.6990,2.6990,2.6990,2.6990,3,0
20190118,0509,2.6980,2.6990,2.6980,2.6990,6,0
20190118,0510,2.6990,2.6990,2.6990,2.6990,15,0
20190118,0511,2.6990,2.6990,2.6990,2.6990,2,0
20190118,0512,2.6990,2.6990,2.6990,2.6990,3,0
20190118,0513,2.6990,2.6990,2.6990,2.6990,14,0
20190118,0514,2.6990,2.6990,2.6990,2.6990,5,0
20190118,0515,2.6990,2.6990,2.6990,2.6990,3,0
20190118,0516,2.6990,2.6990,2.6990,2.6990,4,0
20190118,0517,2.6990,2.6990,2.6990,2.6990,1,0
20190118,0518,2.6990,2.6990,2.6990,2.6990,8,0
20190118,0519,2.6990,2.6990,2.6990,2.6990,2,0
20190118,0520,2.6990,2.6990,2.6990,2.6990,6,0
20190118,0521,2.6990,2.6990,2.6980,2.6980,1,0
20190118,0522,2.6980,2.6980,2.6980,2.6980,1,0
20190118,0523,2.6990,2.6990,2.6990,2.6990,20,0
20190118,0524,2.6990,2.6990,2.6990,2.6990,3,0
20190118,0525,2.6990,2.6990,2.6990,2.6990,3,0
20190118,0526,2.6990,2.6990,2.6990,2.6990,10,0
20190118,0527,2.6990,2.6990,2.6980,2.6980,24,0
20190118,0528,2.6980,2.6980,2.6980,2.6980,3,0
20190118,0529,2.6980,2.6990,2.6980,2.6990,18,0
20190118,0530,2.6980,2.6990,2.6980,2.6990,52,0
20190118,0531,2.6980,2.6990,2.6980,2.6990,5,0
20190118,0532,2.6990,2.6990,2.6990,2.6990,6,0
20190118,0533,2.6990,2.6990,2.6980,2.6980,6,0
20190118,0534,2.6980,2.6980,2.6970,2.6970,14,0
20190118,0535,2.6970,2.6970,2.6970,2.6970,2,0
20190118,0536,2.6970,2.6970,2.6970,2.6970,0,0
20190118,0537,2.6970,2.6980,2.6970,2.6980,10,0
20190118,0538,2.6980,2.6980,2.6980,2.6980,1,0
20190118,0539,2.6980,2.6990,2.6980,2.6990,144,0
20190118,0540,2.6990,2.6990,2.6980,2.6980,3,0
20190118,0541,2.6980,2.6980,2.6980,2.6980,6,0
20190118,0542,2.6980,2.6990,2.6980,2.6990,11,0
20190118,0543,2.6990,2.6990,2.6980,2.6990,3,0
20190118,0544,2.6990,2.6990,2.6980,2.6990,8,0
20190118,0545,2.6990,2.6990,2.6980,2.6980,6,0
20190118,0546,2.6980,2.6990,2.6980,2.6990,2,0
20190118,0547,2.6990,2.6990,2.6990,2.6990,0,0
20190118,0548,2.6980,2.6990,2.6980,2.6980,20,0
20190118,0549,2.6980,2.6980,2.6980,2.6980,8,0
20190118,0550,2.6990,2.6990,2.6990,2.6990,12,0
20190118,0551,2.6990,2.6990,2.6990,2.6990,7,0
20190118,0552,2.6990,2.6990,2.6980,2.6980,5,0
20190118,0553,2.6980,2.6980,2.6980,2.6980,19,0
20190118,0554,2.6980,2.6980,2.6980,2.6980,1,0
20190118,0555,2.6980,2.6980,2.6980,2.6980,15,0
20190118,0556,2.6980,2.6980,2.6980,2.6980,14,0
20190118,0557,2.6980,2.6980,2.6970,2.6970,3,0
20190118,0558,2.6970,2.6980,2.6970,2.6980,2,0
20190118,0559,2.6980,2.6980,2.6970,2.6970,15,0
20190118,0605,2.6970,2.6970,2.6970,2.6970,0,0
20190118,0620,2.6970,2.6970,2.6970,2.6970,0,0
20190118,0700,2.6960,2.6980,2.6960,2.6970,16,0
20190118,0701,2.6970,2.6980,2.6970,2.6980,24,0
20190118,0702,2.6980,2.6980,2.6970,2.6970,15,0
20190118,0703,2.6970,2.6970,2.6970,2.6970,8,0
20190118,0704,2.6970,2.6970,2.6960,2.6960,20,0
20190118,0705,2.6960,2.6970,2.6960,2.6970,21,0
20190118,0706,2.6960,2.6960,2.6960,2.6960,1,0
20190118,0707,2.6960,2.6960,2.6960,2.6960,6,0
20190118,0708,2.6960,2.6970,2.6960,2.6960,6,0
20190118,0709,2.6960,2.6960,2.6960,2.6960,27,0
20190118,0710,2.6960,2.6960,2.6950,2.6960,12,0
20190118,0711,2.6960,2.6960,2.6960,2.6960,3,0
20190118,0712,2.6960,2.6970,2.6960,2.6970,10,0
20190118,0713,2.6970,2.6970,2.6960,2.6960,16,0
20190118,0714,2.6960,2.6960,2.6960,2.6960,8,0
20190118,0715,2.6960,2.6970,2.6960,2.6970,8,0
20190118,0716,2.6970,2.6970,2.6960,2.6960,1,0
20190118,0717,2.6960,2.6960,2.6960,2.6960,3,0
20190118,0718,2.6960,2.6960,2.6960,2.6960,2,0
20190118,0719,2.6960,2.6970,2.6960,2.6970,3,0
20190118,0720,2.6970,2.6970,2.6970,2.6970,1,0
20190118,0721,2.6970,2.6970,2.6970,2.6970,1,0
20190118,0722,2.6970,2.6970,2.6960,2.6960,5,0
20190118,0723,2.6960,2.6970,2.6960,2.6970,5,0
20190118,0724,2.6970,2.6970,2.6970,2.6970,2,0
20190118,0725,2.6970,2.6970,2.6970,2.6970,0,0
20190118,0726,2.6970,2.6970,2.6970,2.6970,2,0
20190118,0727,2.6970,2.6970,2.6970,2.6970,0,0
20190118,0728,2.6970,2.6970,2.6970,2.6970,1,0
20190118,0729,2.6970,2.6970,2.6960,2.6960,7,0
20190118,0730,2.6960,2.6960,2.6960,2.6960,22,0
20190118,0731,2.6960,2.6960,2.6960,2.6960,4,0
20190118,0732,2.6960,2.6960,2.6960,2.6960,8,0
20190118,0733,2.6960,2.6970,2.6960,2.6970,4,0
20190118,0734,2.6960,2.6960,2.6950,2.6950,9,0
20190118,0735,2.6950,2.6950,2.6950,2.6950,0,0
20190118,0736,2.6950,2.6960,2.6950,2.6960,1,0
20190118,0737,2.6960,2.6960,2.6960,2.6960,0,0
20190118,0738,2.6960,2.6960,2.6960,2.6960,2,0
20190118,0739,2.6960,2.6960,2.6960,2.6960,0,0
20190118,0740,2.6960,2.6960,2.6960,2.6960,4,0
20190118,0741,2.6960,2.6970,2.6960,2.6970,10,0
20190118,0742,2.6970,2.6970,2.6960,2.6960,2,0
20190118,0743,2.6960,2.6960,2.6960,2.6960,1,0
20190118,0745,2.6960,2.6960,2.6960,2.6960,9,0
20190118,0746,2.6960,2.6960,2.6960,2.6960,0,0
20190118,0747,2.6970,2.6970,2.6970,2.6970,2,0
20190118,0748,2.6970,2.6980,2.6970,2.6980,7,0
20190118,0749,2.6980,2.6980,2.6970,2.6970,1,0
20190118,0750,2.6970,2.6970,2.6970,2.6970,2,0
20190118,0752,2.6970,2.6970,2.6970,2.6970,1,0
20190118,0753,2.6970,2.6970,2.6960,2.6970,5,0
20190118,0754,2.6970,2.6970,2.6960,2.6970,8,0
20190118,0755,2.6970,2.6970,2.6970,2.6970,9,0
20190118,0756,2.6970,2.6970,2.6970,2.6970,2,0
20190118,0757,2.6970,2.6970,2.6970,2.6970,1,0
20190118,0758,2.6970,2.6970,2.6970,2.6970,2,0
20190118,0759,2.6970,2.6970,2.6970,2.6970,4,0
20190118,0800,2.6970,2.6970,2.6970,2.6970,2,0
20190118,0801,2.6970,2.6980,2.6970,2.6980,4,0
20190118,0802,2.6980,2.6980,2.6980,2.6980,14,0
20190118,0803,2.6980,2.6980,2.6980,2.6980,2,0
20190118,0804,2.6980,2.6990,2.6980,2.6990,14,0
20190118,0805,2.6990,2.6990,2.6990,2.6990,12,0
20190118,0806,2.6990,2.6990,2.6980,2.6980,7,0
20190118,0807,2.6980,2.6980,2.6980,2.6980,0,0
20190118,0808,2.6980,2.6980,2.6980,2.6980,10,0
20190118,0809,2.6980,2.6980,2.6980,2.6980,1,0
20190118,0810,2.6980,2.6980,2.6970,2.6970,2,0
20190118,0811,2.6970,2.6970,2.6970,2.6970,2,0
20190118,0812,2.6970,2.6970,2.6960,2.6970,24,0
20190118,0813,2.6970,2.6970,2.6960,2.6960,5,0
20190118,0814,2.6960,2.6960,2.6960,2.6960,5,0
20190118,0815,2.6960,2.6960,2.6960,2.6960,4,0
20190118,0816,2.6960,2.6960,2.6960,2.6960,6,0
20190118,0817,2.6960,2.6960,2.6960,2.6960,0,0
20190118,0818,2.6970,2.6970,2.6970,2.6970,9,0
20190118,0819,2.6970,2.6970,2.6970,2.6970,0,0
20190118,0820,2.6970,2.6970,2.6970,2.6970,0,0
20190118,0821,2.6970,2.6970,2.6960,2.6960,1,0
20190118,0822,2.6960,2.6970,2.6960,2.6970,3,0
20190118,0823,2.6970,2.6970,2.6970,2.6970,2,0
20190118,0824,2.6970,2.6970,2.6970,2.6970,7,0
20190118,0825,2.6970,2.6970,2.6970,2.6970,9,0
20190118,0826,2.6970,2.6980,2.6970,2.6980,7,0
20190118,0827,2.6980,2.6980,2.6980,2.6980,0,0
20190118,0828,2.6980,2.6980,2.6970,2.6970,1,0
20190118,0829,2.6970,2.6990,2.6970,2.6990,10,0
20190118,0830,2.6990,2.6990,2.6980,2.6990,25,0
20190118,0831,2.6990,2.7000,2.6990,2.7000,62,0
20190118,0832,2.7000,2.7000,2.7000,2.7000,5,0
20190118,0833,2.7000,2.7000,2.7000,2.7000,34,0
20190118,0834,2.7000,2.7000,2.7000,2.7000,27,0
20190118,0835,2.7000,2.7000,2.7000,2.7000,21,0
20190118,0836,2.7000,2.7000,2.6990,2.6990,13,0
20190118,0837,2.6990,2.6990,2.6980,2.6980,8,0
20190118,0838,2.6990,2.6990,2.6980,2.6980,29,0
20190118,0839,2.6980,2.6980,2.6980,2.6980,2,0
20190118,0840,2.6980,2.6980,2.6970,2.6970,6,0
20190118,0841,2.6970,2.6980,2.6970,2.6970,12,0
20190118,0842,2.6970,2.6970,2.6970,2.6970,2,0
20190118,0843,2.6970,2.6970,2.6970,2.6970,0,0
20190118,0844,2.6970,2.6970,2.6970,2.6970,2,0
20190118,0845,2.6970,2.6970,2.6970,2.6970,9,0
20190118,0846,2.6970,2.6970,2.6970,2.6970,0,0
20190118,0847,2.6970,2.6970,2.6960,2.6960,11,0
20190118,0848,2.6960,2.6970,2.6960,2.6970,27,0
20190118,0849,2.6960,2.6960,2.6960,2.6960,9,0
20190118,0850,2.6960,2.6960,2.6960,2.6960,13,0
20190118,0851,2.6960,2.6960,2.6960,2.6960,9,0
20190118,0852,2.6960,2.6960,2.6960,2.6960,38,0
20190118,0853,2.6960,2.6960,2.6940,2.6940,80,0
20190118,0854,2.6940,2.6950,2.6940,2.6950,4,0
20190118,0856,2.6950,2.6950,2.6940,2.6950,67,0
20190118,0857,2.6940,2.6940,2.6940,2.6940,19,0
20190118,0858,2.6940,2.6940,2.6940,2.6940,5,0
20190118,0859,2.6940,2.6940,2.6930,2.6930,134,0
20190118,0900,2.6930,2.6940,2.6930,2.6930,415,0
20190118,0901,2.6930,2.6940,2.6930,2.6930,368,0
20190118,0902,2.6930,2.6930,2.6900,2.6910,361,0
20190118,0903,2.6900,2.6920,2.6890,2.6920,273,0
20190118,0904,2.6920,2.6920,2.6910,2.6910,186,0
20190118,0905,2.6910,2.6930,2.6910,2.6920,66,0
20190118,0906,2.6920,2.6920,2.6920,2.6920,31,0
20190118,0907,2.6920,2.6920,2.6890,2.6890,93,0
20190118,0908,2.6900,2.6910,2.6890,2.6890,79,0
20190118,0909,2.6890,2.6900,2.6890,2.6890,69,0
20190118,0910,2.6890,2.6900,2.6890,2.6890,43,0
20190118,0911,2.6890,2.6900,2.6890,2.6890,50,0
20190118,0912,2.6890,2.6900,2.6890,2.6900,41,0
20190118,0913,2.6900,2.6910,2.6900,2.6910,98,0
20190118,0914,2.6910,2.6910,2.6900,2.6910,11,0
20190118,0915,2.6910,2.6920,2.6900,2.6910,68,0
20190118,0916,2.6910,2.6910,2.6900,2.6900,43,0
20190118,0917,2.6900,2.6900,2.6900,2.6900,16,0
20190118,0918,2.6900,2.6900,2.6890,2.6900,17,0
20190118,0919,2.6900,2.6900,2.6890,2.6900,34,0
20190118,0920,2.6900,2.6900,2.6890,2.6900,65,0
20190118,0921,2.6900,2.6900,2.6900,2.6900,30,0
20190118,0922,2.6900,2.6900,2.6900,2.6900,11,0
20190118,0923,2.6900,2.6910,2.6900,2.6910,64,0
20190118,0924,2.6910,2.6920,2.6910,2.6920,73,0
20190118,0925,2.6920,2.6920,2.6910,2.6910,14,0
20190118,0926,2.6910,2.6910,2.6900,2.6900,58,0
20190118,0927,2.6900,2.6930,2.6900,2.6930,125,0
20190118,0928,2.6930,2.6930,2.6920,2.6930,131,0
20190118,0929,2.6930,2.6930,2.6930,2.6930,49,0
20190118,0930,2.6930,2.6930,2.6920,2.6920,49,0
20190118,0931,2.6920,2.6930,2.6910,2.6920,59,0
20190118,0932,2.6920,2.6930,2.6910,2.6920,30,0
20190118,0933,2.6920,2.6920,2.6900,2.6910,41,0
20190118,0934,2.6910,2.6920,2.6910,2.6920,35,0
20190118,0935,2.6920,2.6920,2.6910,2.6910,22,0
20190118,0936,2.6910,2.6910,2.6900,2.6910,39,0
20190118,0937,2.6910,2.6910,2.6910,2.6910,33,0
20190118,0938,2.6910,2.6920,2.6910,2.6910,46,0
20190118,0939,2.6910,2.6930,2.6910,2.6930,57,0
20190118,0940,2.6930,2.6930,2.6930,2.6930,43,0
20190118,0941,2.6930,2.6930,2.6930,2.6930,26,0
20190118,0942,2.6930,2.6950,2.6930,2.6950,46,0
20190118,0943,2.6950,2.6960,2.6940,2.6950,116,0
20190118,0944,2.6950,2.6950,2.6950,2.6950,35,0
20190118,0945,2.6950,2.6950,2.6940,2.6940,43,0
20190118,0946,2.6940,2.6950,2.6940,2.6940,15,0
20190118,0947,2.6940,2.6950,2.6940,2.6950,39,0
20190118,0948,2.6950,2.6950,2.6930,2.6930,69,0
20190118,0949,2.6930,2.6940,2.6920,2.6920,36,0
20190118,0950,2.6930,2.6950,2.6930,2.6940,96,0
20190118,0951,2.6940,2.6940,2.6920,2.6930,21,0
20190118,0952,2.6930,2.6940,2.6930,2.6940,10,0
20190118,0953,2.6940,2.6950,2.6940,2.6940,11,0
20190118,0954,2.6940,2.6950,2.6940,2.6950,32,0
20190118,0955,2.6950,2.6950,2.6930,2.6940,45,0
20190118,0956,2.6940,2.6940,2.6930,2.6940,30,0
20190118,0957,2.6940,2.6940,2.6930,2.6930,25,0
20190118,0958,2.6930,2.6940,2.6930,2.6930,23,0
20190118,0959,2.6930,2.6950,2.6930,2.6950,48,0
20190118,1000,2.6950,2.6950,2.6930,2.6930,35,0
20190118,1001,2.6930,2.6950,2.6930,2.6950,51,0
20190118,1002,2.6950,2.6950,2.6940,2.6950,30,0
20190118,1003,2.6950,2.6970,2.6950,2.6960,85,0
20190118,1004,2.6970,2.6970,2.6950,2.6960,49,0
20190118,1005,2.6960,2.6960,2.6960,2.6960,22,0
20190118,1006,2.6960,2.6970,2.6960,2.6970,63,0
20190118,1007,2.6970,2.6970,2.6960,2.6970,70,0
20190118,1008,2.6970,2.6980,2.6970,2.6980,137,0
20190118,1009,2.6980,2.6980,2.6980,2.6980,43,0
20190118,1010,2.6980,2.7000,2.6980,2.6990,107,0
20190118,1011,2.6990,2.6990,2.6980,2.6990,66,0
20190118,1012,2.6990,2.6990,2.6970,2.6980,36,0
20190118,1013,2.6980,2.6980,2.6970,2.6970,49,0
20190118,1014,2.6970,2.6970,2.6960,2.6960,41,0
20190118,1015,2.6960,2.6960,2.6960,2.6960,17,0
20190118,1016,2.6960,2.6960,2.6950,2.6960,22,0
20190118,1017,2.6960,2.6970,2.6960,2.6970,8,0
20190118,1018,2.6970,2.6970,2.6960,2.6970,11,0
20190118,1019,2.6970,2.6970,2.6970,2.6970,6,0
20190118,1020,2.6970,2.6970,2.6960,2.6970,16,0
20190118,1021,2.6970,2.6970,2.6970,2.6970,9,0
20190118,1022,2.6970,2.6970,2.6970,2.6970,3,0
20190118,1023,2.6970,2.6970,2.6970,2.6970,8,0
20190118,1024,2.6970,2.6980,2.6970,2.6980,17,0
20190118,1025,2.6980,2.6980,2.6970,2.6970,21,0
20190118,1026,2.6970,2.6980,2.6970,2.6970,7,0
20190118,1027,2.6970,2.6980,2.6970,2.6980,9,0
20190118,1028,2.6980,2.6980,2.6970,2.6970,10,0
20190118,1029,2.6970,2.6970,2.6970,2.6970,4,0
20190118,1030,2.6970,2.6970,2.6950,2.6960,45,0
20190118,1031,2.6960,2.6960,2.6950,2.6960,84,0
20190118,1032,2.6960,2.6960,2.6950,2.6960,32,0
20190118,1033,2.6960,2.6970,2.6960,2.6970,33,0
20190118,1034,2.6970,2.6970,2.6970,2.6970,12,0
20190118,1035,2.6970,2.6970,2.6960,2.6960,25,0
20190118,1036,2.6960,2.6960,2.6950,2.6950,21,0
20190118,1037,2.6950,2.6960,2.6940,2.6940,52,0
20190118,1038,2.6940,2.6950,2.6940,2.6940,39,0
20190118,1039,2.6940,2.6940,2.6940,2.6940,14,0
20190118,1040,2.6930,2.6930,2.6930,2.6930,61,0
20190118,1041,2.6930,2.6930,2.6930,2.6930,84,0
20190118,1042,2.6930,2.6930,2.6920,2.6920,76,0
20190118,1043,2.6920,2.6930,2.6920,2.6930,22,0
20190118,1044,2.6930,2.6930,2.6920,2.6930,28,0
20190118,1045,2.6930,2.6930,2.6920,2.6920,9,0
20190118,1046,2.6920,2.6930,2.6920,2.6930,29,0
20190118,1047,2.6920,2.6920,2.6910,2.6920,26,0
20190118,1048,2.6920,2.6920,2.6910,2.6910,20,0
20190118,1049,2.6910,2.6910,2.6910,2.6910,10,0
20190118,1050,2.6910,2.6920,2.6910,2.6910,9,0
20190118,1051,2.6910,2.6920,2.6910,2.6920,10,0
20190118,1052,2.6920,2.6930,2.6920,2.6930,16,0
20190118,1053,2.6930,2.6930,2.6930,2.6930,13,0
20190118,1054,2.6930,2.6930,2.6930,2.6930,7,0
20190118,1055,2.6930,2.6930,2.6930,2.6930,2,0
20190118,1056,2.6930,2.6940,2.6930,2.6930,16,0
20190118,1057,2.6930,2.6930,2.6920,2.6920,7,0
20190118,1058,2.6920,2.6930,2.6920,2.6930,10,0
20190118,1059,2.6930,2.6940,2.6930,2.6940,31,0
20190118,1100,2.6940,2.6940,2.6940,2.6940,18,0
20190118,1101,2.6940,2.6940,2.6940,2.6940,8,0
20190118,1102,2.6940,2.6950,2.6940,2.6950,14,0
20190118,1103,2.6950,2.6960,2.6950,2.6960,11,0
20190118,1104,2.6960,2.6960,2.6950,2.6960,4,0
20190118,1105,2.6960,2.6960,2.6960,2.6960,15,0
20190118,1106,2.6960,2.6960,2.6950,2.6950,19,0
20190118,1107,2.6950,2.6950,2.6950,2.6950,64,0
20190118,1108,2.6960,2.6960,2.6950,2.6960,9,0
20190118,1109,2.6960,2.6960,2.6950,2.6950,30,0
20190118,1110,2.6950,2.6950,2.6950,2.6950,44,0
20190118,1111,2.6940,2.6960,2.6940,2.6960,26,0
20190118,1112,2.6960,2.6970,2.6960,2.6970,14,0
20190118,1113,2.6970,2.6970,2.6960,2.6970,36,0
20190118,1114,2.6970,2.6980,2.6970,2.6980,29,0
20190118,1115,2.6980,2.6980,2.6970,2.6970,16,0
20190118,1116,2.6970,2.6970,2.6970,2.6970,14,0
20190118,1117,2.6970,2.6970,2.6970,2.6970,12,0
20190118,1118,2.6970,2.6980,2.6970,2.6980,50,0
20190118,1119,2.6980,2.6980,2.6980,2.6980,42,0
20190118,1120,2.6980,2.6990,2.6980,2.6990,61,0
20190118,1121,2.6990,2.6990,2.6970,2.6970,42,0
20190118,1122,2.6970,2.6980,2.6970,2.6970,6,0
20190118,1123,2.6970,2.6970,2.6970,2.6970,38,0
20190118,1124,2.6970,2.6980,2.6970,2.6970,26,0
20190118,1125,2.6970,2.6980,2.6970,2.6970,21,0
20190118,1126,2.6970,2.6980,2.6970,2.6980,9,0
20190118,1127,2.6980,2.6980,2.6970,2.6970,13,0
20190118,1128,2.6970,2.6980,2.6970,2.6980,17,0
20190118,1129,2.6980,2.6980,2.6970,2.6970,9,0
20190118,1130,2.6970,2.6970,2.6970,2.6970,10,0
20190118,1131,2.6970,2.6970,2.6960,2.6970,20,0
20190118,1132,2.6970,2.6980,2.6970,2.6980,11,0
20190118,1133,2.6980,2.6980,2.6980,2.6980,8,0
20190118,1134,2.6980,2.6980,2.6980,2.6980,19,0
20190118,1135,2.6980,2.6980,2.6980,2.6980,8,0
20190118,1136,2.6980,2.6980,2.6980,2.6980,4,0
20190118,1137,2.6980,2.6980,2.6980,2.6980,9,0
20190118,1138,2.6980,2.6980,2.6980,2.6980,5,0
20190118,1139,2.6980,2.6980,2.6980,2.6980,1,0
20190118,1140,2.6980,2.6980,2.6980,2.6980,16,0
20190118,1141,2.6980,2.6980,2.6980,2.6980,39,0
20190118,1142,2.6980,2.6980,2.6980,2.6980,1,0
20190118,1143,2.6980,2.6980,2.6980,2.6980,0,0
20190118,1144,2.6990,2.6990,2.6980,2.6980,7,0
20190118,1145,2.6980,2.6980,2.6980,2.6980,8,0
20190118,1146,2.6980,2.6980,2.6980,2.6980,4,0
20190118,1147,2.6980,2.6980,2.6980,2.6980,1,0
20190118,1148,2.6980,2.6980,2.6980,2.6980,9,0
20190118,1149,2.6980,2.6980,2.6970,2.6970,4,0
20190118,1150,2.6970,2.6970,2.6970,2.6970,0,0
20190118,1151,2.6970,2.6970,2.6970,2.6970,0,0
20190118,1152,2.6970,2.6970,2.6970,2.6970,0,0
20190118,1153,2.6970,2.6970,2.6970,2.6970,6,0
20190118,1154,2.6970,2.6970,2.6970,2.6970,3,0
20190118,1155,2.6970,2.6970,2.6970,2.6970,9,0
20190118,1156,2.6970,2.6980,2.6970,2.6980,2,0
20190118,1157,2.6980,2.6980,2.6980,2.6980,1,0
20190118,1158,2.6980,2.6980,2.6970,2.6970,20,0
20190118,1159,2.6970,2.6970,2.6970,2.6970,11,0
20190118,1200,2.6970,2.6980,2.6960,2.6980,13,0
20190118,1201,2.6980,2.6980,2.6970,2.6980,16,0
20190118,1202,2.6980,2.6980,2.6980,2.6980,11,0
20190118,1203,2.6980,2.6980,2.6980,2.6980,3,0
20190118,1204,2.6980,2.6980,2.6980,2.6980,0,0
20190118,1205,2.6980,2.6980,2.6980,2.6980,3,0
20190118,1206,2.6980,2.6980,2.6980,2.6980,12,0
20190118,1207,2.6980,2.6980,2.6980,2.6980,4,0
20190118,1208,2.6980,2.6980,2.6980,2.6980,6,0
20190118,1209,2.6980,2.6980,2.6970,2.6970,8,0
20190118,1210,2.6970,2.6970,2.6970,2.6970,5,0
20190118,1211,2.6970,2.6970,2.6970,2.6970,4,0
20190118,1212,2.6970,2.6970,2.6970,2.6970,0,0
20190118,1213,2.6970,2.6980,2.6970,2.6980,33,0
20190118,1214,2.6980,2.6980,2.6970,2.6970,12,0
20190118,1215,2.6970,2.6970,2.6970,2.6970,5,0
20190118,1216,2.6970,2.6970,2.6970,2.6970,5,0
20190118,1217,2.6970,2.6970,2.6970,2.6970,3,0
20190118,1218,2.6970,2.6980,2.6970,2.6970,3,0
20190118,1219,2.6970,2.6980,2.6970,2.6970,10,0
20190118,1220,2.6970,2.6980,2.6970,2.6980,1,0
20190118,1221,2.6980,2.6980,2.6980,2.6980,10,0
20190118,1222,2.6980,2.6980,2.6980,2.6980,5,0
20190118,1223,2.6980,2.6980,2.6980,2.6980,21,0
20190118,1224,2.6980,2.6980,2.6970,2.6980,22,0
20190118,1225,2.6980,2.6980,2.6980,2.6980,5,0
20190118,1226,2.6980,2.6980,2.6980,2.6980,3,0
20190118,1227,2.6980,2.6990,2.6980,2.6990,3,0
20190118,1228,2.6990,2.6990,2.6980,2.6990,18,0
20190118,1229,2.6990,2.6990,2.6990,2.6990,12,0
20190118,1230,2.6990,2.6990,2.6990,2.6990,6,0
20190118,1231,2.6990,2.6990,2.6980,2.6990,18,0
20190118,1232,2.6990,2.6990,2.6990,2.6990,1,0
20190118,1233,2.6990,2.6990,2.6990,2.6990,5,0
20190118,1234,2.6990,2.6990,2.6990,2.6990,13,0
20190118,1235,2.6990,2.6990,2.6990,2.6990,1,0
20190118,1236,2.6990,2.6990,2.6990,2.6990,4,0
20190118,1237,2.6990,2.6990,2.6990,2.6990,3,0
20190118,1238,2.6990,2.6990,2.6980,2.6990,17,0
20190118,1239,2.6990,2.6990,2.6990,2.6990,4,0
20190118,1240,2.6990,2.6990,2.6990,2.6990,11,0
20190118,1241,2.6990,2.6990,2.6990,2.6990,23,0
20190118,1242,2.6990,2.6990,2.6990,2.6990,0,0
20190118,1243,2.6990,2.6990,2.6990,2.6990,7,0
20190118,1244,2.6990,2.6990,2.6990,2.6990,0,0
20190118,1245,2.6990,2.6990,2.6980,2.6980,15,0
20190118,1246,2.6980,2.6980,2.6980,2.6980,2,0
20190118,1247,2.6980,2.6980,2.6980,2.6980,0,0
20190118,1248,2.6980,2.6980,2.6980,2.6980,7,0
20190118,1249,2.6980,2.6980,2.6980,2.6980,9,0
20190118,1250,2.6980,2.6980,2.6980,2.6980,7,0
20190118,1251,2.6980,2.6980,2.6980,2.6980,7,0
20190118,1252,2.6980,2.6980,2.6980,2.6980,0,0
20190118,1253,2.6980,2.6980,2.6980,2.6980,1,0
20190118,1254,2.6980,2.6980,2.6970,2.6980,11,0
20190118,1255,2.6980,2.6980,2.6980,2.6980,1,0
20190118,1256,2.6980,2.6980,2.6980,2.6980,0,0
20190118,1257,2.6980,2.6980,2.6980,2.6980,1,0
20190118,1258,2.6980,2.6980,2.6980,2.6980,3,0
20190118,1259,2.6980,2.6980,2.6980,2.6980,1,0
20190118,1300,2.6980,2.6980,2.6980,2.6980,9,0
20190118,1301,2.6980,2.6990,2.6980,2.6990,11,0
20190118,1302,2.6990,2.6990,2.6990,2.6990,0,0
20190118,1303,2.6990,2.6990,2.6990,2.6990,4,0
20190118,1304,2.6990,2.6990,2.6990,2.6990,1,0
20190118,1305,2.6990,2.6990,2.6990,2.6990,0,0
20190118,1306,2.6990,2.6990,2.6990,2.6990,2,0
20190118,1307,2.6990,2.6990,2.6980,2.6980,6,0
20190118,1308,2.6980,2.6980,2.6980,2.6980,11,0
20190118,1309,2.6980,2.6980,2.6980,2.6980,2,0
20190118,1310,2.6980,2.6980,2.6980,2.6980,1,0
20190118,1311,2.6980,2.6990,2.6980,2.6990,26,0
20190118,1312,2.6990,2.6990,2.6990,2.6990,10,0
20190118,1313,2.6990,2.7000,2.6990,2.7000,44,0
20190118,1314,2.7000,2.7000,2.6990,2.6990,2,0
20190118,1315,2.6990,2.7000,2.6990,2.7000,5,0
20190118,1316,2.7000,2.7000,2.6990,2.6990,1,0
20190118,1317,2.6990,2.7000,2.6990,2.7000,1,0
20190118,1318,2.7000,2.7000,2.6990,2.7000,3,0
20190118,1319,2.7000,2.7000,2.7000,2.7000,11,0
20190118,1320,2.7000,2.7000,2.7000,2.7000,0,0
20190118,1321,2.7000,2.7000,2.7000,2.7000,1,0
20190118,1322,2.7000,2.7000,2.6990,2.6990,12,0
20190118,1323,2.6990,2.6990,2.6990,2.6990,1,0
20190118,1324,2.6990,2.6990,2.6990,2.6990,17,0
20190118,1325,2.6990,2.7000,2.6990,2.7000,2,0
20190118,1326,2.7000,2.7000,2.6990,2.6990,1,0
20190118,1327,2.6990,2.7000,2.6990,2.6990,24,0
20190118,1328,2.6990,2.7000,2.6990,2.7000,2,0
20190118,1329,2.7000,2.7000,2.6990,2.6990,19,0
20190118,1330,2.6990,2.6990,2.6980,2.6980,53,0
20190118,1331,2.6980,2.6980,2.6970,2.6970,37,0
20190118,1332,2.6970,2.6980,2.6960,2.6970,103,0
20190118,1333,2.6970,2.6970,2.6960,2.6970,121,0
20190118,1334,2.6970,2.6970,2.6960,2.6960,60,0
20190118,1335,2.6960,2.6970,2.6960,2.6970,87,0
20190118,1336,2.6970,2.6980,2.6970,2.6980,96,0
20190118,1337,2.6980,2.6980,2.6970,2.6980,135,0
20190118,1338,2.6980,2.6990,2.6980,2.6990,55,0
20190118,1339,2.6990,2.6990,2.6990,2.6990,25,0
20190118,1340,2.6990,2.6990,2.6990,2.6990,28,0
20190118,1341,2.6990,2.6990,2.6990,2.6990,38,0
20190118,1342,2.6990,2.6990,2.6980,2.6980,56,0
20190118,1343,2.6980,2.6980,2.6980,2.6980,42,0
20190118,1344,2.6980,2.6990,2.6980,2.6990,50,0
20190118,1345,2.6990,2.6990,2.6980,2.6980,7,0
20190118,1346,2.6980,2.6980,2.6980,2.6980,10,0
20190118,1347,2.6980,2.6990,2.6980,2.6990,4,0
20190118,1348,2.6990,2.6990,2.6990,2.6990,19,0
20190118,1349,2.6990,2.6990,2.6990,2.6990,12,0
20190118,1350,2.6990,2.7000,2.6990,2.7000,93,0
20190118,1351,2.7000,2.7000,2.6990,2.6990,34,0
20190118,1352,2.6990,2.7000,2.6990,2.6990,16,0
20190118,1353,2.6990,2.6990,2.6990,2.6990,22,0
20190118,1354,2.6990,2.6990,2.6990,2.6990,0,0
20190118,1355,2.6990,2.7000,2.6990,2.7000,29,0
20190118,1356,2.7000,2.7000,2.7000,2.7000,42,0
20190118,1357,2.7000,2.7000,2.6990,2.6990,19,0
20190118,1358,2.6990,2.6990,2.6990,2.6990,31,0
20190118,1359,2.6990,2.6990,2.6980,2.6990,29,0
20190118,1400,2.6990,2.6990,2.6980,2.6980,88,0
20190118,1401,2.6980,2.6980,2.6970,2.6980,62,0
20190118,1402,2.6980,2.6980,2.6960,2.6960,40,0
20190118,1403,2.6960,2.6960,2.6950,2.6960,34,0
20190118,1404,2.6960,2.6970,2.6960,2.6970,37,0
20190118,1405,2.6970,2.6970,2.6960,2.6970,12,0
20190118,1406,2.6970,2.6970,2.6970,2.6970,11,0
20190118,1407,2.6970,2.6970,2.6970,2.6970,26,0
20190118,1408,2.6970,2.6980,2.6970,2.6980,20,0
20190118,1409,2.6980,2.6980,2.6970,2.6970,58,0
20190118,1410,2.6970,2.6970,2.6960,2.6970,79,0
20190118,1411,2.6970,2.6980,2.6970,2.6980,83,0
20190118,1412,2.6980,2.6980,2.6980,2.6980,12,0
20190118,1413,2.6980,2.6980,2.6970,2.6980,18,0
20190118,1414,2.6980,2.6980,2.6980,2.6980,13,0
20190118,1415,2.6980,2.6980,2.6970,2.6970,26,0
20190118,1416,2.6970,2.6970,2.6960,2.6970,13,0
20190118,1417,2.6970,2.6980,2.6970,2.6970,24,0
20190118,1418,2.6970,2.6970,2.6970,2.6970,6,0
20190118,1419,2.6970,2.6980,2.6970,2.6980,22,0
20190118,1420,2.6980,2.6990,2.6980,2.6990,16,0
20190118,1421,2.6990,2.6990,2.6980,2.6980,9,0
20190118,1422,2.6980,2.6980,2.6980,2.6980,10,0
20190118,1423,2.6980,2.6980,2.6980,2.6980,15,0
20190118,1424,2.6980,2.6980,2.6970,2.6980,21,0
20190118,1425,2.6980,2.6980,2.6980,2.6980,6,0
20190118,1426,2.6980,2.6980,2.6970,2.6970,26,0
20190118,1427,2.6970,2.6970,2.6970,2.6970,10,0
20190118,1428,2.6970,2.6980,2.6970,2.6980,18,0
20190118,1429,2.6980,2.6980,2.6980,2.6980,8,0
20190118,1430,2.6980,2.6980,2.6980,2.6980,2,0
20190118,1431,2.6980,2.6980,2.6980,2.6980,6,0
20190118,1432,2.6980,2.6990,2.6980,2.6990,25,0
20190118,1433,2.6990,2.7000,2.6990,2.6990,44,0
20190118,1434,2.7000,2.7010,2.7000,2.7010,51,0
20190118,1435,2.7010,2.7010,2.7000,2.7000,21,0
20190118,1436,2.7000,2.7000,2.7000,2.7000,14,0
20190118,1437,2.7000,2.7000,2.6990,2.6990,10,0
20190118,1438,2.6990,2.6990,2.6990,2.6990,13,0
20190118,1439,2.6990,2.7000,2.6990,2.7000,30,0
20190118,1440,2.7000,2.7000,2.7000,2.7000,16,0
20190118,1441,2.7000,2.7010,2.7000,2.7010,22,0
20190118,1442,2.7000,2.7010,2.7000,2.7000,42,0
20190118,1443,2.7000,2.7000,2.7000,2.7000,41,0
20190118,1444,2.7000,2.7000,2.7000,2.7000,22,0
20190118,1445,2.7000,2.7000,2.6990,2.7000,27,0
20190118,1446,2.7000,2.7000,2.7000,2.7000,25,0
20190118,1447,2.7000,2.7020,2.7000,2.7020,72,0
20190118,1448,2.7020,2.7020,2.7010,2.7020,19,0
20190118,1449,2.7020,2.7020,2.7010,2.7010,40,0
20190118,1450,2.7010,2.7010,2.7010,2.7010,8,0
20190118,1451,2.7010,2.7010,2.7010,2.7010,16,0
20190118,1452,2.7010,2.7020,2.7010,2.7020,12,0
20190118,1453,2.7020,2.7030,2.7020,2.7020,71,0
20190118,1454,2.7020,2.7020,2.7020,2.7020,33,0
20190118,1455,2.7020,2.7020,2.7010,2.7020,58,0
20190118,1456,2.7020,2.7030,2.7020,2.7030,68,0
20190118,1457,2.7020,2.7030,2.7020,2.7030,44,0
20190118,1458,2.7030,2.7030,2.7020,2.7030,39,0
20190118,1459,2.7030,2.7030,2.7030,2.7030,32,0
20190118,1500,2.7030,2.7030,2.7010,2.7010,41,0
20190118,1501,2.7010,2.7020,2.7010,2.7020,12,0
20190118,1502,2.7020,2.7020,2.7020,2.7020,24,0
20190118,1503,2.7020,2.7030,2.7010,2.7010,10,0
20190118,1504,2.7010,2.7020,2.7010,2.7020,28,0
20190118,1505,2.7020,2.7020,2.7010,2.7020,24,0
20190118,1506,2.7020,2.7020,2.7020,2.7020,10,0
20190118,1507,2.7020,2.7030,2.7020,2.7030,5,0
20190118,1508,2.7030,2.7030,2.7030,2.7030,17,0
20190118,1509,2.7030,2.7030,2.7020,2.7020,30,0
20190118,1510,2.7020,2.7030,2.7020,2.7030,5,0
20190118,1511,2.7030,2.7030,2.7020,2.7020,31,0
20190118,1512,2.7020,2.7020,2.7020,2.7020,17,0
20190118,1513,2.7030,2.7030,2.7020,2.7030,15,0
20190118,1514,2.7030,2.7030,2.7020,2.7030,9,0
20190118,1515,2.7030,2.7030,2.7020,2.7020,1,0
20190118,1516,2.7030,2.7030,2.7030,2.7030,6,0
20190118,1517,2.7030,2.7030,2.7010,2.7010,22,0
20190118,1518,2.7020,2.7020,2.7010,2.7020,17,0
20190118,1519,2.7020,2.7020,2.7010,2.7010,28,0
20190118,1520,2.7010,2.7010,2.7010,2.7010,30,0
20190118,1521,2.7010,2.7020,2.7010,2.7020,13,0
20190118,1522,2.7020,2.7020,2.7010,2.7010,4,0
20190118,1523,2.7010,2.7010,2.7010,2.7010,14,0
20190118,1524,2.7010,2.7010,2.7000,2.7000,33,0
20190118,1525,2.7000,2.7000,2.6990,2.6990,53,0
20190118,1526,2.6990,2.6990,2.6980,2.6980,93,0
20190118,1527,2.6980,2.6990,2.6980,2.6990,32,0
20190118,1528,2.6990,2.6990,2.6970,2.6980,43,0
20190118,1529,2.6980,2.6990,2.6980,2.6990,17,0
20190118,1530,2.6980,2.6990,2.6980,2.6990,33,0
20190118,1531,2.6990,2.7000,2.6980,2.7000,116,0
20190118,1532,2.7000,2.7000,2.7000,2.7000,15,0
20190118,1533,2.7000,2.7000,2.7000,2.7000,3,0
20190118,1534,2.7000,2.7000,2.6990,2.6990,27,0
20190118,1535,2.6990,2.7000,2.6990,2.6990,19,0
20190118,1536,2.6990,2.6990,2.6980,2.6980,17,0
20190118,1537,2.6980,2.6990,2.6980,2.6990,19,0
20190118,1538,2.6990,2.7000,2.6990,2.7000,31,0
20190118,1539,2.7000,2.7010,2.7000,2.7010,73,0
20190118,1540,2.7010,2.7010,2.7010,2.7010,8,0
20190118,1541,2.7010,2.7010,2.7010,2.7010,33,0
20190118,1542,2.7010,2.7020,2.7010,2.7020,38,0
20190118,1543,2.7020,2.7020,2.7020,2.7020,21,0
20190118,1544,2.7030,2.7030,2.7020,2.7030,37,0
20190118,1545,2.7030,2.7030,2.7030,2.7030,48,0
20190118,1546,2.7040,2.7040,2.7030,2.7040,144,0
20190118,1547,2.7040,2.7050,2.7040,2.7040,198,0
20190118,1548,2.7040,2.7050,2.7040,2.7050,15,0
20190118,1549,2.7050,2.7060,2.7030,2.7040,56,0
20190118,1550,2.7040,2.7040,2.7030,2.7040,18,0
20190118,1551,2.7040,2.7050,2.7040,2.7050,18,0
20190118,1552,2.7050,2.7050,2.7040,2.7040,22,0
20190118,1553,2.7040,2.7040,2.7030,2.7040,14,0
20190118,1554,2.7040,2.7040,2.7040,2.7040,16,0
20190118,1555,2.7040,2.7040,2.7030,2.7030,25,0
20190118,1556,2.7030,2.7030,2.7030,2.7030,29,0
20190118,1557,2.7030,2.7030,2.7020,2.7020,44,0
20190118,1558,2.7020,2.7030,2.7010,2.7020,32,0
20190118,1559,2.7010,2.7020,2.7010,2.7020,133,0
20190118,1600,2.7000,2.7010,2.7000,2.7010,124,0
20190118,1601,2.7030,2.7040,2.7030,2.7040,91,0
20190118,1602,2.7040,2.7080,2.7040,2.7080,404,0
20190118,1603,2.7070,2.7080,2.7070,2.7080,68,0
20190118,1604,2.7080,2.7080,2.7070,2.7080,58,0
20190118,1605,2.7080,2.7080,2.7060,2.7060,49,0
20190118,1606,2.7060,2.7070,2.7060,2.7070,61,0
20190118,1607,2.7070,2.7070,2.7060,2.7060,15,0
20190118,1608,2.7060,2.7060,2.7050,2.7060,44,0
20190118,1609,2.7050,2.7060,2.7040,2.7060,41,0
20190118,1610,2.7060,2.7070,2.7060,2.7070,9,0
20190118,1611,2.7070,2.7070,2.7060,2.7060,35,0
20190118,1612,2.7060,2.7060,2.7030,2.7040,61,0
20190118,1613,2.7040,2.7060,2.7040,2.7060,25,0
20190118,1614,2.7060,2.7060,2.7050,2.7050,15,0
20190118,1615,2.7050,2.7070,2.7050,2.7060,38,0
20190118,1616,2.7060,2.7060,2.7050,2.7060,26,0
20190118,1617,2.7060,2.7060,2.7060,2.7060,22,0
20190118,1618,2.7060,2.7060,2.7040,2.7050,45,0
20190118,1619,2.7050,2.7060,2.7050,2.7060,28,0
20190118,1620,2.7050,2.7060,2.7050,2.7060,28,0
20190118,1621,2.7070,2.7070,2.7060,2.7070,20,0
20190118,1622,2.7070,2.7070,2.7060,2.7060,16,0
20190118,1623,2.7060,2.7060,2.7060,2.7060,32,0
20190118,1624,2.7060,2.7060,2.7060,2.7060,26,0
20190118,1625,2.7060,2.7080,2.7060,2.7070,37,0
20190118,1626,2.7070,2.7070,2.7070,2.7070,34,0
20190118,1627,2.7070,2.7070,2.7060,2.7060,32,0
20190118,1628,2.7060,2.7060,2.7060,2.7060,13,0
20190118,1629,2.7060,2.7060,2.7040,2.7040,46,0
20190118,1630,2.7040,2.7060,2.7040,2.7060,16,0
20190118,1631,2.7060,2.7070,2.7060,2.7070,36,0
20190118,1632,2.7070,2.7070,2.7070,2.7070,26,0
20190118,1633,2.7080,2.7080,2.7070,2.7070,33,0
20190118,1634,2.7070,2.7070,2.7070,2.7070,21,0
20190118,1635,2.7070,2.7070,2.7070,2.7070,20,0
20190118,1636,2.7070,2.7080,2.7070,2.7080,3,0
20190118,1637,2.7080,2.7080,2.7080,2.7080,70,0
20190118,1638,2.7080,2.7080,2.7070,2.7070,46,0
20190118,1639,2.7070,2.7080,2.7070,2.7080,33,0
20190118,1640,2.7070,2.7080,2.7070,2.7070,46,0
20190118,1641,2.7070,2.7090,2.7070,2.7080,50,0
20190118,1642,2.7080,2.7080,2.7070,2.7080,40,0
20190118,1643,2.7080,2.7080,2.7070,2.7080,19,0
20190118,1644,2.7080,2.7080,2.7050,2.7050,83,0
20190118,1645,2.7050,2.7060,2.7050,2.7060,33,0
20190118,1646,2.7050,2.7060,2.7040,2.7060,65,0
20190118,1647,2.7060,2.7070,2.7060,2.7060,45,0
20190118,1648,2.7060,2.7070,2.7050,2.7060,74,0
20190118,1649,2.7060,2.7080,2.7060,2.7070,68,0
20190118,1650,2.7070,2.7070,2.7070,2.7070,45,0
20190118,1651,2.7070,2.7080,2.7070,2.7080,73,0
20190118,1652,2.7080,2.7090,2.7080,2.7090,174,0
20190118,1653,2.7090,2.7090,2.7070,2.7080,89,0
20190118,1654,2.7080,2.7090,2.7080,2.7090,55,0
20190118,1655,2.7090,2.7090,2.7090,2.7090,88,0
20190118,1656,2.7090,2.7090,2.7080,2.7090,35,0
20190118,1657,2.7090,2.7090,2.7090,2.7090,17,0
20190118,1658,2.7090,2.7090,2.7090,2.7090,56,0
20190118,1659,2.7090,2.7090,2.7090,2.7090,33,0
20190118,1700,2.7090,2.7090,2.7080,2.7080,132,0
20190118,1701,2.7090,2.7090,2.7080,2.7090,28,0
20190118,1702,2.7090,2.7090,2.7070,2.7080,86,0
20190118,1703,2.7080,2.7090,2.7080,2.7080,57,0
20190118,1704,2.7080,2.7090,2.7060,2.7060,124,0
20190118,1705,2.7050,2.7060,2.7050,2.7060,64,0
20190118,1706,2.7060,2.7070,2.7060,2.7070,31,0
20190118,1707,2.7070,2.7080,2.7070,2.7080,25,0
20190118,1708,2.7080,2.7080,2.7070,2.7080,33,0
20190118,1709,2.7080,2.7090,2.7080,2.7090,25,0
20190118,1710,2.7080,2.7100,2.7080,2.7100,94,0
20190118,1711,2.7100,2.7110,2.7090,2.7100,102,0
20190118,1712,2.7100,2.7100,2.7080,2.7080,78,0
20190118,1713,2.7090,2.7090,2.7080,2.7080,66,0
20190118,1714,2.7080,2.7100,2.7070,2.7100,48,0
20190118,1715,2.7090,2.7110,2.7090,2.7110,58,0
20190118,1716,2.7110,2.7120,2.7110,2.7110,304,0
20190118,1717,2.7110,2.7120,2.7110,2.7110,60,0
20190118,1718,2.7110,2.7120,2.7110,2.7120,61,0
20190118,1719,2.7120,2.7120,2.7120,2.7120,74,0
20190118,1720,2.7120,2.7120,2.7110,2.7110,53,0
20190118,1721,2.7110,2.7110,2.7110,2.7110,45,0
20190118,1722,2.7110,2.7110,2.7100,2.7110,34,0
20190118,1723,2.7110,2.7120,2.7110,2.7110,29,0
20190118,1724,2.7110,2.7110,2.7100,2.7100,48,0
20190118,1725,2.7100,2.7110,2.7100,2.7110,43,0
20190118,1726,2.7110,2.7110,2.7100,2.7110,22,0
20190118,1727,2.7110,2.7120,2.7110,2.7120,20,0
20190118,1728,2.7120,2.7120,2.7110,2.7120,58,0
20190118,1729,2.7120,2.7120,2.7110,2.7110,44,0
20190118,1730,2.7110,2.7130,2.7110,2.7120,58,0
20190118,1731,2.7120,2.7130,2.7120,2.7130,45,0
20190118,1732,2.7130,2.7140,2.7130,2.7130,37,0
20190118,1733,2.7130,2.7140,2.7130,2.7140,61,0
20190118,1734,2.7140,2.7160,2.7140,2.7160,154,0
20190118,1735,2.7160,2.7170,2.7160,2.7160,106,0
20190118,1736,2.7170,2.7170,2.7160,2.7160,32,0
20190118,1737,2.7160,2.7160,2.7160,2.7160,56,0
20190118,1738,2.7170,2.7170,2.7160,2.7170,58,0
20190118,1739,2.7170,2.7190,2.7170,2.7180,160,0
20190118,1740,2.7180,2.7190,2.7180,2.7180,108,0
20190118,1741,2.7180,2.7190,2.7180,2.7190,99,0
20190118,1742,2.7190,2.7190,2.7180,2.7180,63,0
20190118,1743,2.7180,2.7180,2.7170,2.7170,75,0
20190118,1744,2.7170,2.7170,2.7160,2.7160,84,0
20190118,1745,2.7160,2.7170,2.7160,2.7170,49,0
20190118,1746,2.7170,2.7170,2.7170,2.7170,24,0
20190118,1747,2.7170,2.7180,2.7160,2.7170,21,0
20190118,1748,2.7170,2.7170,2.7170,2.7170,33,0
20190118,1749,2.7170,2.7180,2.7170,2.7180,51,0
20190118,1750,2.7180,2.7200,2.7180,2.7200,111,0
20190118,1751,2.7190,2.7200,2.7190,2.7190,103,0
20190118,1752,2.7190,2.7190,2.7180,2.7180,33,0
20190118,1753,2.7180,2.7180,2.7170,2.7170,56,0
20190118,1754,2.7170,2.7190,2.7170,2.7190,32,0
20190118,1755,2.7190,2.7190,2.7180,2.7180,39,0
20190118,1756,2.7180,2.7190,2.7180,2.7190,42,0
20190118,1757,2.7180,2.7180,2.7170,2.7180,59,0
20190118,1758,2.7180,2.7180,2.7170,2.7180,42,0
20190118,1759,2.7180,2.7180,2.7170,2.7180,35,0
20190118,1800,2.7180,2.7180,2.7180,2.7180,20,0
20190118,1801,2.7180,2.7180,2.7170,2.7170,48,0
20190118,1802,2.7170,2.7170,2.7170,2.7170,32,0
20190118,1803,2.7170,2.7180,2.7170,2.7170,33,0
20190118,1804,2.7170,2.7170,2.7160,2.7170,27,0
20190118,1805,2.7170,2.7170,2.7160,2.7170,25,0
20190118,1806,2.7170,2.7170,2.7160,2.7160,7,0
20190118,1807,2.7160,2.7180,2.7160,2.7180,127,0
20190118,1808,2.7180,2.7190,2.7180,2.7180,45,0
20190118,1809,2.7180,2.7180,2.7160,2.7170,22,0
20190118,1810,2.7160,2.7160,2.7150,2.7150,40,0
20190118,1811,2.7160,2.7160,2.7140,2.7150,43,0
20190118,1812,2.7150,2.7160,2.7150,2.7160,55,0
20190118,1813,2.7160,2.7170,2.7160,2.7170,45,0
20190118,1814,2.7170,2.7170,2.7170,2.7170,25,0
20190118,1815,2.7170,2.7170,2.7160,2.7160,6,0
20190118,1816,2.7160,2.7160,2.7160,2.7160,5,0
20190118,1817,2.7160,2.7160,2.7160,2.7160,15,0
20190118,1818,2.7160,2.7160,2.7160,2.7160,16,0
20190118,1819,2.7160,2.7160,2.7160,2.7160,7,0
20190118,1820,2.7160,2.7160,2.7160,2.7160,13,0
20190118,1821,2.7160,2.7160,2.7150,2.7150,30,0
20190118,1822,2.7150,2.7160,2.7150,2.7150,19,0
20190118,1823,2.7150,2.7150,2.7140,2.7140,54,0
20190118,1824,2.7140,2.7150,2.7140,2.7150,8,0
20190118,1825,2.7140,2.7150,2.7140,2.7140,29,0
20190118,1826,2.7140,2.7140,2.7140,2.7140,8,0
20190118,1827,2.7140,2.7140,2.7130,2.7140,27,0
20190118,1828,2.7130,2.7140,2.7130,2.7140,21,0
20190118,1829,2.7140,2.7140,2.7140,2.7140,7,0
20190118,1830,2.7140,2.7140,2.7130,2.7140,21,0
20190118,1831,2.7140,2.7140,2.7140,2.7140,5,0
20190118,1832,2.7130,2.7130,2.7130,2.7130,56,0
20190118,1833,2.7130,2.7140,2.7130,2.7130,40,0
20190118,1834,2.7130,2.7130,2.7130,2.7130,12,0
20190118,1835,2.7130,2.7140,2.7130,2.7130,12,0
20190118,1836,2.7130,2.7130,2.7130,2.7130,11,0
20190118,1837,2.7130,2.7130,2.7130,2.7130,5,0
20190118,1838,2.7130,2.7130,2.7130,2.7130,94,0
20190118,1839,2.7130,2.7130,2.7130,2.7130,6,0
20190118,1840,2.7130,2.7130,2.7120,2.7120,20,0
20190118,1841,2.7120,2.7130,2.7120,2.7130,31,0
20190118,1842,2.7130,2.7130,2.7130,2.7130,10,0
20190118,1843,2.7130,2.7150,2.7130,2.7140,37,0
20190118,2315,2.7000,2.7010,2.7000,2.7000,114,0
20190118,2316,2.7000,2.7010,2.7000,2.7010,71,0
20190118,2317,2.7000,2.7000,2.6990,2.6990,69,0
20190118,2318,2.6990,2.6990,2.6990,2.6990,36,0
20190118,2319,2.6990,2.7180,2.6990,2.7180,2799,0
20190118,2320,2.7150,2.7150,2.7060,2.7100,935,0
20190118,2321,2.7070,2.7070,2.7040,2.7040,304,0
20190118,2322,2.7040,2.7050,2.7030,2.7040,116,0
20190118,2323,2.7050,2.7050,2.7020,2.7020,196,0
20190118,2324,2.7020,2.7020,2.7020,2.7020,147,0
20190118,2325,2.7030,2.7040,2.7030,2.7040,118,0
20190118,2326,2.7040,2.7040,2.7030,2.7040,62,0
20190118,2327,2.7040,2.7040,2.7030,2.7030,171,0
20190118,2328,2.7030,2.7030,2.7010,2.7010,119,0
20190118,2329,2.7000,2.7020,2.7000,2.7000,160,0
20190118,2330,2.7000,2.7020,2.7000,2.7020,75,0
20190118,2331,2.7030,2.7070,2.7030,2.7070,255,0
20190118,2332,2.7060,2.7090,2.7060,2.7090,177,0
20190118,2333,2.7090,2.7090,2.7070,2.7080,115,0
20190118,2334,2.7080,2.7080,2.7070,2.7080,90,0
20190118,2335,2.7080,2.7100,2.7070,2.7090,172,0
20190118,2336,2.7110,2.7110,2.7090,2.7090,197,0
20190118,2337,2.7100,2.7100,2.7080,2.7080,136,0
20190118,2338,2.7070,2.7070,2.7060,2.7060,138,0
20190118,2339,2.7070,2.7070,2.7050,2.7060,131,0
20190118,2340,2.7050,2.7060,2.7050,2.7060,58,0
20190118,2341,2.7060,2.7060,2.7050,2.7060,63,0
20190118,2342,2.7060,2.7090,2.7060,2.7090,67,0
20190118,2343,2.7090,2.7100,2.7080,2.7100,88,0
20190118,2344,2.7120,2.7120,2.7100,2.7110,214,0
20190118,2345,2.7120,2.7140,2.7120,2.7140,243,0
20190118,2346,2.7140,2.7140,2.7130,2.7140,319,0
20190118,2347,2.7130,2.7130,2.7120,2.7120,84,0
20190118,2348,2.7120,2.7120,2.7110,2.7110,159,0
20190118,2349,2.7110,2.7110,2.7080,2.7080,273,0
20190118,2350,2.7080,2.7090,2.7070,2.7090,80,0
20190118,2351,2.7090,2.7100,2.7090,2.7090,39,0
20190118,2352,2.7080,2.7120,2.7080,2.7110,251,0
20190118,2353,2.7120,2.7130,2.7120,2.7130,92,0
20190118,2354,2.7120,2.7130,2.7110,2.7130,369,0
20190118,2355,2.7130,2.7140,2.7130,2.7140,580,0
20190118,2356,2.7140,2.7140,2.7130,2.7130,152,0
20190118,2357,2.7130,2.7130,2.7110,2.7110,64,0
20190118,2358,2.7130,2.7130,2.7100,2.7100,381,0
20190118,2359,2.7100,2.7130,2.7100,2.7120,61,0
20190119,0000,2.7120,2.7130,2.7120,2.7130,40,0
20190119,0001,2.7120,2.7120,2.7110,2.7120,94,0
20190119,0002,2.7130,2.7150,2.7130,2.7150,221,0
20190119,0003,2.7150,2.7160,2.7150,2.7150,138,0
20190119,0004,2.7160,2.7160,2.7140,2.7150,96,0
20190119,0005,2.7140,2.7170,2.7140,2.7170,296,0
20190119,0006,2.7180,2.7180,2.7170,2.7170,84,0
20190119,0007,2.7180,2.7210,2.7170,2.7210,292,0
20190119,0008,2.7210,2.7220,2.7210,2.7220,321,0
20190119,0009,2.7220,2.7230,2.7210,2.7220,460,0
20190119,0010,2.7240,2.7240,2.7200,2.7200,246,0
20190119,0011,2.7200,2.7210,2.7190,2.7190,233,0
20190119,0012,2.7180,2.7190,2.7170,2.7180,169,0
20190119,0013,2.7180,2.7180,2.7160,2.7160,113,0
20190119,0014,2.7160,2.7170,2.7160,2.7160,96,0
20190119,0015,2.7160,2.7160,2.7150,2.7150,152,0
20190119,0016,2.7150,2.7160,2.7150,2.7160,93,0
20190119,0017,2.7160,2.7160,2.7140,2.7140,71,0
20190119,0018,2.7140,2.7140,2.7130,2.7140,90,0
20190119,0019,2.7130,2.7150,2.7130,2.7150,139,0
20190119,0020,2.7150,2.7170,2.7150,2.7170,146,0
20190119,0021,2.7150,2.7150,2.7110,2.7110,197,0
20190119,0022,2.7100,2.7100,2.7080,2.7090,321,0
20190119,0023,2.7080,2.7100,2.7080,2.7100,139,0
20190119,0024,2.7100,2.7110,2.7100,2.7100,142,0
20190119,0025,2.7100,2.7100,2.7090,2.7090,62,0
20190119,0026,2.7090,2.7090,2.7090,2.7090,68,0
20190119,0027,2.7090,2.7090,2.7070,2.7070,147,0
20190119,0028,2.7070,2.7080,2.7070,2.7070,224,0
20190119,0029,2.7070,2.7080,2.7070,2.7080,38,0
20190119,0030,2.7080,2.7110,2.7080,2.7110,204,0
20190119,0031,2.7110,2.7110,2.7100,2.7110,140,0
20190119,0032,2.7110,2.7110,2.7100,2.7100,80,0
20190119,0033,2.7100,2.7100,2.7080,2.7080,36,0
20190119,0034,2.7080,2.7100,2.7080,2.7100,136,0
20190119,0035,2.7110,2.7120,2.7100,2.7100,193,0
20190119,0036,2.7100,2.7130,2.7100,2.7120,201,0
20190119,0037,2.7120,2.7120,2.7110,2.7120,43,0
20190119,0038,2.7120,2.7140,2.7120,2.7130,32,0
20190119,0039,2.7130,2.7150,2.7130,2.7150,158,0
20190119,0040,2.7150,2.7170,2.7150,2.7160,123,0
20190119,0041,2.7170,2.7180,2.7170,2.7170,148,0
20190119,0042,2.7170,2.7180,2.7170,2.7180,76,0
20190119,0043,2.7180,2.7190,2.7170,2.7190,90,0
20190119,0044,2.7180,2.7180,2.7170,2.7170,83,0
20190119,0045,2.7160,2.7170,2.7160,2.7160,57,0
20190119,0046,2.7160,2.7160,2.7140,2.7140,96,0
20190119,0047,2.7150,2.7150,2.7130,2.7130,77,0
20190119,0048,2.7130,2.7140,2.7130,2.7140,65,0
20190119,0049,2.7130,2.7140,2.7130,2.7140,64,0
20190119,0050,2.7130,2.7130,2.7130,2.7130,92,0
20190119,0051,2.7120,2.7130,2.7120,2.7130,51,0
20190119,0052,2.7130,2.7130,2.7120,2.7120,199,0
20190119,0053,2.7130,2.7140,2.7130,2.7140,117,0
20190119,0054,2.7150,2.7160,2.7140,2.7160,89,0
20190119,0055,2.7160,2.7160,2.7150,2.7160,65,0
20190119,0056,2.7160,2.7170,2.7160,2.7170,69,0
20190119,0057,2.7170,2.7180,2.7170,2.7180,79,0
20190119,0058,2.7170,2.7170,2.7160,2.7160,111,0
20190119,0059,2.7160,2.7160,2.7150,2.7150,140,0
20190119,0100,2.7160,2.7160,2.7150,2.7160,78,0
20190119,0101,2.7160,2.7170,2.7160,2.7160,67,0
20190119,0102,2.7160,2.7170,2.7160,2.7160,31,0
20190119,0103,2.7160,2.7170,2.7160,2.7160,25,0
20190119,0104,2.7160,2.7160,2.7150,2.7160,47,0
20190119,0105,2.7160,2.7170,2.7160,2.7160,27,0
20190119,0106,2.7160,2.7170,2.7150,2.7170,43,0
20190119,0107,2.7160,2.7170,2.7160,2.7170,44,0
20190119,0108,2.7170,2.7170,2.7160,2.7170,27,0
20190119,0109,2.7160,2.7160,2.7160,2.7160,18,0
20190119,0110,2.7170,2.7190,2.7170,2.7190,98,0
20190119,0111,2.7190,2.7200,2.7190,2.7200,84,0
20190119,0112,2.7190,2.7200,2.7190,2.7190,31,0
20190119,0113,2.7190,2.7210,2.7190,2.7210,88,0
20190119,0114,2.7210,2.7210,2.7200,2.7210,90,0
20190119,0115,2.7210,2.7230,2.7210,2.7220,109,0
20190119,0116,2.7220,2.7220,2.7210,2.7210,53,0
20190119,0117,2.7210,2.7210,2.7200,2.7210,99,0
20190119,0118,2.7210,2.7210,2.7200,2.7200,376,0
20190119,0119,2.7200,2.7210,2.7200,2.7210,20,0
20190119,0120,2.7210,2.7210,2.7200,2.7200,63,0
20190119,0121,2.7200,2.7200,2.7200,2.7200,120,0
20190119,0122,2.7200,2.7200,2.7180,2.7200,56,0
20190119,0123,2.7200,2.7200,2.7200,2.7200,46,0
20190119,0124,2.7200,2.7200,2.7200,2.7200,55,0
20190119,0125,2.7200,2.7220,2.7200,2.7210,61,0
20190119,0126,2.7210,2.7210,2.7210,2.7210,43,0
20190119,0127,2.7210,2.7210,2.7200,2.7200,52,0
20190119,0128,2.7210,2.7210,2.7200,2.7200,35,0
20190119,0129,2.7200,2.7210,2.7200,2.7210,11,0
20190119,0130,2.7210,2.7210,2.7190,2.7190,74,0
20190119,0131,2.7190,2.7190,2.7190,2.7190,35,0
20190119,0132,2.7190,2.7190,2.7180,2.7180,90,0
20190119,0133,2.7180,2.7190,2.7180,2.7180,43,0
20190119,0134,2.7180,2.7190,2.7180,2.7190,31,0
20190119,0135,2.7200,2.7200,2.7190,2.7200,44,0
20190119,0136,2.7200,2.7200,2.7200,2.7200,59,0
20190119,0137,2.7200,2.7210,2.7200,2.7210,36,0
20190119,0138,2.7210,2.7220,2.7210,2.7210,45,0
20190119,0139,2.7210,2.7220,2.7210,2.7220,66,0
20190119,0140,2.7220,2.7220,2.7220,2.7220,64,0
20190119,0141,2.7220,2.7230,2.7220,2.7230,124,0
20190119,0142,2.7230,2.7240,2.7230,2.7240,79,0
20190119,0143,2.7230,2.7240,2.7230,2.7240,47,0
20190119,0144,2.7240,2.7250,2.7240,2.7250,250,0
20190119,0145,2.7250,2.7260,2.7250,2.7250,431,0
20190119,0146,2.7250,2.7250,2.7230,2.7240,87,0
20190119,0147,2.7240,2.7250,2.7220,2.7220,96,0
20190119,0148,2.7220,2.7220,2.7210,2.7210,101,0
20190119,0149,2.7210,2.7230,2.7210,2.7230,39,0
20190119,0150,2.7220,2.7230,2.7220,2.7230,53,0
20190119,0151,2.7230,2.7230,2.7220,2.7230,18,0
20190119,0152,2.7220,2.7220,2.7200,2.7210,80,0
20190119,0153,2.7210,2.7210,2.7200,2.7200,43,0
20190119,0154,2.7200,2.7210,2.7200,2.7200,38,0
20190119,0155,2.7200,2.7200,2.7190,2.7190,79,0
20190119,0156,2.7190,2.7200,2.7190,2.7200,50,0
20190119,0157,2.7200,2.7210,2.7200,2.7200,104,0
20190119,0158,2.7210,2.7210,2.7190,2.7190,525,0
20190119,0159,2.7210,2.7210,2.7170,2.7170,1280,0
20190119,0200,2.7190,2.7200,2.7180,2.7180,433,0
20190119,0201,2.7180,2.7180,2.7170,2.7180,151,0
20190119,0202,2.7170,2.7180,2.7160,2.7170,96,0
20190119,0203,2.7170,2.7170,2.7150,2.7150,123,0
20190119,0204,2.7160,2.7160,2.7150,2.7150,72,0
20190119,0205,2.7150,2.7150,2.7140,2.7150,63,0
20190119,0206,2.7150,2.7160,2.7150,2.7160,63,0
20190119,0207,2.7160,2.7160,2.7150,2.7160,90,0
20190119,0208,2.7150,2.7150,2.7150,2.7150,58,0
20190119,0209,2.7150,2.7150,2.7150,2.7150,29,0
20190119,0210,2.7150,2.7150,2.7140,2.7140,59,0
20190119,0211,2.7140,2.7150,2.7140,2.7150,84,0
20190119,0212,2.7150,2.7160,2.7150,2.7150,52,0
20190119,0213,2.7150,2.7150,2.7150,2.7150,24,0
20190119,0214,2.7150,2.7150,2.7150,2.7150,109,0
20190119,0215,2.7150,2.7150,2.7140,2.7150,25,0
20190119,0216,2.7150,2.7150,2.7140,2.7140,13,0
20190119,0217,2.7140,2.7140,2.7130,2.7130,35,0
20190119,0218,2.7130,2.7140,2.7130,2.7130,17,0
20190119,0219,2.7130,2.7130,2.7130,2.7130,2,0
20190119,0220,2.7130,2.7140,2.7130,2.7140,19,0
20190119,0221,2.7140,2.7140,2.7130,2.7140,23,0
20190119,0222,2.7140,2.7140,2.7140,2.7140,249,0
20190119,0223,2.7150,2.7150,2.7150,2.7150,30,0
20190119,0224,2.7150,2.7150,2.7150,2.7150,14,0
20190119,0225,2.7150,2.7150,2.7150,2.7150,4,0
20190119,0226,2.7150,2.7150,2.7150,2.7150,8,0
20190119,0227,2.7150,2.7150,2.7140,2.7150,39,0
20190119,0228,2.7150,2.7160,2.7150,2.7150,60,0
20190119,0229,2.7150,2.7160,2.7140,2.7140,35,0
20190119,0230,2.7140,2.7150,2.7140,2.7140,17,0
20190119,0231,2.7140,2.7150,2.7140,2.7150,27,0
20190119,0232,2.7150,2.7150,2.7140,2.7140,35,0
20190119,0233,2.7140,2.7150,2.7140,2.7140,20,0
20190119,0234,2.7140,2.7150,2.7140,2.7150,5,0
20190119,0235,2.7150,2.7150,2.7150,2.7150,38,0
20190119,0236,2.7150,2.7150,2.7150,2.7150,13,0
20190119,0237,2.7150,2.7150,2.7140,2.7150,26,0
20190119,0238,2.7150,2.7150,2.7140,2.7150,6,0
20190119,0239,2.7150,2.7150,2.7150,2.7150,17,0
20190119,0240,2.7150,2.7150,2.7150,2.7150,2,0
20190119,0241,2.7150,2.7150,2.7150,2.7150,1,0
20190119,0242,2.7150,2.7150,2.7150,2.7150,12,0
20190119,0243,2.7150,2.7150,2.7150,2.7150,7,0
20190119,0244,2.7150,2.7150,2.7150,2.7150,1,0
20190119,0245,2.7150,2.7150,2.7150,2.7150,18,0
20190119,0246,2.7150,2.7170,2.7150,2.7170,33,0
20190119,0247,2.7170,2.7170,2.7170,2.7170,9,0
20190119,0248,2.7160,2.7180,2.7160,2.7180,25,0
20190119,0249,2.7180,2.7180,2.7180,2.7180,62,0
20190119,0250,2.7180,2.7180,2.7170,2.7170,20,0
20190119,0251,2.7170,2.7170,2.7160,2.7160,4,0
20190119,0252,2.7160,2.7160,2.7160,2.7160,4,0
20190119,0253,2.7160,2.7160,2.7150,2.7160,17,0
20190119,0254,2.7160,2.7160,2.7160,2.7160,13,0
20190119,0255,2.7160,2.7160,2.7150,2.7150,7,0
20190119,0256,2.7150,2.7150,2.7150,2.7150,0,0
20190119,0257,2.7150,2.7150,2.7150,2.7150,17,0
20190119,0258,2.7150,2.7160,2.7150,2.7160,23,0
20190119,0259,2.7160,2.7170,2.7160,2.7170,9,0
20190119,0300,2.7160,2.7170,2.7160,2.7160,37,0
20190119,0301,2.7160,2.7160,2.7150,2.7150,3,0
20190119,0302,2.7150,2.7150,2.7150,2.7150,4,0
20190119,0303,2.7150,2.7150,2.7150,2.7150,6,0
20190119,0304,2.7150,2.7150,2.7150,2.7150,2,0
20190119,0305,2.7150,2.7150,2.7140,2.7140,19,0
20190119,0306,2.7140,2.7140,2.7140,2.7140,3,0
20190119,0307,2.7140,2.7140,2.7130,2.7130,29,0
20190119,0308,2.7140,2.7140,2.7140,2.7140,6,0
20190119,0309,2.7140,2.7140,2.7140,2.7140,0,0
20190119,0310,2.7140,2.7140,2.7130,2.7130,8,0
20190119,0311,2.7140,2.7140,2.7140,2.7140,19,0
20190119,0312,2.7140,2.7140,2.7140,2.7140,0,0
20190119,0313,2.7130,2.7130,2.7130,2.7130,1,0
20190119,0314,2.7130,2.7130,2.7130,2.7130,6,0
20190119,0315,2.7130,2.7130,2.7130,2.7130,11,0
20190119,0316,2.7130,2.7140,2.7130,2.7130,10,0
20190119,0317,2.7130,2.7130,2.7130,2.7130,7,0
20190119,0318,2.7130,2.7130,2.7130,2.7130,0,0
20190119,0319,2.7130,2.7130,2.7130,2.7130,8,0
20190119,0320,2.7110,2.7110,2.7110,2.7110,67,0
20190119,0321,2.7110,2.7130,2.7110,2.7130,27,0
20190119,0322,2.7120,2.7130,2.7120,2.7130,14,0
20190119,0323,2.7130,2.7130,2.7120,2.7130,6,0
20190119,0324,2.7130,2.7140,2.7130,2.7140,15,0
20190119,0325,2.7140,2.7140,2.7130,2.7130,4,0
20190119,0326,2.7120,2.7130,2.7120,2.7130,27,0
20190119,0327,2.7130,2.7130,2.7120,2.7120,4,0
20190119,0328,2.7120,2.7130,2.7120,2.7130,4,0
20190119,0329,2.7130,2.7130,2.7130,2.7130,9,0
20190119,0330,2.7130,2.7130,2.7130,2.7130,18,0
20190119,0331,2.7130,2.7130,2.7130,2.7130,1,0
20190119,0332,2.7140,2.7140,2.7130,2.7130,11,0
20190119,0333,2.7130,2.7130,2.7130,2.7130,5,0
20190119,0334,2.7120,2.7120,2.7120,2.7120,8,0
20190119,0335,2.7120,2.7120,2.7120,2.7120,5,0
20190119,0336,2.7120,2.7120,2.7120,2.7120,4,0
20190119,0337,2.7130,2.7130,2.7120,2.7120,14,0
20190119,0338,2.7130,2.7130,2.7120,2.7120,7,0
20190119,0339,2.7120,2.7120,2.7120,2.7120,0,0
20190119,0340,2.7120,2.7130,2.7120,2.7130,1,0
20190119,0341,2.7130,2.7130,2.7130,2.7130,2,0
20190119,0342,2.7130,2.7130,2.7130,2.7130,5,0
20190119,0343,2.7130,2.7130,2.7130,2.7130,10,0
20190119,0344,2.7130,2.7130,2.7120,2.7130,9,0
20190119,0345,2.7130,2.7130,2.7130,2.7130,3,0
20190119,0346,2.7130,2.7140,2.7130,2.7140,6,0
20190119,0347,2.7140,2.7140,2.7140,2.7140,8,0
20190119,0348,2.7140,2.7140,2.7140,2.7140,1,0
20190119,0349,2.7140,2.7140,2.7130,2.7130,12,0
20190119,0350,2.7130,2.7130,2.7130,2.7130,5,0
20190119,0351,2.7130,2.7130,2.7130,2.7130,8,0
20190119,0352,2.7130,2.7130,2.7120,2.7120,3,0
20190119,0353,2.7120,2.7130,2.7120,2.7130,1,0
20190119,0354,2.7130,2.7130,2.7130,2.7130,4,0
20190119,0355,2.7130,2.7130,2.7130,2.7130,0,0
20190119,0356,2.7130,2.7130,2.7120,2.7130,11,0
20190119,0357,2.7130,2.7130,2.7130,2.7130,6,0
20190119,0358,2.7130,2.7130,2.7130,2.7130,2,0
20190119,0359,2.7130,2.7130,2.7130,2.7130,2,0
20190119,0400,2.7130,2.7130,2.7130,2.7130,5,0
20190119,0401,2.7130,2.7130,2.7120,2.7120,2,0
20190119,0402,2.7120,2.7120,2.7120,2.7120,2,0
20190119,0404,2.7120,2.7120,2.7120,2.7120,9,0
20190119,0405,2.7120,2.7120,2.7120,2.7120,15,0
20190119,0406,2.7120,2.7120,2.7120,2.7120,5,0
20190119,0407,2.7120,2.7120,2.7120,2.7120,2,0
20190119,0408,2.7120,2.7130,2.7120,2.7130,3,0
20190119,0409,2.7120,2.7120,2.7110,2.7110,11,0
20190119,0410,2.7110,2.7120,2.7110,2.7120,3,0
20190119,0411,2.7120,2.7120,2.7120,2.7120,6,0
20190119,0412,2.7120,2.7120,2.7120,2.7120,14,0
20190119,0413,2.7120,2.7120,2.7110,2.7110,12,0
20190119,0414,2.7110,2.7120,2.7110,2.7120,1,0
20190119,0415,2.7120,2.7120,2.7120,2.7120,8,0
20190119,0416,2.7120,2.7120,2.7120,2.7120,1,0
20190119,0417,2.7120,2.7120,2.7120,2.7120,5,0
20190119,0418,2.7120,2.7120,2.7120,2.7120,8,0
20190119,0419,2.7120,2.7120,2.7120,2.7120,9,0
20190119,0420,2.7120,2.7120,2.7120,2.7120,4,0
20190119,0421,2.7120,2.7120,2.7120,2.7120,7,0
20190119,0422,2.7120,2.7120,2.7120,2.7120,2,0
20190119,0423,2.7120,2.7120,2.7110,2.7120,4,0
20190119,0424,2.7120,2.7120,2.7110,2.7120,3,0
20190119,0425,2.7120,2.7120,2.7120,2.7120,5,0
20190119,0427,2.7120,2.7120,2.7120,2.7120,3,0
20190119,0428,2.7110,2.7120,2.7110,2.7120,4,0
20190119,0429,2.7120,2.7120,2.7120,2.7120,2,0
20190119,0430,2.7120,2.7120,2.7120,2.7120,4,0
20190119,0431,2.7120,2.7120,2.7120,2.7120,0,0
20190119,0432,2.7120,2.7120,2.7120,2.7120,2,0
20190119,0433,2.7120,2.7120,2.7120,2.7120,5,0
20190119,0434,2.7120,2.7120,2.7110,2.7110,1,0
20190119,0435,2.7110,2.7110,2.7110,2.7110,2,0
20190119,0436,2.7120,2.7120,2.7120,2.7120,4,0
20190119,0437,2.7120,2.7120,2.7120,2.7120,0,0
20190119,0438,2.7120,2.7120,2.7120,2.7120,0,0
20190119,0439,2.7120,2.7120,2.7120,2.7120,13,0
20190119,0440,2.7120,2.7120,2.7120,2.7120,2,0
20190119,0441,2.7120,2.7120,2.7120,2.7120,3,0
20190119,0442,2.7120,2.7120,2.7120,2.7120,13,0
20190119,0443,2.7120,2.7120,2.7120,2.7120,1,0
20190119,0444,2.7120,2.7120,2.7120,2.7120,4,0
20190119,0445,2.7120,2.7120,2.7110,2.7110,16,0
20190119,0446,2.7110,2.7110,2.7110,2.7110,8,0
20190119,0448,2.7110,2.7110,2.7110,2.7110,2,0
20190119,0449,2.7110,2.7110,2.7110,2.7110,8,0
20190119,0450,2.7100,2.7110,2.7100,2.7110,42,0
20190119,0451,2.7110,2.7110,2.7110,2.7110,11,0
20190119,0452,2.7110,2.7110,2.7110,2.7110,6,0
20190119,0453,2.7110,2.7120,2.7110,2.7120,22,0
20190119,0454,2.7120,2.7120,2.7110,2.7120,6,0
20190119,0455,2.7120,2.7120,2.7110,2.7120,16,0
20190119,0456,2.7120,2.7120,2.7110,2.7110,8,0
20190119,0457,2.7110,2.7110,2.7110,2.7110,11,0
20190119,0458,2.7110,2.7120,2.7110,2.7120,21,0
20190119,0459,2.7120,2.7120,2.7120,2.7120,38,0
20190119,0500,2.7120,2.7120,2.7120,2.7120,36,0
20190119,0501,2.7120,2.7120,2.7120,2.7120,8,0
20190119,0502,2.7130,2.7140,2.7130,2.7140,23,0
20190119,0503,2.7130,2.7130,2.7130,2.7130,1,0
20190119,0504,2.7140,2.7140,2.7140,2.7140,13,0
20190119,0505,2.7140,2.7140,2.7140,2.7140,16,0
20190119,0506,2.7140,2.7140,2.7130,2.7130,4,0
20190119,0507,2.7130,2.7130,2.7130,2.7130,3,0
20190119,0509,2.7130,2.7130,2.7130,2.7130,4,0
20190119,0510,2.7130,2.7130,2.7120,2.7120,10,0
20190119,0511,2.7110,2.7120,2.7110,2.7120,3,0
20190119,0513,2.7120,2.7120,2.7120,2.7120,4,0
20190119,0514,2.7120,2.7120,2.7120,2.7120,7,0
20190119,0515,2.7120,2.7120,2.7120,2.7120,1,0
20190119,0516,2.7120,2.7120,2.7120,2.7120,2,0
20190119,0517,2.7120,2.7120,2.7120,2.7120,2,0
20190119,0518,2.7120,2.7120,2.7120,2.7120,2,0
20190119,0519,2.7120,2.7120,2.7120,2.7120,2,0
20190119,0521,2.7120,2.7120,2.7120,2.7120,3,0
20190119,0522,2.7120,2.7140,2.7120,2.7140,6,0
20190119,0523,2.7140,2.7140,2.7140,2.7140,23,0
20190119,0524,2.7140,2.7140,2.7140,2.7140,0,0
20190119,0525,2.7120,2.7120,2.7120,2.7120,1,0
20190119,0529,2.7120,2.7140,2.7120,2.7130,8,0
20190119,0530,2.7130,2.7140,2.7130,2.7140,5,0
20190119,0531,2.7140,2.7140,2.7140,2.7140,0,0
20190119,0532,2.7140,2.7140,2.7140,2.7140,0,0
20190119,0533,2.7140,2.7140,2.7140,2.7140,0,0
20190119,0534,2.7140,2.7140,2.7140,2.7140,4,0
20190119,0535,2.7140,2.7140,2.7140,2.7140,0,0
20190119,0536,2.7140,2.7140,2.7140,2.7140,0,0
20190119,0537,2.7130,2.7130,2.7120,2.7120,7,0
20190119,0538,2.7120,2.7130,2.7120,2.7130,6,0
20190119,0539,2.7130,2.7130,2.7130,2.7130,4,0
20190119,0540,2.7130,2.7130,2.7130,2.7130,4,0
20190119,0541,2.7130,2.7130,2.7130,2.7130,0,0
20190119,0542,2.7130,2.7130,2.7130,2.7130,4,0
20190119,0543,2.7130,2.7130,2.7130,2.7130,1,0
20190119,0544,2.7130,2.7130,2.7130,2.7130,0,0
20190119,0545,2.7130,2.7130,2.7120,2.7120,9,0
20190119,0546,2.7130,2.7130,2.7120,2.7120,9,0
20190119,0547,2.7120,2.7130,2.7120,2.7130,7,0
20190119,0549,2.7130,2.7150,2.7130,2.7140,16,0
20190119,0550,2.7130,2.7140,2.7130,2.7140,13,0
20190119,0551,2.7150,2.7150,2.7150,2.7150,3,0
20190119,0553,2.7150,2.7150,2.7140,2.7140,6,0
20190119,0554,2.7140,2.7140,2.7140,2.7140,1,0
20190119,0555,2.7130,2.7140,2.7130,2.7140,8,0
20190119,0556,2.7130,2.7130,2.7120,2.7120,8,0
20190119,0557,2.7130,2.7130,2.7130,2.7130,11,0
20190119,0558,2.7120,2.7120,2.7120,2.7120,5,0
20190119,0559,2.7120,2.7120,2.7120,2.7120,0,0
20190119,0600,2.7120,2.7120,2.7120,2.7120,0,0
20190121,0700,2.7140,2.7140,2.7130,2.7130,33,0
20190121,0701,2.7130,2.7130,2.7120,2.7120,25,0
20190121,0702,2.7130,2.7130,2.7120,2.7120,21,0
20190121,0703,2.7120,2.7120,2.7110,2.7110,5,0
20190121,0704,2.7110,2.7110,2.7110,2.7110,52,0
20190121,0705,2.7120,2.7120,2.7110,2.7110,26,0
20190121,0706,2.7110,2.7110,2.7110,2.7110,1,0
20190121,0707,2.7110,2.7110,2.7110,2.7110,1,0
20190121,0708,2.7110,2.7110,2.7110,2.7110,4,0
20190121,0709,2.7110,2.7110,2.7100,2.7110,13,0
20190121,0710,2.7110,2.7120,2.7110,2.7120,5,0
20190121,0711,2.7120,2.7120,2.7120,2.7120,1,0
20190121,0712,2.7120,2.7120,2.7120,2.7120,10,0
20190121,0713,2.7120,2.7120,2.7120,2.7120,2,0
20190121,0714,2.7120,2.7120,2.7110,2.7110,1,0
20190121,0715,2.7110,2.7110,2.7110,2.7110,1,0
20190121,0716,2.7110,2.7110,2.7110,2.7110,4,0
20190121,0717,2.7110,2.7110,2.7110,2.7110,3,0
20190121,0718,2.7110,2.7110,2.7110,2.7110,4,0
20190121,0719,2.7110,2.7110,2.7110,2.7110,3,0
20190121,0720,2.7110,2.7110,2.7110,2.7110,0,0
20190121,0721,2.7110,2.7120,2.7110,2.7110,3,0
20190121,0722,2.7110,2.7110,2.7110,2.7110,0,0
20190121,0723,2.7110,2.7110,2.7110,2.7110,2,0
20190121,0724,2.7110,2.7110,2.7110,2.7110,0,0
20190121,0725,2.7110,2.7110,2.7110,2.7110,1,0
20190121,0726,2.7110,2.7110,2.7110,2.7110,4,0
20190121,0727,2.7110,2.7110,2.7110,2.7110,0,0
20190121,0728,2.7110,2.7110,2.7110,2.7110,1,0
20190121,0729,2.7110,2.7110,2.7110,2.7110,1,0
20190121,0730,2.7110,2.7120,2.7110,2.7120,5,0
20190121,0731,2.7120,2.7120,2.7120,2.7120,0,0
20190121,0732,2.7120,2.7120,2.7110,2.7110,1,0
20190121,0733,2.7110,2.7120,2.7110,2.7120,1,0
20190121,0734,2.7120,2.7120,2.7110,2.7110,3,0
20190121,0735,2.7110,2.7110,2.7110,2.7110,0,0
20190121,0736,2.7120,2.7120,2.7120,2.7120,4,0
20190121,0737,2.7120,2.7120,2.7120,2.7120,3,0
20190121,0738,2.7120,2.7120,2.7120,2.7120,1,0
20190121,0739,2.7120,2.7120,2.7110,2.7120,6,0
20190121,0740,2.7120,2.7120,2.7110,2.7110,1,0
20190121,0742,2.7110,2.7110,2.7110,2.7110,2,0
20190121,0743,2.7120,2.7120,2.7120,2.7120,1,0
20190121,0744,2.7120,2.7120,2.7120,2.7120,0,0
20190121,0745,2.7120,2.7120,2.7120,2.7120,0,0
20190121,0746,2.7120,2.7120,2.7120,2.7120,1,0
20190121,0747,2.7110,2.7110,2.7110,2.7110,2,0
20190121,0748,2.7110,2.7110,2.7110,2.7110,2,0
20190121,0749,2.7110,2.7110,2.7110,2.7110,1,0
20190121,0750,2.7110,2.7110,2.7110,2.7110,9,0
20190121,0751,2.7110,2.7110,2.7110,2.7110,3,0
20190121,0752,2.7110,2.7110,2.7110,2.7110,1,0
20190121,0753,2.7110,2.7110,2.7110,2.7110,0,0
20190121,0754,2.7110,2.7110,2.7110,2.7110,1,0
20190121,0755,2.7110,2.7110,2.7110,2.7110,0,0
20190121,0756,2.7110,2.7110,2.7110,2.7110,1,0
20190121,0757,2.7110,2.7110,2.7100,2.7100,9,0
20190121,0758,2.7100,2.7100,2.7090,2.7090,21,0
20190121,0759,2.7090,2.7100,2.7090,2.7100,5,0
20190121,0800,2.7100,2.7100,2.7090,2.7090,13,0
20190121,0801,2.7090,2.7090,2.7080,2.7080,11,0
20190121,0802,2.7080,2.7090,2.7080,2.7090,6,0
20190121,0803,2.7090,2.7090,2.7090,2.7090,4,0
20190121,0804,2.7090,2.7090,2.7080,2.7080,5,0
20190121,0805,2.7080,2.7080,2.7080,2.7080,18,0
20190121,0806,2.7080,2.7080,2.7070,2.7080,5,0
20190121,0807,2.7080,2.7090,2.7080,2.7090,15,0
20190121,0808,2.7090,2.7090,2.7090,2.7090,10,0
20190121,0809,2.7090,2.7090,2.7080,2.7080,9,0
20190121,0810,2.7080,2.7090,2.7080,2.7090,9,0
20190121,0811,2.7090,2.7090,2.7090,2.7090,3,0
20190121,0812,2.7090,2.7090,2.7080,2.7090,10,0
20190121,0813,2.7090,2.7090,2.7090,2.7090,7,0
20190121,0814,2.7090,2.7090,2.7080,2.7080,17,0
20190121,0815,2.7080,2.7080,2.7080,2.7080,17,0
20190121,0816,2.7080,2.7080,2.7080,2.7080,6,0
20190121,0817,2.7080,2.7080,2.7080,2.7080,6,0
20190121,0818,2.7080,2.7090,2.7080,2.7080,15,0
20190121,0819,2.7080,2.7080,2.7080,2.7080,4,0
20190121,0820,2.7080,2.7080,2.7080,2.7080,6,0
20190121,0821,2.7080,2.7080,2.7080,2.7080,7,0
20190121,0822,2.7080,2.7080,2.7080,2.7080,7,0
20190121,0823,2.7080,2.7080,2.7080,2.7080,5,0
20190121,0824,2.7080,2.7080,2.7080,2.7080,11,0
20190121,0825,2.7080,2.7090,2.7080,2.7080,6,0
20190121,0826,2.7090,2.7090,2.7090,2.7090,4,0
20190121,0827,2.7090,2.7090,2.7070,2.7070,14,0
20190121,0828,2.7070,2.7080,2.7070,2.7080,6,0
20190121,0829,2.7080,2.7080,2.7070,2.7080,5,0
20190121,0830,2.7080,2.7080,2.7080,2.7080,2,0
20190121,0831,2.7080,2.7080,2.7080,2.7080,9,0
20190121,0832,2.7080,2.7080,2.7080,2.7080,3,0
20190121,0833,2.7080,2.7080,2.7080,2.7080,0,0
20190121,0834,2.7080,2.7080,2.7080,2.7080,0,0
20190121,0835,2.7080,2.7080,2.7080,2.7080,6,0
20190121,0836,2.7080,2.7080,2.7080,2.7080,4,0
20190121,0837,2.7080,2.7090,2.7080,2.7090,5,0
20190121,0838,2.7090,2.7100,2.7090,2.7100,12,0
20190121,0839,2.7100,2.7100,2.7100,2.7100,0,0
20190121,0840,2.7100,2.7100,2.7100,2.7100,14,0
20190121,0841,2.7100,2.7100,2.7100,2.7100,6,0
20190121,0842,2.7100,2.7100,2.7100,2.7100,3,0
20190121,0843,2.7100,2.7100,2.7100,2.7100,2,0
20190121,0844,2.7100,2.7100,2.7090,2.7090,19,0
20190121,0845,2.7100,2.7100,2.7100,2.7100,26,0
20190121,0846,2.7100,2.7100,2.7100,2.7100,6,0
20190121,0847,2.7100,2.7100,2.7100,2.7100,13,0
20190121,0848,2.7100,2.7100,2.7100,2.7100,2,0
20190121,0849,2.7100,2.7100,2.7090,2.7090,1,0
20190121,0850,2.7090,2.7100,2.7090,2.7100,4,0
20190121,0851,2.7100,2.7100,2.7090,2.7090,2,0
20190121,0852,2.7090,2.7100,2.7090,2.7100,6,0
20190121,0853,2.7100,2.7100,2.7090,2.7090,8,0
20190121,0854,2.7090,2.7090,2.7090,2.7090,4,0
20190121,0855,2.7090,2.7090,2.7090,2.7090,4,0
20190121,0856,2.7090,2.7090,2.7090,2.7090,4,0
20190121,0857,2.7090,2.7090,2.7090,2.7090,0,0
20190122,0135,2.6780,2.6780,2.6780,2.6780,9,0
20190122,0136,2.6780,2.6780,2.6780,2.6780,11,0
20190122,0137,2.6780,2.6780,2.6780,2.6780,6,0
20190122,0138,2.6780,2.6780,2.6780,2.6780,13,0
20190122,0139,2.6780,2.6780,2.6780,2.6780,26,0
20190122,0140,2.6780,2.6790,2.6780,2.6780,12,0
20190122,0141,2.6790,2.6790,2.6780,2.6780,25,0
20190122,0142,2.6780,2.6790,2.6780,2.6790,11,0
20190122,0143,2.6790,2.6790,2.6790,2.6790,7,0
20190122,0144,2.6790,2.6790,2.6780,2.6790,7,0
20190122,0145,2.6790,2.6790,2.6770,2.6770,75,0
20190122,0146,2.6770,2.6770,2.6770,2.6770,2,0
20190122,0147,2.6770,2.6770,2.6770,2.6770,22,0
20190122,0148,2.6770,2.6770,2.6770,2.6770,8,0
20190122,0149,2.6770,2.6780,2.6770,2.6780,21,0
20190122,0150,2.6780,2.6780,2.6760,2.6770,85,0
20190122,0151,2.6770,2.6770,2.6760,2.6760,8,0
20190122,0152,2.6760,2.6770,2.6760,2.6760,36,0
20190122,0153,2.6760,2.6770,2.6760,2.6760,23,0
20190122,0154,2.6770,2.6780,2.6770,2.6780,10,0
20190122,0155,2.6770,2.6770,2.6760,2.6760,54,0
20190122,0156,2.6760,2.6760,2.6760,2.6760,49,0
20190122,0157,2.6760,2.6770,2.6760,2.6760,18,0
20190122,0158,2.6770,2.6770,2.6760,2.6760,25,0
20190122,0159,2.6760,2.6780,2.6760,2.6760,126,0
20190122,0200,2.6760,2.6760,2.6760,2.6760,0,0
20190122,0201,2.6760,2.6760,2.6760,2.6760,0,0
20190122,0202,2.6760,2.6760,2.6760,2.6760,0,0
20190122,0203,2.6760,2.6760,2.6760,2.6760,0,0
20190122,0204,2.6760,2.6760,2.6760,2.6760,0,0
20190122,0205,2.6760,2.6760,2.6760,2.6760,0,0
20190122,0206,2.6760,2.6760,2.6760,2.6760,0,0
20190122,0207,2.6760,2.6760,2.6760,2.6760,0,0
20190122,0210,2.6760,2.6760,2.6760,2.6760,0,0
20190122,0211,2.6760,2.6760,2.6760,2.6760,0,0
20190122,0212,2.6760,2.6760,2.6760,2.6760,0,0
20190122,0213,2.6760,2.6760,2.6760,2.6760,0,0
20190122,0214,2.6760,2.6760,2.6760,2.6760,0,0
20190122,0215,2.6760,2.6760,2.6760,2.6760,0,0
20190122,0216,2.6760,2.6760,2.6760,2.6760,0,0
20190122,0217,2.6760,2.6760,2.6760,2.6760,0,0
20190122,0225,2.6760,2.6760,2.6760,2.6760,0,0
20190122,0226,2.6760,2.6760,2.6760,2.6760,0,0
20190122,0227,2.6760,2.6760,2.6760,2.6760,0,0
20190122,0229,2.6760,2.6760,2.6760,2.6760,0,0
20190122,0230,2.6760,2.6760,2.6760,2.6760,0,0
20190122,0242,2.6760,2.6760,2.6760,2.6760,0,0
20190122,0244,2.6760,2.6760,2.6760,2.6760,0,0
20190122,0245,2.6760,2.6760,2.6760,2.6760,0,0
20190122,0252,2.6760,2.6760,2.6760,2.6760,0,0
20190122,0259,2.6760,2.6760,2.6760,2.6760,0,0
20190122,0300,2.6760,2.6760,2.6760,2.6760,0,0
20190122,0301,2.6760,2.6760,2.6760,2.6760,0,0
20190122,0317,2.6760,2.6760,2.6760,2.6760,0,0
20190122,0323,2.6760,2.6760,2.6760,2.6760,0,0
20190122,0329,2.6760,2.6760,2.6760,2.6760,0,0
20190122,0332,2.6760,2.6760,2.6760,2.6760,0,0
20190122,0333,2.6760,2.6760,2.6760,2.6760,0,0
20190122,0406,2.6760,2.6760,2.6760,2.6760,0,0
20190122,0407,2.6760,2.6760,2.6760,2.6760,0,0
20190122,0408,2.6760,2.6760,2.6760,2.6760,0,0
20190122,0409,2.6760,2.6760,2.6760,2.6760,0,0
20190122,0416,2.6760,2.6760,2.6760,2.6760,0,0
20190122,0429,2.6760,2.6760,2.6760,2.6760,0,0
20190122,0436,2.6760,2.6760,2.6760,2.6760,0,0
20190122,0442,2.6760,2.6760,2.6760,2.6760,0,0
20190122,0443,2.6760,2.6760,2.6760,2.6760,0,0
20190122,0500,2.6760,2.6760,2.6760,2.6760,0,0
20190122,0506,2.6760,2.6760,2.6760,2.6760,0,0
20190122,0529,2.6760,2.6760,2.6760,2.6760,0,0
20190122,0548,2.6760,2.6760,2.6760,2.6760,0,0
20190122,0550,2.6760,2.6760,2.6760,2.6760,0,0
20190122,0551,2.6760,2.6760,2.6760,2.6760,0,0
20190122,0552,2.6760,2.6760,2.6760,2.6760,0,0
20190122,0553,2.6760,2.6760,2.6760,2.6760,0,0
20190122,0554,2.6760,2.6760,2.6760,2.6760,0,0
20190122,0555,2.6760,2.6760,2.6760,2.6760,0,0
20190122,0556,2.6760,2.6760,2.6760,2.6760,0,0
20190122,0557,2.6760,2.6760,2.6760,2.6760,0,0
20190122,0558,2.6760,2.6760,2.6760,2.6760,0,0
20190122,0559,2.6760,2.6760,2.6760,2.6760,0,0
20190122,0600,2.6760,2.6760,2.6760,2.6760,0,0
20190122,0605,2.6760,2.6760,2.6760,2.6760,0,0
20190122,0610,2.6760,2.6760,2.6760,2.6760,0,0
20190122,0614,2.6760,2.6760,2.6760,2.6760,0,0
20190122,0620,2.6760,2.6760,2.6760,2.6760,0,0
20190122,0700,2.6800,2.6800,2.6780,2.6780,153,0
20190122,0701,2.6790,2.6790,2.6780,2.6780,41,0
20190122,0702,2.6780,2.6780,2.6780,2.6780,8,0
20190122,0703,2.6780,2.6780,2.6780,2.6780,8,0
20190122,0704,2.6780,2.6800,2.6780,2.6800,30,0
20190122,0705,2.6800,2.6800,2.6800,2.6800,7,0
20190122,0706,2.6800,2.6800,2.6800,2.6800,6,0
20190122,0707,2.6800,2.6800,2.6800,2.6800,2,0
20190122,0708,2.6800,2.6800,2.6800,2.6800,6,0
20190122,0709,2.6800,2.6800,2.6800,2.6800,2,0
20190122,0710,2.6810,2.6810,2.6810,2.6810,4,0
20190122,0711,2.6810,2.6810,2.6810,2.6810,1,0
20190122,0712,2.6810,2.6810,2.6810,2.6810,3,0
20190122,0713,2.6810,2.6810,2.6800,2.6800,5,0
20190122,0714,2.6800,2.6800,2.6800,2.6800,1,0
20190122,0715,2.6800,2.6800,2.6800,2.6800,99,0
20190122,0716,2.6800,2.6810,2.6800,2.6810,9,0
20190122,0717,2.6810,2.6810,2.6810,2.6810,0,0
20190122,0718,2.6810,2.6810,2.6810,2.6810,3,0
20190122,0719,2.6810,2.6810,2.6810,2.6810,6,0
20190122,0720,2.6810,2.6810,2.6810,2.6810,1,0
20190122,0721,2.6810,2.6810,2.6810,2.6810,2,0
20190122,0722,2.6810,2.6810,2.6810,2.6810,4,0
20190122,0723,2.6810,2.6810,2.6810,2.6810,4,0
20190122,0724,2.6810,2.6810,2.6810,2.6810,2,0
20190122,0725,2.6810,2.6810,2.6810,2.6810,1,0
20190122,0726,2.6810,2.6810,2.6810,2.6810,3,0
20190122,0727,2.6810,2.6810,2.6810,2.6810,0,0
20190122,0728,2.6810,2.6810,2.6810,2.6810,5,0
20190122,0729,2.6810,2.6820,2.6810,2.6820,1,0
20190122,0730,2.6820,2.6820,2.6820,2.6820,12,0
20190122,0731,2.6820,2.6820,2.6820,2.6820,2,0
20190122,0732,2.6820,2.6820,2.6820,2.6820,3,0
20190122,0733,2.6830,2.6830,2.6820,2.6820,14,0
20190122,0734,2.6820,2.6820,2.6820,2.6820,4,0
20190122,0735,2.6810,2.6810,2.6810,2.6810,1,0
20190122,0736,2.6820,2.6820,2.6820,2.6820,4,0
20190122,0737,2.6820,2.6830,2.6820,2.6830,3,0
20190122,0738,2.6830,2.6830,2.6830,2.6830,0,0
20190122,0739,2.6830,2.6830,2.6830,2.6830,0,0
20190122,0740,2.6830,2.6830,2.6830,2.6830,1,0
20190122,0741,2.6830,2.6830,2.6830,2.6830,0,0
20190122,0742,2.6820,2.6820,2.6820,2.6820,8,0
20190122,0743,2.6820,2.6820,2.6820,2.6820,1,0
20190122,0744,2.6820,2.6830,2.6820,2.6820,7,0
20190122,0745,2.6820,2.6820,2.6820,2.6820,3,0
20190122,0746,2.6820,2.6830,2.6820,2.6830,2,0
20190122,0749,2.6830,2.6830,2.6830,2.6830,1,0
20190122,0750,2.6830,2.6830,2.6820,2.6820,3,0
20190122,0751,2.6820,2.6820,2.6800,2.6800,68,0
20190122,0752,2.6800,2.6810,2.6800,2.6800,48,0
20190122,0753,2.6800,2.6800,2.6800,2.6800,11,0
20190122,0754,2.6800,2.6810,2.6800,2.6810,5,0
20190122,0755,2.6810,2.6810,2.6800,2.6800,2,0
20190122,0756,2.6800,2.6820,2.6800,2.6820,9,0
20190122,0757,2.6820,2.6820,2.6820,2.6820,4,0
20190122,0758,2.6810,2.6810,2.6810,2.6810,2,0
20190122,0759,2.6820,2.6820,2.6820,2.6820,8,0
20190122,0800,2.6820,2.6820,2.6820,2.6820,7,0
20190122,0801,2.6830,2.6830,2.6830,2.6830,8,0
20190122,0802,2.6830,2.6830,2.6820,2.6820,9,0
20190122,0803,2.6820,2.6820,2.6820,2.6820,0,0
20190122,0804,2.6820,2.6820,2.6820,2.6820,5,0
20190122,0805,2.6820,2.6820,2.6820,2.6820,0,0
20190122,0806,2.6820,2.6820,2.6820,2.6820,13,0
20190122,0807,2.6810,2.6810,2.6810,2.6810,3,0
20190122,0808,2.6810,2.6810,2.6810,2.6810,1,0
20190122,0809,2.6810,2.6820,2.6810,2.6820,4,0
20190122,0810,2.6820,2.6820,2.6820,2.6820,6,0
20190122,0811,2.6820,2.6820,2.6820,2.6820,1,0
20190122,0812,2.6810,2.6810,2.6810,2.6810,6,0
20190122,0813,2.6810,2.6810,2.6810,2.6810,1,0
20190122,0814,2.6810,2.6810,2.6810,2.6810,3,0
20190122,0815,2.6810,2.6810,2.6810,2.6810,2,0
20190122,0816,2.6810,2.6810,2.6810,2.6810,1,0
20190122,0817,2.6810,2.6810,2.6810,2.6810,2,0
20190122,0818,2.6810,2.6820,2.6810,2.6820,3,0
20190122,0819,2.6820,2.6820,2.6810,2.6810,9,0
20190122,0820,2.6810,2.6810,2.6810,2.6810,2,0
20190122,0821,2.6810,2.6810,2.6810,2.6810,2,0
20190122,0822,2.6810,2.6810,2.6810,2.6810,7,0
20190122,0823,2.6810,2.6810,2.6810,2.6810,0,0
20190122,0824,2.6800,2.6800,2.6800,2.6800,16,0
20190122,0825,2.6800,2.6800,2.6790,2.6790,8,0
20190122,0826,2.6790,2.6790,2.6790,2.6790,0,0
20190122,0827,2.6800,2.6800,2.6800,2.6800,17,0
20190122,0828,2.6800,2.6810,2.6800,2.6800,13,0
20190122,0829,2.6800,2.6810,2.6800,2.6810,3,0
20190122,0830,2.6810,2.6810,2.6800,2.6800,7,0
20190122,0831,2.6800,2.6810,2.6800,2.6810,10,0
20190122,0832,2.6810,2.6810,2.6810,2.6810,9,0
20190122,0833,2.6810,2.6810,2.6810,2.6810,0,0
20190122,0834,2.6810,2.6810,2.6800,2.6800,15,0
20190122,0835,2.6800,2.6800,2.6800,2.6800,4,0
20190122,0836,2.6800,2.6800,2.6800,2.6800,0,0
20190122,0837,2.6800,2.6800,2.6790,2.6800,13,0
20190122,0838,2.6800,2.6800,2.6800,2.6800,0,0
20190122,0839,2.6800,2.6800,2.6790,2.6790,4,0
20190122,0840,2.6790,2.6790,2.6790,2.6790,0,0
20190122,0841,2.6790,2.6790,2.6790,2.6790,3,0
20190122,0842,2.6790,2.6790,2.6790,2.6790,0,0
20190122,0843,2.6790,2.6790,2.6790,2.6790,1,0
20190122,0844,2.6790,2.6790,2.6780,2.6790,13,0
20190122,0845,2.6790,2.6790,2.6790,2.6790,2,0
20190122,0846,2.6790,2.6790,2.6790,2.6790,3,0
20190122,0847,2.6790,2.6790,2.6790,2.6790,7,0
20190122,0848,2.6800,2.6800,2.6790,2.6790,6,0
20190122,0849,2.6790,2.6800,2.6780,2.6780,27,0
20190122,0850,2.6780,2.6790,2.6780,2.6790,24,0
20190122,0851,2.6790,2.6810,2.6790,2.6810,29,0
20190122,0852,2.6810,2.6810,2.6790,2.6790,14,0
20190122,0853,2.6800,2.6800,2.6800,2.6800,6,0
20190122,0854,2.6800,2.6800,2.6790,2.6790,15,0
20190122,0855,2.6790,2.6790,2.6790,2.6790,12,0
20190122,0856,2.6790,2.6790,2.6790,2.6790,5,0
20190122,0857,2.6790,2.6790,2.6790,2.6790,12,0
20190122,0858,2.6790,2.6790,2.6790,2.6790,3,0
20190122,0859,2.6790,2.6790,2.6790,2.6790,8,0
20190122,0900,2.6790,2.6800,2.6790,2.6790,68,0
20190122,0901,2.6790,2.6800,2.6790,2.6800,90,0
20190122,0902,2.6790,2.6800,2.6780,2.6800,80,0
20190122,0903,2.6800,2.6800,2.6790,2.6800,52,0
20190122,0904,2.6800,2.6800,2.6800,2.6800,11,0
20190122,0905,2.6800,2.6820,2.6800,2.6820,86,0
20190122,0906,2.6810,2.6820,2.6810,2.6810,224,0
20190122,0907,2.6810,2.6830,2.6810,2.6820,48,0
20190122,0908,2.6820,2.6830,2.6820,2.6820,101,0
20190122,0909,2.6830,2.6830,2.6820,2.6820,26,0
20190122,0910,2.6820,2.6830,2.6820,2.6820,84,0
20190122,0911,2.6820,2.6830,2.6820,2.6830,41,0
20190122,0912,2.6830,2.6830,2.6820,2.6830,104,0
20190122,0913,2.6830,2.6830,2.6810,2.6820,18,0
20190122,0914,2.6820,2.6820,2.6810,2.6810,42,0
20190122,0915,2.6810,2.6820,2.6800,2.6820,125,0
20190122,0916,2.6820,2.6820,2.6800,2.6810,47,0
20190122,0917,2.6810,2.6810,2.6800,2.6810,24,0
20190122,0918,2.6810,2.6810,2.6800,2.6810,39,0
20190122,0919,2.6810,2.6820,2.6800,2.6810,18,0
20190122,0920,2.6810,2.6830,2.6810,2.6830,42,0
20190122,0921,2.6830,2.6830,2.6830,2.6830,48,0
20190122,0922,2.6830,2.6840,2.6830,2.6840,16,0
20190122,0923,2.6840,2.6840,2.6830,2.6830,44,0
20190122,0924,2.6830,2.6830,2.6830,2.6830,5,0
20190122,0925,2.6830,2.6830,2.6830,2.6830,13,0
20190122,0926,2.6830,2.6830,2.6830,2.6830,9,0
20190122,0927,2.6830,2.6830,2.6830,2.6830,8,0
20190122,0928,2.6830,2.6830,2.6830,2.6830,11,0
20190122,0929,2.6830,2.6830,2.6830,2.6830,13,0
20190122,0930,2.6830,2.6840,2.6830,2.6840,24,0
20190122,0931,2.6840,2.6840,2.6830,2.6840,31,0
20190122,0932,2.6840,2.6840,2.6840,2.6840,35,0
20190122,0933,2.6840,2.6850,2.6830,2.6830,59,0
20190122,0934,2.6830,2.6840,2.6830,2.6830,34,0
20190122,0935,2.6830,2.6830,2.6820,2.6830,45,0
20190122,0936,2.6830,2.6830,2.6820,2.6820,35,0
20190122,0937,2.6820,2.6820,2.6810,2.6810,21,0
20190122,0938,2.6810,2.6820,2.6810,2.6820,68,0
20190122,0939,2.6820,2.6820,2.6810,2.6820,13,0
20190122,0940,2.6820,2.6820,2.6810,2.6820,49,0
20190122,0941,2.6820,2.6820,2.6810,2.6810,22,0
20190122,0942,2.6810,2.6810,2.6810,2.6810,48,0
20190122,0943,2.6810,2.6810,2.6810,2.6810,43,0
20190122,0944,2.6810,2.6810,2.6800,2.6800,41,0
20190122,0945,2.6810,2.6810,2.6800,2.6810,43,0
20190122,0946,2.6800,2.6820,2.6800,2.6820,64,0
20190122,0947,2.6820,2.6820,2.6810,2.6820,26,0
20190122,0948,2.6820,2.6820,2.6810,2.6820,14,0
20190122,0949,2.6820,2.6820,2.6820,2.6820,35,0
20190122,0950,2.6820,2.6820,2.6810,2.6820,22,0
20190122,0951,2.6820,2.6820,2.6800,2.6800,12,0
20190122,0952,2.6810,2.6810,2.6800,2.6810,7,0
20190122,0953,2.6810,2.6810,2.6800,2.6810,33,0
20190122,0954,2.6810,2.6810,2.6800,2.6800,20,0
20190122,0955,2.6800,2.6810,2.6790,2.6790,42,0
20190122,0956,2.6790,2.6800,2.6790,2.6790,41,0
20190122,0957,2.6790,2.6790,2.6780,2.6780,55,0
20190122,0958,2.6780,2.6780,2.6780,2.6780,33,0
20190122,0959,2.6780,2.6780,2.6780,2.6780,29,0
20190122,1000,2.6780,2.6790,2.6780,2.6780,31,0
20190122,1001,2.6780,2.6790,2.6780,2.6780,23,0
20190122,1002,2.6780,2.6780,2.6760,2.6770,76,0
20190122,1003,2.6770,2.6770,2.6760,2.6760,120,0
20190122,1004,2.6760,2.6760,2.6740,2.6750,119,0
20190122,1005,2.6750,2.6750,2.6730,2.6740,72,0
20190122,1006,2.6740,2.6740,2.6730,2.6740,85,0
20190122,1007,2.6740,2.6750,2.6740,2.6750,101,0
20190122,1008,2.6750,2.6750,2.6740,2.6740,69,0
20190122,1009,2.6740,2.6740,2.6730,2.6740,50,0
20190122,1010,2.6740,2.6740,2.6730,2.6740,38,0
20190122,1011,2.6740,2.6750,2.6730,2.6750,110,0
20190122,1012,2.6750,2.6750,2.6720,2.6730,103,0
20190122,1013,2.6730,2.6730,2.6720,2.6730,133,0
20190122,1014,2.6730,2.6730,2.6720,2.6720,56,0
20190122,1015,2.6720,2.6730,2.6720,2.6730,22,0
20190122,1016,2.6730,2.6730,2.6730,2.6730,3,0
20190122,1017,2.6730,2.6730,2.6730,2.6730,11,0
20190122,1018,2.6730,2.6730,2.6720,2.6730,3,0
20190122,1019,2.6730,2.6730,2.6730,2.6730,32,0
20190122,1020,2.6730,2.6730,2.6720,2.6720,50,0
20190122,1021,2.6720,2.6720,2.6720,2.6720,32,0
20190122,1022,2.6720,2.6720,2.6710,2.6710,50,0
20190122,1023,2.6710,2.6710,2.6710,2.6710,46,0
20190122,1024,2.6710,2.6710,2.6710,2.6710,9,0
20190122,1025,2.6710,2.6710,2.6710,2.6710,17,0
20190122,1026,2.6710,2.6710,2.6710,2.6710,5,0
20190122,1027,2.6710,2.6710,2.6710,2.6710,11,0
20190122,1028,2.6710,2.6710,2.6710,2.6710,14,0
20190122,1029,2.6710,2.6710,2.6710,2.6710,2,0
20190122,1030,2.6710,2.6730,2.6710,2.6730,86,0
20190122,1031,2.6730,2.6740,2.6720,2.6740,66,0
20190122,1032,2.6740,2.6740,2.6730,2.6730,42,0
20190122,1033,2.6730,2.6740,2.6730,2.6740,9,0
20190122,1034,2.6740,2.6740,2.6730,2.6730,41,0
20190122,1035,2.6730,2.6750,2.6730,2.6750,112,0
20190122,1036,2.6750,2.6760,2.6750,2.6750,54,0
20190122,1037,2.6750,2.6750,2.6740,2.6740,9,0
20190122,1038,2.6740,2.6740,2.6730,2.6740,24,0
20190122,1039,2.6740,2.6740,2.6730,2.6730,24,0
20190122,1040,2.6720,2.6720,2.6710,2.6720,97,0
20190122,1041,2.6720,2.6720,2.6710,2.6710,21,0
20190122,1042,2.6710,2.6710,2.6710,2.6710,49,0
20190122,1043,2.6710,2.6720,2.6710,2.6720,28,0
20190122,1044,2.6720,2.6720,2.6710,2.6710,14,0
20190122,1045,2.6710,2.6720,2.6710,2.6720,52,0
20190122,1046,2.6720,2.6720,2.6720,2.6720,33,0
20190122,1047,2.6720,2.6730,2.6720,2.6730,42,0
20190122,1048,2.6730,2.6740,2.6720,2.6740,61,0
20190122,1049,2.6740,2.6740,2.6730,2.6740,13,0
20190122,1050,2.6740,2.6740,2.6740,2.6740,28,0
20190122,1051,2.6740,2.6740,2.6730,2.6730,26,0
20190122,1052,2.6730,2.6740,2.6730,2.6740,29,0
20190122,1053,2.6740,2.6740,2.6730,2.6730,9,0
20190122,1054,2.6730,2.6750,2.6730,2.6750,60,0
20190122,1055,2.6750,2.6750,2.6740,2.6740,25,0
20190122,1056,2.6740,2.6760,2.6740,2.6750,8,0
20190122,1057,2.6750,2.6760,2.6750,2.6750,30,0
20190122,1058,2.6750,2.6750,2.6740,2.6740,25,0
20190122,1059,2.6740,2.6740,2.6730,2.6730,12,0
20190122,1100,2.6730,2.6740,2.6730,2.6730,35,0
20190122,1101,2.6730,2.6730,2.6730,2.6730,4,0
20190122,1102,2.6730,2.6740,2.6730,2.6740,81,0
20190122,1103,2.6740,2.6750,2.6740,2.6750,36,0
20190122,1104,2.6750,2.6750,2.6740,2.6750,74,0
20190122,1105,2.6750,2.6750,2.6750,2.6750,44,0
20190122,1106,2.6750,2.6750,2.6750,2.6750,22,0
20190122,1107,2.6750,2.6750,2.6740,2.6740,16,0
20190122,1108,2.6740,2.6740,2.6740,2.6740,8,0
20190122,1109,2.6740,2.6740,2.6740,2.6740,17,0
20190122,1110,2.6740,2.6750,2.6740,2.6750,10,0
20190122,1111,2.6750,2.6750,2.6740,2.6750,32,0
20190122,1112,2.6750,2.6750,2.6750,2.6750,1,0
20190122,1113,2.6750,2.6760,2.6740,2.6760,69,0
20190122,1114,2.6760,2.6770,2.6760,2.6770,36,0
20190122,1115,2.6770,2.6770,2.6750,2.6760,31,0
20190122,1116,2.6760,2.6760,2.6750,2.6760,17,0
20190122,1117,2.6760,2.6770,2.6750,2.6760,72,0
20190122,1118,2.6760,2.6770,2.6760,2.6770,28,0
20190122,1119,2.6770,2.6770,2.6770,2.6770,33,0
20190122,1120,2.6770,2.6770,2.6760,2.6760,30,0
20190122,1121,2.6760,2.6760,2.6750,2.6760,31,0
20190122,1122,2.6760,2.6760,2.6760,2.6760,32,0
20190122,1123,2.6760,2.6760,2.6750,2.6750,7,0
20190122,1124,2.6760,2.6760,2.6750,2.6760,15,0
20190122,1125,2.6760,2.6760,2.6760,2.6760,20,0
20190122,1126,2.6760,2.6760,2.6750,2.6750,39,0
20190122,1127,2.6750,2.6750,2.6730,2.6740,64,0
20190122,1128,2.6740,2.6740,2.6730,2.6730,59,0
20190122,1129,2.6730,2.6730,2.6730,2.6730,22,0
20190122,1130,2.6730,2.6740,2.6730,2.6740,25,0
20190122,1131,2.6740,2.6740,2.6730,2.6730,40,0
20190122,1132,2.6730,2.6730,2.6730,2.6730,15,0
20190122,1133,2.6730,2.6730,2.6720,2.6720,16,0
20190122,1134,2.6720,2.6730,2.6720,2.6730,10,0
20190122,1135,2.6730,2.6730,2.6720,2.6730,3,0
20190122,1136,2.6730,2.6730,2.6720,2.6720,4,0
20190122,1137,2.6720,2.6730,2.6720,2.6730,19,0
20190122,1138,2.6730,2.6730,2.6720,2.6720,7,0
20190122,1139,2.6720,2.6720,2.6720,2.6720,17,0
20190122,1140,2.6720,2.6720,2.6710,2.6710,21,0
20190122,1141,2.6710,2.6710,2.6710,2.6710,6,0
20190122,1142,2.6710,2.6710,2.6710,2.6710,20,0
20190122,1143,2.6710,2.6710,2.6700,2.6710,84,0
20190122,1144,2.6700,2.6710,2.6700,2.6700,16,0
20190122,1145,2.6700,2.6710,2.6700,2.6710,44,0
20190122,1146,2.6710,2.6720,2.6710,2.6710,25,0
20190122,1147,2.6710,2.6720,2.6710,2.6720,4,0
20190122,1148,2.6720,2.6720,2.6720,2.6720,11,0
20190122,1149,2.6720,2.6720,2.6710,2.6720,35,0
20190122,1150,2.6720,2.6730,2.6720,2.6720,15,0
20190122,1151,2.6720,2.6730,2.6720,2.6720,2,0
20190122,1152,2.6720,2.6730,2.6720,2.6720,3,0
20190122,1153,2.6720,2.6730,2.6720,2.6720,9,0
20190122,1154,2.6720,2.6730,2.6720,2.6720,21,0
20190122,1155,2.6720,2.6720,2.6720,2.6720,7,0
20190122,1156,2.6720,2.6720,2.6710,2.6710,29,0
20190122,1157,2.6710,2.6710,2.6710,2.6710,21,0
20190122,1158,2.6710,2.6720,2.6710,2.6710,9,0
20190122,1159,2.6710,2.6710,2.6710,2.6710,11,0
20190122,1200,2.6710,2.6710,2.6710,2.6710,38,0
20190122,1201,2.6710,2.6710,2.6710,2.6710,9,0
20190122,1202,2.6710,2.6710,2.6710,2.6710,17,0
20190122,1203,2.6710,2.6710,2.6700,2.6700,8,0
20190122,1204,2.6700,2.6710,2.6700,2.6710,1,0
20190122,1205,2.6710,2.6710,2.6710,2.6710,3,0
20190122,1206,2.6710,2.6710,2.6710,2.6710,13,0
20190122,1207,2.6710,2.6710,2.6700,2.6710,18,0
20190122,1208,2.6710,2.6710,2.6710,2.6710,0,0
20190122,1209,2.6700,2.6700,2.6700,2.6700,3,0
20190122,1210,2.6700,2.6710,2.6700,2.6700,19,0
20190122,1211,2.6700,2.6710,2.6700,2.6700,9,0
20190122,1212,2.6700,2.6700,2.6700,2.6700,1,0
20190122,1213,2.6700,2.6700,2.6700,2.6700,5,0
20190122,1214,2.6700,2.6700,2.6700,2.6700,15,0
20190122,1215,2.6700,2.6710,2.6700,2.6710,21,0
20190122,1216,2.6710,2.6710,2.6700,2.6700,6,0
20190122,1217,2.6700,2.6710,2.6700,2.6710,28,0
20190122,1218,2.6700,2.6710,2.6700,2.6710,15,0
20190122,1219,2.6710,2.6710,2.6710,2.6710,0,0
20190122,1220,2.6710,2.6710,2.6710,2.6710,5,0
20190122,1221,2.6710,2.6710,2.6710,2.6710,1,0
20190122,1222,2.6710,2.6710,2.6710,2.6710,1,0
20190122,1223,2.6710,2.6710,2.6710,2.6710,6,0
20190122,1224,2.6710,2.6710,2.6710,2.6710,1,0
20190122,1225,2.6710,2.6710,2.6710,2.6710,2,0
20190122,1226,2.6710,2.6710,2.6710,2.6710,1,0
20190122,1227,2.6710,2.6710,2.6710,2.6710,2,0
20190122,1228,2.6710,2.6710,2.6710,2.6710,5,0
20190122,1229,2.6710,2.6710,2.6710,2.6710,1,0
20190122,1230,2.6710,2.6710,2.6710,2.6710,4,0
20190122,1231,2.6710,2.6710,2.6710,2.6710,1,0
20190122,1232,2.6710,2.6710,2.6710,2.6710,2,0
20190122,1233,2.6710,2.6710,2.6710,2.6710,7,0
20190122,1234,2.6710,2.6710,2.6710,2.6710,1,0
20190122,1235,2.6710,2.6710,2.6700,2.6710,11,0
20190122,1236,2.6710,2.6710,2.6710,2.6710,15,0
20190122,1237,2.6710,2.6710,2.6710,2.6710,1,0
20190122,1238,2.6710,2.6710,2.6710,2.6710,0,0
20190122,1239,2.6710,2.6710,2.6710,2.6710,1,0
20190122,1240,2.6710,2.6710,2.6710,2.6710,3,0
20190122,1241,2.6710,2.6710,2.6710,2.6710,1,0
20190122,1242,2.6710,2.6710,2.6710,2.6710,1,0
20190122,1243,2.6710,2.6710,2.6710,2.6710,2,0
20190122,1244,2.6710,2.6710,2.6710,2.6710,1,0
20190122,1245,2.6710,2.6710,2.6710,2.6710,3,0
20190122,1246,2.6710,2.6710,2.6710,2.6710,2,0
20190122,1247,2.6710,2.6710,2.6700,2.6700,6,0
20190122,1248,2.6700,2.6710,2.6700,2.6710,24,0
20190122,1249,2.6710,2.6710,2.6700,2.6700,9,0
20190122,1250,2.6700,2.6700,2.6700,2.6700,1,0
20190122,1251,2.6700,2.6710,2.6700,2.6710,3,0
20190122,1252,2.6710,2.6710,2.6700,2.6700,2,0
20190122,1253,2.6700,2.6710,2.6700,2.6710,11,0
20190122,1254,2.6700,2.6700,2.6700,2.6700,23,0
20190122,1255,2.6700,2.6700,2.6700,2.6700,13,0
20190122,1256,2.6700,2.6700,2.6690,2.6700,22,0
20190122,1257,2.6700,2.6700,2.6690,2.6690,7,0
20190122,1258,2.6690,2.6700,2.6690,2.6700,6,0
20190122,1259,2.6700,2.6700,2.6700,2.6700,3,0
20190122,1300,2.6700,2.6700,2.6700,2.6700,7,0
20190122,1301,2.6700,2.6700,2.6700,2.6700,1,0
20190122,1302,2.6700,2.6700,2.6690,2.6700,6,0
20190122,1303,2.6700,2.6700,2.6700,2.6700,12,0
20190122,1304,2.6700,2.6700,2.6690,2.6690,14,0
20190122,1305,2.6690,2.6690,2.6690,2.6690,28,0
20190122,1306,2.6690,2.6690,2.6690,2.6690,10,0
20190122,1307,2.6690,2.6690,2.6690,2.6690,5,0
20190122,1308,2.6690,2.6690,2.6690,2.6690,4,0
20190122,1309,2.6690,2.6690,2.6690,2.6690,3,0
20190122,1310,2.6690,2.6700,2.6690,2.6690,4,0
20190122,1311,2.6690,2.6690,2.6690,2.6690,7,0
20190122,1312,2.6690,2.6690,2.6690,2.6690,4,0
20190122,1313,2.6690,2.6690,2.6690,2.6690,2,0
20190122,1314,2.6690,2.6690,2.6690,2.6690,8,0
20190122,1315,2.6690,2.6690,2.6690,2.6690,3,0
20190122,1316,2.6690,2.6690,2.6690,2.6690,5,0
20190122,1317,2.6690,2.6700,2.6690,2.6700,9,0
20190122,1318,2.6700,2.6700,2.6700,2.6700,2,0
20190122,1319,2.6700,2.6700,2.6690,2.6690,18,0
20190122,1320,2.6690,2.6700,2.6690,2.6700,4,0
20190122,1321,2.6700,2.6700,2.6690,2.6690,15,0
20190122,1322,2.6690,2.6690,2.6680,2.6680,89,0
20190122,1323,2.6680,2.6680,2.6680,2.6680,12,0
20190122,1324,2.6680,2.6690,2.6680,2.6690,5,0
20190122,1325,2.6690,2.6690,2.6680,2.6680,1,0
20190122,1326,2.6680,2.6690,2.6680,2.6690,10,0
20190122,1327,2.6690,2.6690,2.6690,2.6690,3,0
20190122,1328,2.6690,2.6690,2.6690,2.6690,10,0
20190122,1329,2.6690,2.6690,2.6690,2.6690,2,0
20190122,1330,2.6690,2.6690,2.6680,2.6680,128,0
20190122,1331,2.6690,2.6700,2.6690,2.6690,65,0
20190122,1332,2.6700,2.6710,2.6690,2.6700,69,0
20190122,1333,2.6700,2.6700,2.6690,2.6690,44,0
20190122,1334,2.6690,2.6690,2.6680,2.6680,38,0
20190122,1335,2.6680,2.6690,2.6680,2.6690,27,0
20190122,1336,2.6690,2.6710,2.6690,2.6710,42,0
20190122,1337,2.6710,2.6710,2.6700,2.6700,40,0
20190122,1338,2.6700,2.6700,2.6690,2.6690,24,0
20190122,1339,2.6690,2.6700,2.6690,2.6700,31,0
20190122,1340,2.6700,2.6700,2.6680,2.6690,66,0
20190122,1341,2.6690,2.6690,2.6680,2.6690,30,0
20190122,1342,2.6690,2.6710,2.6690,2.6700,50,0
20190122,1343,2.6700,2.6700,2.6700,2.6700,10,0
20190122,1344,2.6700,2.6710,2.6700,2.6700,22,0
20190122,1345,2.6700,2.6700,2.6690,2.6700,24,0
20190122,1346,2.6700,2.6710,2.6700,2.6710,25,0
20190122,1347,2.6710,2.6710,2.6710,2.6710,20,0
20190122,1348,2.6710,2.6710,2.6700,2.6700,5,0
20190122,1349,2.6700,2.6700,2.6690,2.6690,18,0
20190122,1350,2.6690,2.6690,2.6680,2.6680,35,0
20190122,1351,2.6690,2.6690,2.6680,2.6690,37,0
20190122,1352,2.6690,2.6700,2.6690,2.6700,13,0
20190122,1353,2.6700,2.6700,2.6690,2.6700,68,0
20190122,1354,2.6700,2.6700,2.6690,2.6700,62,0
20190124,0538,2.6550,2.6550,2.6550,2.6550,1,0
20190124,0539,2.6550,2.6550,2.6550,2.6550,4,0
20190124,0540,2.6550,2.6550,2.6550,2.6550,1,0
20190124,0541,2.6550,2.6550,2.6550,2.6550,1,0
20190124,0542,2.6550,2.6550,2.6550,2.6550,3,0
20190124,0543,2.6550,2.6550,2.6550,2.6550,1,0
20190124,0544,2.6550,2.6550,2.6550,2.6550,2,0
20190124,0545,2.6550,2.6550,2.6550,2.6550,14,0
20190124,0546,2.6550,2.6550,2.6550,2.6550,1,0
20190124,0547,2.6550,2.6550,2.6550,2.6550,5,0
20190124,0548,2.6550,2.6550,2.6550,2.6550,0,0
20190124,0549,2.6550,2.6550,2.6540,2.6540,5,0
20190124,0550,2.6540,2.6540,2.6540,2.6540,30,0
20190124,0551,2.6540,2.6540,2.6540,2.6540,1,0
20190124,0552,2.6540,2.6540,2.6540,2.6540,0,0
20190124,0553,2.6540,2.6540,2.6540,2.6540,0,0
20190124,0554,2.6550,2.6550,2.6540,2.6550,15,0
20190124,0555,2.6540,2.6540,2.6540,2.6540,14,0
20190124,0556,2.6540,2.6550,2.6540,2.6550,2,0
20190124,0557,2.6550,2.6550,2.6540,2.6550,4,0
20190124,0558,2.6550,2.6550,2.6550,2.6550,2,0
20190124,0559,2.6550,2.6560,2.6550,2.6560,32,0
20190124,0605,2.6560,2.6560,2.6560,2.6560,0,0
20190124,0620,2.6560,2.6560,2.6560,2.6560,0,0
20190124,0700,2.6550,2.6550,2.6540,2.6550,39,0
20190124,0701,2.6550,2.6550,2.6550,2.6550,9,0
20190124,0702,2.6550,2.6550,2.6540,2.6540,4,0
20190124,0703,2.6540,2.6550,2.6540,2.6550,4,0
20190124,0704,2.6550,2.6550,2.6550,2.6550,21,0
20190124,0705,2.6550,2.6550,2.6550,2.6550,0,0
20190124,0706,2.6550,2.6550,2.6550,2.6550,4,0
20190124,0707,2.6550,2.6550,2.6550,2.6550,0,0
20190124,0708,2.6550,2.6550,2.6550,2.6550,7,0
20190124,0709,2.6550,2.6550,2.6550,2.6550,0,0
20190124,0710,2.6550,2.6550,2.6550,2.6550,12,0
20190124,0711,2.6550,2.6560,2.6550,2.6560,3,0
20190124,0712,2.6560,2.6560,2.6560,2.6560,1,0
20190124,0713,2.6560,2.6560,2.6560,2.6560,7,0
20190124,0714,2.6560,2.6560,2.6560,2.6560,2,0
20190124,0715,2.6560,2.6560,2.6560,2.6560,2,0
20190124,0716,2.6560,2.6560,2.6560,2.6560,1,0
20190124,0717,2.6560,2.6560,2.6560,2.6560,2,0
20190124,0718,2.6560,2.6560,2.6560,2.6560,0,0
20190124,0719,2.6560,2.6560,2.6550,2.6560,3,0
20190124,0720,2.6560,2.6560,2.6560,2.6560,2,0
20190124,0721,2.6560,2.6560,2.6560,2.6560,9,0
20190124,0722,2.6560,2.6560,2.6560,2.6560,8,0
20190124,0723,2.6560,2.6560,2.6560,2.6560,9,0
20190124,0724,2.6560,2.6560,2.6560,2.6560,4,0
20190124,0725,2.6560,2.6570,2.6560,2.6570,1,0
20190124,0726,2.6570,2.6570,2.6560,2.6560,3,0
20190124,0727,2.6560,2.6560,2.6560,2.6560,5,0
20190124,0728,2.6560,2.6560,2.6550,2.6560,12,0
20190124,0729,2.6560,2.6560,2.6560,2.6560,1,0
20190124,0730,2.6560,2.6560,2.6560,2.6560,2,0
20190124,0731,2.6560,2.6560,2.6560,2.6560,1,0
20190124,0733,2.6560,2.6560,2.6560,2.6560,8,0
20190124,0734,2.6560,2.6560,2.6560,2.6560,0,0
20190124,0735,2.6560,2.6560,2.6560,2.6560,1,0
20190124,0736,2.6560,2.6560,2.6560,2.6560,2,0
20190124,0737,2.6560,2.6560,2.6560,2.6560,0,0
20190124,0739,2.6560,2.6560,2.6560,2.6560,4,0
20190124,0740,2.6560,2.6560,2.6560,2.6560,0,0
20190124,0741,2.6560,2.6560,2.6560,2.6560,1,0
20190124,0742,2.6560,2.6560,2.6560,2.6560,3,0
20190124,0743,2.6560,2.6560,2.6560,2.6560,7,0
20190124,0744,2.6560,2.6560,2.6560,2.6560,0,0
20190124,0745,2.6560,2.6560,2.6560,2.6560,1,0
20190124,0746,2.6560,2.6560,2.6560,2.6560,0,0
20190124,0747,2.6560,2.6560,2.6560,2.6560,1,0
20190124,0748,2.6560,2.6560,2.6560,2.6560,10,0
20190124,0749,2.6560,2.6560,2.6560,2.6560,7,0
20190124,0750,2.6560,2.6560,2.6550,2.6560,17,0
20190124,0751,2.6560,2.6560,2.6550,2.6560,8,0
20190124,0752,2.6560,2.6560,2.6550,2.6550,8,0
20190124,0753,2.6550,2.6550,2.6550,2.6550,1,0
20190124,0756,2.6550,2.6560,2.6550,2.6560,3,0
20190124,0757,2.6560,2.6560,2.6560,2.6560,0,0
20190124,0758,2.6560,2.6560,2.6560,2.6560,1,0
20190124,0759,2.6560,2.6560,2.6560,2.6560,0,0
20190124,0800,2.6560,2.6560,2.6560,2.6560,6,0
20190124,0801,2.6560,2.6560,2.6550,2.6550,7,0
20190124,0802,2.6550,2.6550,2.6550,2.6550,5,0
20190124,0803,2.6550,2.6550,2.6550,2.6550,0,0
20190124,0804,2.6550,2.6550,2.6550,2.6550,0,0
20190124,0805,2.6550,2.6550,2.6550,2.6550,0,0
20190124,0806,2.6550,2.6560,2.6550,2.6560,7,0
20190124,0807,2.6560,2.6560,2.6550,2.6550,2,0
20190124,0808,2.6550,2.6550,2.6550,2.6550,3,0
20190124,0809,2.6550,2.6550,2.6550,2.6550,10,0
20190124,0810,2.6550,2.6560,2.6550,2.6560,8,0
20190124,0811,2.6560,2.6560,2.6560,2.6560,5,0
20190124,0812,2.6560,2.6560,2.6560,2.6560,2,0
20190124,0813,2.6560,2.6560,2.6560,2.6560,3,0
20190124,0814,2.6560,2.6570,2.6560,2.6570,15,0
20190124,0815,2.6570,2.6570,2.6560,2.6560,6,0
20190124,0816,2.6560,2.6560,2.6560,2.6560,1,0
20190124,0817,2.6570,2.6570,2.6570,2.6570,8,0
20190124,0818,2.6570,2.6580,2.6560,2.6570,30,0
20190124,0819,2.6570,2.6570,2.6570,2.6570,0,0
20190124,0820,2.6570,2.6570,2.6560,2.6560,5,0
20190124,0821,2.6560,2.6560,2.6560,2.6560,2,0
20190124,0822,2.6560,2.6570,2.6560,2.6560,12,0
20190124,0823,2.6560,2.6570,2.6560,2.6560,9,0
20190124,0824,2.6570,2.6570,2.6570,2.6570,2,0
20190124,0825,2.6570,2.6570,2.6560,2.6560,7,0
20190124,0826,2.6560,2.6560,2.6560,2.6560,1,0
20190124,0827,2.6560,2.6560,2.6560,2.6560,2,0
20190124,0828,2.6560,2.6560,2.6560,2.6560,4,0
20190124,0829,2.6560,2.6560,2.6560,2.6560,8,0
20190124,0830,2.6560,2.6580,2.6560,2.6580,25,0
20190124,0831,2.6580,2.6580,2.6580,2.6580,0,0
20190124,0832,2.6570,2.6570,2.6570,2.6570,7,0
20190124,0833,2.6570,2.6580,2.6570,2.6580,6,0
20190124,0834,2.6580,2.6580,2.6580,2.6580,6,0
20190124,0835,2.6570,2.6580,2.6570,2.6580,3,0
20190124,0836,2.6580,2.6580,2.6570,2.6570,15,0
20190124,0837,2.6570,2.6570,2.6570,2.6570,3,0
20190124,0838,2.6570,2.6580,2.6570,2.6580,3,0
20190124,0839,2.6580,2.6580,2.6580,2.6580,8,0
20190124,0840,2.6580,2.6590,2.6580,2.6590,9,0
20190124,0841,2.6590,2.6590,2.6580,2.6580,2,0
20190124,0842,2.6580,2.6580,2.6580,2.6580,7,0
20190124,0843,2.6590,2.6590,2.6590,2.6590,8,0
20190124,0844,2.6590,2.6590,2.6580,2.6590,4,0
20190124,0845,2.6590,2.6590,2.6580,2.6580,5,0
20190124,0846,2.6590,2.6590,2.6580,2.6580,6,0
20190124,0847,2.6580,2.6580,2.6580,2.6580,5,0
20190124,0848,2.6580,2.6580,2.6580,2.6580,1,0
20190124,0849,2.6580,2.6580,2.6580,2.6580,13,0
20190124,0850,2.6580,2.6580,2.6580,2.6580,0,0
20190124,0851,2.6580,2.6580,2.6580,2.6580,0,0
20190124,0852,2.6580,2.6580,2.6580,2.6580,1,0
20190124,0853,2.6580,2.6580,2.6580,2.6580,1,0
20190124,0854,2.6580,2.6580,2.6580,2.6580,4,0
20190124,0855,2.6580,2.6580,2.6580,2.6580,3,0
20190124,0856,2.6580,2.6580,2.6580,2.6580,13,0
20190124,0857,2.6580,2.6580,2.6570,2.6570,7,0
20190124,0858,2.6570,2.6580,2.6570,2.6580,6,0
20190124,0859,2.6580,2.6580,2.6570,2.6570,25,0
20190124,0900,2.6570,2.6600,2.6570,2.6600,132,0
20190124,0901,2.6600,2.6610,2.6600,2.6610,120,0
20190124,0902,2.6610,2.6610,2.6600,2.6600,18,0
20190124,0903,2.6600,2.6610,2.6600,2.6610,18,0
20190124,0904,2.6610,2.6620,2.6610,2.6620,87,0
20190124,0905,2.6620,2.6620,2.6610,2.6610,27,0
20190124,0906,2.6610,2.6610,2.6600,2.6610,38,0
20190124,0907,2.6610,2.6620,2.6610,2.6610,32,0
20190124,0908,2.6610,2.6620,2.6610,2.6610,52,0
20190124,0909,2.6620,2.6620,2.6610,2.6610,59,0
20190124,0910,2.6610,2.6610,2.6610,2.6610,16,0
20190124,0911,2.6610,2.6620,2.6610,2.6620,24,0
20190124,0912,2.6620,2.6620,2.6620,2.6620,59,0
20190124,0913,2.6620,2.6620,2.6610,2.6620,73,0
20190124,0914,2.6610,2.6610,2.6600,2.6610,31,0
20190124,0915,2.6610,2.6610,2.6600,2.6610,64,0
20190124,0916,2.6610,2.6620,2.6610,2.6620,13,0
20190124,0917,2.6620,2.6620,2.6610,2.6620,10,0
20190124,0918,2.6620,2.6620,2.6610,2.6620,28,0
20190124,0919,2.6620,2.6620,2.6610,2.6620,29,0
20190124,0920,2.6620,2.6620,2.6620,2.6620,13,0
20190124,0921,2.6620,2.6620,2.6610,2.6610,34,0
20190124,0922,2.6620,2.6620,2.6610,2.6620,31,0
20190124,0923,2.6620,2.6620,2.6620,2.6620,23,0
20190124,0924,2.6620,2.6620,2.6610,2.6610,32,0
20190124,0925,2.6610,2.6620,2.6610,2.6610,7,0
20190124,0926,2.6610,2.6620,2.6610,2.6620,18,0
20190124,0927,2.6620,2.6620,2.6620,2.6620,34,0
20190124,0928,2.6620,2.6620,2.6620,2.6620,46,0
20190124,0929,2.6630,2.6630,2.6610,2.6620,60,0
20190124,0930,2.6620,2.6620,2.6610,2.6620,67,0
20190124,0931,2.6620,2.6640,2.6620,2.6640,62,0
20190124,0932,2.6640,2.6640,2.6630,2.6640,17,0
20190124,0933,2.6630,2.6640,2.6630,2.6630,43,0
20190124,0934,2.6630,2.6630,2.6620,2.6620,53,0
20190124,0935,2.6610,2.6610,2.6610,2.6610,55,0
20190124,0936,2.6610,2.6620,2.6610,2.6610,42,0
20190124,0937,2.6610,2.6620,2.6610,2.6620,41,0
20190124,0938,2.6620,2.6620,2.6600,2.6610,71,0
20190124,0939,2.6610,2.6610,2.6600,2.6610,32,0
20190124,0940,2.6610,2.6610,2.6600,2.6600,48,0
20190124,0941,2.6600,2.6600,2.6600,2.6600,26,0
20190124,0942,2.6600,2.6600,2.6590,2.6600,15,0
20190124,0943,2.6600,2.6600,2.6590,2.6600,22,0
20190124,0944,2.6600,2.6600,2.6600,2.6600,10,0
20190124,0945,2.6600,2.6600,2.6590,2.6590,8,0
20190124,0946,2.6590,2.6590,2.6590,2.6590,12,0
20190124,0947,2.6590,2.6590,2.6590,2.6590,10,0
20190124,0948,2.6590,2.6600,2.6590,2.6590,22,0
20190124,0949,2.6590,2.6590,2.6590,2.6590,10,0
20190124,0950,2.6590,2.6590,2.6580,2.6580,9,0
20190124,0951,2.6580,2.6580,2.6580,2.6580,8,0
20190124,0952,2.6580,2.6590,2.6580,2.6590,24,0
20190124,0953,2.6590,2.6590,2.6590,2.6590,18,0
20190124,0954,2.6590,2.6590,2.6580,2.6580,28,0
20190124,0955,2.6580,2.6580,2.6570,2.6580,31,0
20190124,0956,2.6580,2.6580,2.6570,2.6570,9,0
20190124,0957,2.6570,2.6580,2.6570,2.6580,11,0
20190124,0958,2.6580,2.6580,2.6570,2.6580,42,0
20190124,0959,2.6580,2.6580,2.6570,2.6570,15,0
20190124,1000,2.6570,2.6570,2.6570,2.6570,36,0
20190124,1001,2.6570,2.6570,2.6570,2.6570,5,0
20190124,1002,2.6570,2.6580,2.6560,2.6560,46,0
20190124,1003,2.6560,2.6560,2.6550,2.6550,75,0
20190124,1004,2.6550,2.6550,2.6540,2.6550,43,0
20190124,1005,2.6550,2.6550,2.6540,2.6540,70,0
20190124,1006,2.6540,2.6550,2.6540,2.6550,33,0
20190124,1007,2.6550,2.6550,2.6540,2.6550,24,0
20190124,1008,2.6540,2.6560,2.6540,2.6560,31,0
20190124,1009,2.6560,2.6560,2.6550,2.6560,6,0
20190124,1010,2.6560,2.6570,2.6560,2.6560,20,0
20190124,1011,2.6560,2.6560,2.6560,2.6560,25,0
20190124,1012,2.6560,2.6570,2.6560,2.6560,27,0
20190124,1013,2.6560,2.6560,2.6550,2.6550,33,0
20190124,1014,2.6550,2.6550,2.6550,2.6550,23,0
20190124,1015,2.6550,2.6560,2.6550,2.6550,8,0
20190124,1016,2.6550,2.6550,2.6550,2.6550,16,0
20190124,1017,2.6550,2.6550,2.6550,2.6550,11,0
20190124,1018,2.6550,2.6550,2.6550,2.6550,12,0
20190124,1019,2.6550,2.6550,2.6550,2.6550,14,0
20190124,1020,2.6550,2.6560,2.6550,2.6560,13,0
20190124,1021,2.6560,2.6560,2.6560,2.6560,12,0
20190124,1022,2.6560,2.6560,2.6550,2.6560,20,0
20190124,1023,2.6560,2.6560,2.6550,2.6560,18,0
20190124,1024,2.6560,2.6560,2.6560,2.6560,17,0
20190124,1025,2.6560,2.6560,2.6560,2.6560,7,0
20190124,1026,2.6560,2.6560,2.6560,2.6560,7,0
20190124,1027,2.6560,2.6560,2.6560,2.6560,15,0
20190124,1028,2.6560,2.6560,2.6550,2.6560,36,0
20190124,1029,2.6560,2.6560,2.6560,2.6560,4,0
20190124,1030,2.6560,2.6560,2.6550,2.6550,10,0
20190124,1031,2.6550,2.6560,2.6550,2.6560,11,0
20190124,1032,2.6560,2.6560,2.6550,2.6550,14,0
20190124,1033,2.6550,2.6550,2.6520,2.6520,121,0
20190124,1034,2.6520,2.6530,2.6520,2.6530,37,0
20190124,1035,2.6530,2.6530,2.6530,2.6530,34,0
20190124,1036,2.6530,2.6530,2.6530,2.6530,33,0
20190124,1037,2.6530,2.6530,2.6520,2.6530,18,0
20190124,1038,2.6530,2.6540,2.6530,2.6540,26,0
20190124,1039,2.6540,2.6540,2.6540,2.6540,35,0
20190124,1040,2.6540,2.6560,2.6540,2.6560,33,0
20190124,1041,2.6560,2.6560,2.6550,2.6550,10,0
20190124,1042,2.6550,2.6560,2.6550,2.6560,3,0
20190124,1043,2.6560,2.6560,2.6550,2.6560,19,0
20190124,1044,2.6560,2.6560,2.6560,2.6560,13,0
20190124,1045,2.6560,2.6560,2.6560,2.6560,15,0
20190124,1046,2.6560,2.6570,2.6560,2.6570,8,0
20190124,1047,2.6570,2.6570,2.6570,2.6570,15,0
20190124,1048,2.6570,2.6570,2.6570,2.6570,17,0
20190124,1049,2.6570,2.6570,2.6570,2.6570,14,0
20190124,1050,2.6570,2.6580,2.6570,2.6580,40,0
20190124,1051,2.6580,2.6580,2.6570,2.6570,16,0
20190124,1052,2.6570,2.6580,2.6570,2.6580,15,0
20190124,1053,2.6580,2.6580,2.6570,2.6570,10,0
20190124,1054,2.6570,2.6580,2.6570,2.6570,16,0
20190124,1055,2.6570,2.6570,2.6560,2.6560,7,0
20190124,1056,2.6560,2.6570,2.6560,2.6570,18,0
20190124,1057,2.6570,2.6570,2.6570,2.6570,2,0
20190124,1058,2.6570,2.6570,2.6570,2.6570,10,0
20190124,1059,2.6570,2.6580,2.6570,2.6580,26,0
20190124,1100,2.6580,2.6590,2.6580,2.6590,48,0
20190124,1101,2.6590,2.6590,2.6580,2.6580,22,0
20190124,1102,2.6580,2.6590,2.6580,2.6590,10,0
20190124,1103,2.6590,2.6590,2.6580,2.6580,4,0
20190124,1104,2.6580,2.6580,2.6580,2.6580,11,0
20190124,1105,2.6580,2.6580,2.6580,2.6580,22,0
20190124,1106,2.6580,2.6590,2.6580,2.6590,38,0
20190124,1107,2.6590,2.6590,2.6590,2.6590,1,0
20190124,1108,2.6590,2.6590,2.6590,2.6590,19,0
20190124,1109,2.6590,2.6600,2.6590,2.6600,29,0
20190124,1110,2.6600,2.6610,2.6600,2.6600,43,0
20190124,1111,2.6600,2.6610,2.6600,2.6610,23,0
20190124,1112,2.6610,2.6610,2.6600,2.6610,32,0
20190124,1113,2.6610,2.6610,2.6610,2.6610,24,0
20190124,1114,2.6610,2.6620,2.6610,2.6610,48,0
20190124,1115,2.6610,2.6610,2.6600,2.6600,13,0
20190124,1116,2.6600,2.6610,2.6600,2.6610,14,0
20190124,1117,2.6610,2.6610,2.6610,2.6610,0,0
20190124,1118,2.6610,2.6610,2.6600,2.6610,27,0
20190124,1119,2.6610,2.6620,2.6610,2.6610,26,0
20190124,1120,2.6610,2.6620,2.6610,2.6620,19,0
20190124,1121,2.6620,2.6620,2.6610,2.6610,9,0
20190124,1122,2.6610,2.6610,2.6610,2.6610,22,0
20190124,1123,2.6610,2.6620,2.6610,2.6610,9,0
20190124,1124,2.6610,2.6610,2.6600,2.6610,46,0
20190124,1125,2.6610,2.6610,2.6610,2.6610,39,0
20190124,1126,2.6610,2.6610,2.6610,2.6610,28,0
20190124,1127,2.6610,2.6610,2.6600,2.6600,16,0
20190124,1128,2.6600,2.6600,2.6600,2.6600,5,0
20190124,1129,2.6600,2.6600,2.6590,2.6590,45,0
20190124,1130,2.6590,2.6590,2.6590,2.6590,14,0
20190124,1131,2.6590,2.6590,2.6590,2.6590,3,0
20190124,1132,2.6590,2.6590,2.6590,2.6590,0,0
20190124,1133,2.6590,2.6590,2.6590,2.6590,4,0
20190124,1134,2.6590,2.6590,2.6590,2.6590,5,0
20190124,1135,2.6590,2.6590,2.6580,2.6590,29,0
20190124,1136,2.6590,2.6590,2.6590,2.6590,8,0
20190124,1137,2.6590,2.6590,2.6590,2.6590,17,0
20190124,1138,2.6590,2.6600,2.6590,2.6590,6,0
20190124,1139,2.6590,2.6600,2.6590,2.6600,4,0
20190124,1140,2.6600,2.6600,2.6600,2.6600,11,0
20190124,1141,2.6600,2.6600,2.6600,2.6600,9,0
20190124,1142,2.6600,2.6600,2.6590,2.6590,7,0
20190124,1143,2.6590,2.6590,2.6590,2.6590,0,0
20190124,1144,2.6590,2.6590,2.6590,2.6590,15,0
20190124,1145,2.6590,2.6600,2.6590,2.6600,9,0
20190124,1146,2.6600,2.6600,2.6600,2.6600,12,0
20190124,1147,2.6600,2.6600,2.6590,2.6600,14,0
20190124,1148,2.6600,2.6600,2.6600,2.6600,3,0
20190124,1149,2.6600,2.6600,2.6590,2.6590,9,0
20190124,1150,2.6590,2.6600,2.6590,2.6600,2,0
20190124,1151,2.6600,2.6600,2.6600,2.6600,10,0
20190124,1152,2.6600,2.6600,2.6600,2.6600,1,0
20190124,1153,2.6590,2.6590,2.6590,2.6590,2,0
20190124,1154,2.6590,2.6590,2.6590,2.6590,0,0
20190124,1155,2.6590,2.6590,2.6590,2.6590,2,0
20190124,1156,2.6590,2.6590,2.6580,2.6580,15,0
20190124,1157,2.6580,2.6590,2.6580,2.6590,10,0
20190124,1158,2.6590,2.6590,2.6590,2.6590,21,0
20190124,1159,2.6590,2.6590,2.6590,2.6590,3,0
20190124,1200,2.6600,2.6600,2.6590,2.6590,4,0
20190124,1201,2.6590,2.6590,2.6590,2.6590,0,0
20190124,1202,2.6590,2.6600,2.6590,2.6590,2,0
20190124,1203,2.6590,2.6590,2.6590,2.6590,0,0
20190124,1204,2.6590,2.6600,2.6590,2.6600,8,0
20190124,1205,2.6600,2.6600,2.6600,2.6600,1,0
20190124,1206,2.6600,2.6600,2.6590,2.6590,1,0
20190124,1207,2.6590,2.6600,2.6590,2.6600,2,0
20190124,1208,2.6600,2.6600,2.6590,2.6600,5,0
20190124,1209,2.6600,2.6600,2.6590,2.6590,4,0
20190124,1210,2.6590,2.6600,2.6590,2.6600,6,0
20190124,1211,2.6600,2.6600,2.6600,2.6600,3,0
20190124,1212,2.6600,2.6600,2.6600,2.6600,3,0
20190124,1213,2.6600,2.6600,2.6600,2.6600,0,0
20190124,1214,2.6600,2.6600,2.6600,2.6600,9,0
20190124,1215,2.6600,2.6600,2.6600,2.6600,1,0
20190124,1216,2.6600,2.6600,2.6600,2.6600,2,0
20190124,1217,2.6600,2.6600,2.6600,2.6600,14,0
20190124,1218,2.6600,2.6600,2.6600,2.6600,4,0
20190124,1219,2.6600,2.6600,2.6600,2.6600,0,0
20190124,1220,2.6600,2.6600,2.6600,2.6600,1,0
20190124,1221,2.6600,2.6600,2.6600,2.6600,3,0
20190124,1222,2.6600,2.6600,2.6580,2.6580,19,0
20190124,1223,2.6580,2.6590,2.6580,2.6590,7,0
20190124,1224,2.6590,2.6590,2.6590,2.6590,6,0
20190124,1225,2.6580,2.6590,2.6580,2.6590,23,0
20190124,1226,2.6590,2.6590,2.6590,2.6590,11,0
20190124,1227,2.6590,2.6590,2.6590,2.6590,2,0
20190124,1228,2.6590,2.6590,2.6580,2.6580,1,0
20190124,1229,2.6580,2.6580,2.6580,2.6580,5,0
20190124,1230,2.6580,2.6580,2.6580,2.6580,9,0
20190124,1231,2.6580,2.6580,2.6570,2.6580,26,0
20190124,1232,2.6580,2.6580,2.6580,2.6580,2,0
20190124,1233,2.6580,2.6580,2.6580,2.6580,0,0
20190124,1234,2.6580,2.6590,2.6580,2.6580,5,0
20190124,1235,2.6580,2.6590,2.6580,2.6590,4,0
20190124,1236,2.6580,2.6590,2.6580,2.6590,4,0
20190124,1237,2.6590,2.6590,2.6590,2.6590,8,0
20190124,1238,2.6590,2.6590,2.6590,2.6590,6,0
20190124,1239,2.6590,2.6590,2.6580,2.6580,5,0
20190124,1240,2.6580,2.6580,2.6580,2.6580,1,0
20190124,1241,2.6580,2.6580,2.6580,2.6580,0,0
20190124,1242,2.6580,2.6580,2.6580,2.6580,2,0
20190124,1243,2.6580,2.6580,2.6580,2.6580,0,0
20190124,1244,2.6580,2.6580,2.6580,2.6580,0,0
20190124,1245,2.6580,2.6580,2.6570,2.6580,12,0
20190124,1246,2.6580,2.6580,2.6570,2.6570,1,0
20190124,1247,2.6570,2.6570,2.6570,2.6570,6,0
20190124,1248,2.6570,2.6570,2.6570,2.6570,6,0
20190124,1249,2.6570,2.6570,2.6570,2.6570,5,0
20190124,1250,2.6570,2.6570,2.6570,2.6570,15,0
20190124,1251,2.6560,2.6560,2.6560,2.6560,28,0
20190124,1252,2.6560,2.6560,2.6550,2.6550,27,0
20190124,1253,2.6550,2.6560,2.6550,2.6560,37,0
20190124,1254,2.6560,2.6560,2.6550,2.6560,49,0
20190124,1255,2.6560,2.6560,2.6550,2.6550,32,0
20190124,1256,2.6550,2.6550,2.6550,2.6550,19,0
20190124,1257,2.6550,2.6560,2.6550,2.6560,21,0
20190124,1258,2.6560,2.6560,2.6550,2.6550,12,0
20190124,1259,2.6550,2.6550,2.6550,2.6550,33,0
20190124,1300,2.6550,2.6550,2.6550,2.6550,11,0
20190124,1301,2.6550,2.6550,2.6550,2.6550,34,0
20190124,1302,2.6550,2.6550,2.6550,2.6550,20,0
20190124,1303,2.6550,2.6550,2.6550,2.6550,13,0
20190124,1304,2.6550,2.6560,2.6550,2.6550,6,0
20190124,1305,2.6550,2.6550,2.6550,2.6550,15,0
20190124,1306,2.6550,2.6560,2.6550,2.6560,1,0
20190124,1307,2.6560,2.6560,2.6550,2.6560,10,0
20190124,1308,2.6560,2.6560,2.6550,2.6550,4,0
20190124,1309,2.6550,2.6550,2.6550,2.6550,15,0
20190124,1310,2.6550,2.6550,2.6540,2.6550,6,0
20190124,1311,2.6550,2.6550,2.6550,2.6550,5,0
20190124,1312,2.6550,2.6550,2.6550,2.6550,0,0
20190124,1313,2.6550,2.6550,2.6550,2.6550,7,0
20190124,1314,2.6550,2.6550,2.6550,2.6550,1,0
20190124,1315,2.6550,2.6550,2.6550,2.6550,3,0
20190124,1316,2.6550,2.6550,2.6550,2.6550,0,0
20190124,1317,2.6550,2.6560,2.6550,2.6560,4,0
20190124,1318,2.6560,2.6560,2.6550,2.6550,6,0
20190124,1319,2.6550,2.6550,2.6550,2.6550,4,0
20190124,1320,2.6550,2.6560,2.6550,2.6560,4,0
20190124,1321,2.6560,2.6560,2.6550,2.6550,7,0
20190124,1322,2.6550,2.6560,2.6550,2.6560,4,0
20190124,1323,2.6560,2.6560,2.6560,2.6560,17,0
20190124,1324,2.6560,2.6560,2.6560,2.6560,9,0
20190124,1325,2.6560,2.6560,2.6560,2.6560,13,0
20190124,1326,2.6560,2.6560,2.6560,2.6560,30,0
20190124,1327,2.6560,2.6570,2.6560,2.6560,7,0
20190124,1328,2.6570,2.6570,2.6550,2.6550,61,0
20190124,1329,2.6550,2.6560,2.6550,2.6550,14,0
20190124,1330,2.6550,2.6550,2.6540,2.6550,82,0
20190124,1331,2.6550,2.6560,2.6550,2.6560,37,0
20190124,1332,2.6560,2.6560,2.6550,2.6560,25,0
20190124,1333,2.6560,2.6560,2.6550,2.6550,31,0
20190124,1334,2.6550,2.6550,2.6550,2.6550,27,0
20190124,1335,2.6550,2.6560,2.6550,2.6560,69,0
20190124,1336,2.6560,2.6560,2.6550,2.6550,12,0
20190124,1337,2.6550,2.6550,2.6540,2.6550,38,0
20190124,1338,2.6540,2.6560,2.6540,2.6550,22,0
20190124,1339,2.6550,2.6550,2.6540,2.6550,40,0
20190124,1340,2.6550,2.6550,2.6550,2.6550,7,0
20190124,1341,2.6550,2.6550,2.6540,2.6550,11,0
20190124,1342,2.6550,2.6570,2.6550,2.6570,62,0
20190124,1343,2.6570,2.6570,2.6560,2.6560,15,0
20190124,1344,2.6560,2.6560,2.6560,2.6560,1,0
20190124,1345,2.6560,2.6570,2.6560,2.6560,45,0
20190124,1346,2.6560,2.6560,2.6560,2.6560,8,0
20190124,1347,2.6560,2.6570,2.6560,2.6570,22,0
20190124,1348,2.6570,2.6570,2.6560,2.6570,15,0
20190124,1349,2.6570,2.6570,2.6560,2.6560,8,0
20190124,1350,2.6560,2.6560,2.6550,2.6560,64,0
20190124,1351,2.6560,2.6560,2.6560,2.6560,11,0
20190124,1352,2.6560,2.6560,2.6540,2.6550,53,0
20190124,1353,2.6550,2.6560,2.6550,2.6560,21,0
20190124,1354,2.6560,2.6560,2.6560,2.6560,38,0
20190124,1355,2.6560,2.6560,2.6550,2.6550,8,0
20190124,1356,2.6550,2.6560,2.6550,2.6560,11,0
20190124,1357,2.6550,2.6570,2.6550,2.6560,17,0
20190124,1358,2.6560,2.6560,2.6560,2.6560,11,0
20190124,1359,2.6560,2.6560,2.6560,2.6560,15,0
20190124,1400,2.6560,2.6560,2.6550,2.6550,38,0
20190124,1401,2.6550,2.6560,2.6550,2.6560,8,0
20190124,1402,2.6560,2.6560,2.6550,2.6560,36,0
20190124,1403,2.6560,2.6570,2.6560,2.6560,45,0
20190124,1404,2.6560,2.6570,2.6560,2.6570,24,0
20190124,1405,2.6560,2.6570,2.6560,2.6570,59,0
20190124,1406,2.6570,2.6570,2.6560,2.6570,23,0
20190124,1407,2.6570,2.6570,2.6570,2.6570,11,0
20190124,1408,2.6570,2.6570,2.6570,2.6570,12,0
20190124,1409,2.6570,2.6570,2.6570,2.6570,10,0
20190124,1410,2.6570,2.6570,2.6570,2.6570,22,0
20190124,1411,2.6570,2.6570,2.6570,2.6570,31,0
20190124,1412,2.6570,2.6580,2.6570,2.6580,24,0
20190124,1413,2.6570,2.6570,2.6570,2.6570,7,0
20190124,1414,2.6570,2.6580,2.6570,2.6570,29,0
20190124,1415,2.6570,2.6580,2.6570,2.6580,23,0
20190124,1416,2.6580,2.6580,2.6570,2.6570,8,0
20190124,1417,2.6570,2.6580,2.6570,2.6580,62,0
20190124,1418,2.6580,2.6580,2.6580,2.6580,5,0
20190124,1419,2.6580,2.6580,2.6580,2.6580,17,0
20190124,1420,2.6580,2.6580,2.6580,2.6580,7,0
20190124,1421,2.6580,2.6580,2.6580,2.6580,24,0
20190124,1422,2.6580,2.6580,2.6570,2.6570,33,0
20190124,1423,2.6570,2.6580,2.6570,2.6570,11,0
20190124,1424,2.6570,2.6570,2.6560,2.6560,29,0
20190124,1425,2.6560,2.6570,2.6560,2.6570,44,0
20190124,1426,2.6570,2.6570,2.6570,2.6570,15,0
20190124,1427,2.6570,2.6570,2.6550,2.6550,62,0
20190124,1428,2.6550,2.6550,2.6540,2.6550,87,0
20190124,1429,2.6540,2.6550,2.6540,2.6550,33,0
20190124,1430,2.6550,2.6550,2.6540,2.6540,70,0
20190124,1431,2.6540,2.6540,2.6530,2.6530,51,0
20190124,1432,2.6530,2.6540,2.6530,2.6540,39,0
20190124,1433,2.6540,2.6540,2.6530,2.6530,18,0
20190124,1434,2.6530,2.6540,2.6530,2.6540,20,0
20190124,1435,2.6540,2.6550,2.6540,2.6550,55,0
20190124,1436,2.6550,2.6550,2.6540,2.6540,3,0
20190124,1437,2.6540,2.6540,2.6530,2.6530,11,0
20190124,1438,2.6540,2.6540,2.6530,2.6530,23,0
20190124,1439,2.6530,2.6530,2.6530,2.6530,25,0
20190124,1440,2.6530,2.6530,2.6510,2.6510,90,0
20190124,1441,2.6510,2.6510,2.6500,2.6510,164,0
20190124,1442,2.6510,2.6510,2.6500,2.6500,126,0
20190124,1443,2.6510,2.6530,2.6510,2.6530,59,0
20190124,1444,2.6530,2.6530,2.6500,2.6500,120,0
20190124,1445,2.6490,2.6500,2.6480,2.6500,336,0
20190124,1446,2.6500,2.6510,2.6500,2.6510,34,0
20190124,1447,2.6510,2.6520,2.6510,2.6520,49,0
20190124,1448,2.6510,2.6520,2.6510,2.6520,5,0
20190124,1449,2.6520,2.6520,2.6510,2.6520,35,0
20190124,1450,2.6520,2.6520,2.6510,2.6510,40,0
20190124,1451,2.6510,2.6520,2.6510,2.6520,56,0
20190124,1452,2.6520,2.6530,2.6520,2.6530,40,0
20190124,1453,2.6530,2.6530,2.6520,2.6520,7,0
20190124,1454,2.6520,2.6530,2.6520,2.6530,33,0
20190124,1455,2.6530,2.6530,2.6520,2.6520,6,0
20190124,1456,2.6520,2.6520,2.6510,2.6510,21,0
20190124,1457,2.6510,2.6520,2.6510,2.6520,75,0
20190124,1458,2.6520,2.6520,2.6520,2.6520,3,0
20190124,1459,2.6520,2.6520,2.6520,2.6520,19,0
20190124,1500,2.6520,2.6520,2.6520,2.6520,18,0
20190124,1501,2.6520,2.6520,2.6510,2.6510,27,0
20190124,1502,2.6510,2.6510,2.6500,2.6500,66,0
20190124,1503,2.6500,2.6510,2.6500,2.6510,33,0
20190124,1504,2.6510,2.6530,2.6510,2.6530,21,0
20190124,1505,2.6520,2.6520,2.6520,2.6520,14,0
20190124,1506,2.6520,2.6520,2.6500,2.6510,25,0
20190124,1507,2.6510,2.6510,2.6500,2.6510,30,0
20190124,1508,2.6510,2.6510,2.6500,2.6500,10,0
20190124,1509,2.6500,2.6500,2.6500,2.6500,4,0
20190124,1510,2.6500,2.6510,2.6500,2.6500,15,0
20190124,1511,2.6500,2.6500,2.6500,2.6500,14,0
20190124,1512,2.6500,2.6500,2.6490,2.6490,33,0
20190124,1513,2.6490,2.6500,2.6490,2.6500,28,0
20190124,1514,2.6500,2.6500,2.6500,2.6500,6,0
20190124,1515,2.6500,2.6500,2.6490,2.6490,9,0
20190124,1516,2.6490,2.6490,2.6480,2.6480,27,0
20190124,1517,2.6480,2.6490,2.6480,2.6490,34,0
20190124,1518,2.6490,2.6490,2.6480,2.6480,2,0
20190124,1519,2.6480,2.6490,2.6480,2.6490,20,0
20190124,1520,2.6490,2.6490,2.6480,2.6480,28,0
20190124,1521,2.6480,2.6500,2.6480,2.6490,30,0
20190124,1522,2.6490,2.6490,2.6490,2.6490,21,0
20190124,1523,2.6490,2.6490,2.6480,2.6490,106,0
20190124,1524,2.6490,2.6490,2.6490,2.6490,9,0
20190124,1525,2.6490,2.6490,2.6490,2.6490,40,0
20190124,1526,2.6490,2.6490,2.6490,2.6490,44,0
20190124,1527,2.6490,2.6500,2.6490,2.6490,28,0
20190124,1528,2.6490,2.6490,2.6480,2.6480,9,0
20190124,1529,2.6480,2.6500,2.6480,2.6500,27,0
20190124,1530,2.6500,2.6500,2.6500,2.6500,9,0
20190124,1531,2.6500,2.6500,2.6490,2.6490,21,0
20190124,1532,2.6490,2.6490,2.6490,2.6490,19,0
20190124,1533,2.6490,2.6500,2.6490,2.6500,11,0
20190124,1534,2.6500,2.6500,2.6490,2.6500,14,0
20190124,1535,2.6500,2.6500,2.6490,2.6490,20,0
20190124,1536,2.6490,2.6490,2.6490,2.6490,15,0
20190124,1537,2.6490,2.6490,2.6490,2.6490,9,0
20190124,1538,2.6490,2.6490,2.6490,2.6490,1,0
20190124,1539,2.6490,2.6490,2.6490,2.6490,27,0
20190124,1540,2.6490,2.6490,2.6490,2.6490,7,0
20190124,1541,2.6490,2.6500,2.6490,2.6490,35,0
20190124,1542,2.6490,2.6500,2.6490,2.6500,18,0
20190124,1543,2.6500,2.6500,2.6490,2.6490,8,0
20190124,1544,2.6490,2.6490,2.6490,2.6490,12,0
20190124,1545,2.6490,2.6500,2.6490,2.6490,12,0
20190124,1546,2.6490,2.6500,2.6490,2.6500,22,0
20190124,1547,2.6510,2.6510,2.6500,2.6500,34,0
20190124,1548,2.6500,2.6500,2.6490,2.6490,5,0
20190124,1549,2.6490,2.6500,2.6490,2.6490,16,0
20190124,1550,2.6490,2.6490,2.6480,2.6480,18,0
20190124,1551,2.6480,2.6480,2.6480,2.6480,26,0
20190124,1552,2.6470,2.6480,2.6470,2.6480,68,0
20190124,1553,2.6480,2.6480,2.6460,2.6470,67,0
20190124,1554,2.6470,2.6470,2.6460,2.6470,69,0
20190124,1555,2.6470,2.6470,2.6460,2.6470,70,0
20190124,1556,2.6470,2.6470,2.6460,2.6460,54,0
20190124,1557,2.6460,2.6470,2.6460,2.6470,25,0
20190124,1558,2.6470,2.6470,2.6470,2.6470,13,0
20190124,1559,2.6470,2.6470,2.6460,2.6470,35,0
20190124,1600,2.6470,2.6480,2.6460,2.6480,327,0
20190124,1601,2.6480,2.6480,2.6470,2.6470,17,0
20190124,1602,2.6470,2.6470,2.6470,2.6470,27,0
20190124,1603,2.6470,2.6470,2.6460,2.6470,25,0
20190124,1604,2.6470,2.6470,2.6460,2.6460,61,0
20190124,1605,2.6470,2.6470,2.6460,2.6470,64,0
20190124,1606,2.6480,2.6480,2.6470,2.6470,21,0
20190124,1607,2.6470,2.6480,2.6470,2.6480,16,0
20190124,1608,2.6480,2.6480,2.6470,2.6470,21,0
20190124,1609,2.6470,2.6470,2.6470,2.6470,5,0
20190124,1610,2.6470,2.6470,2.6470,2.6470,15,0
20190124,1611,2.6460,2.6460,2.6460,2.6460,84,0
20190124,1612,2.6460,2.6470,2.6460,2.6470,21,0
20190124,1613,2.6470,2.6470,2.6460,2.6470,21,0
20190124,1614,2.6460,2.6470,2.6460,2.6470,16,0
20190124,1615,2.6450,2.6460,2.6450,2.6450,227,0
20190124,1616,2.6460,2.6470,2.6460,2.6460,76,0
20190124,1617,2.6460,2.6480,2.6460,2.6480,30,0
20190124,1618,2.6480,2.6480,2.6470,2.6480,32,0
20190124,1619,2.6480,2.6480,2.6470,2.6480,34,0
20190124,1620,2.6480,2.6480,2.6460,2.6460,37,0
20190124,1621,2.6460,2.6460,2.6450,2.6450,15,0
20190124,1622,2.6450,2.6470,2.6450,2.6460,26,0
20190124,1623,2.6460,2.6470,2.6460,2.6470,22,0
20190124,1624,2.6470,2.6470,2.6470,2.6470,23,0
20190124,1625,2.6470,2.6470,2.6460,2.6460,15,0
20190124,1626,2.6470,2.6470,2.6460,2.6470,32,0
20190124,1627,2.6470,2.6480,2.6470,2.6480,17,0
20190124,1628,2.6480,2.6480,2.6470,2.6470,22,0
20190124,1629,2.6470,2.6470,2.6460,2.6470,18,0
20190124,1630,2.6460,2.6490,2.6460,2.6490,116,0
20190124,1631,2.6480,2.6500,2.6480,2.6490,51,0
20190124,1632,2.6490,2.6500,2.6490,2.6490,56,0
20190124,1633,2.6490,2.6500,2.6490,2.6490,18,0
20190124,1634,2.6490,2.6490,2.6490,2.6490,24,0
20190124,1635,2.6490,2.6500,2.6490,2.6500,26,0
20190124,1636,2.6490,2.6520,2.6490,2.6520,85,0
20190124,1637,2.6530,2.6530,2.6520,2.6520,48,0
20190124,1638,2.6520,2.6520,2.6510,2.6510,40,0
20190124,1639,2.6510,2.6510,2.6510,2.6510,33,0
20190124,1640,2.6510,2.6510,2.6500,2.6500,22,0
20190124,1641,2.6500,2.6510,2.6500,2.6500,24,0
20190124,1642,2.6500,2.6500,2.6500,2.6500,10,0
20190124,1643,2.6500,2.6500,2.6490,2.6500,24,0
20190124,1644,2.6500,2.6500,2.6500,2.6500,11,0
20190124,1645,2.6510,2.6510,2.6500,2.6510,35,0
20190124,1646,2.6510,2.6510,2.6500,2.6500,13,0
20190124,1647,2.6500,2.6510,2.6500,2.6510,44,0
20190124,1648,2.6510,2.6510,2.6500,2.6500,31,0
20190124,1649,2.6500,2.6500,2.6500,2.6500,10,0
20190124,1650,2.6500,2.6500,2.6500,2.6500,17,0
20190124,1651,2.6500,2.6500,2.6500,2.6500,2,0
20190124,1652,2.6500,2.6500,2.6500,2.6500,2,0
20190124,1653,2.6500,2.6500,2.6500,2.6500,16,0
20190124,1654,2.6500,2.6510,2.6500,2.6510,21,0
20190124,1655,2.6510,2.6510,2.6500,2.6500,27,0
20190125,2141,2.6770,2.6770,2.6750,2.6750,259,0
20190125,2142,2.6750,2.6760,2.6750,2.6760,198,0
20190125,2143,2.6760,2.6760,2.6750,2.6750,185,0
20190125,2144,2.6760,2.6760,2.6750,2.6750,116,0
20190125,2145,2.6750,2.6750,2.6740,2.6750,76,0
20190125,2146,2.6740,2.6740,2.6730,2.6730,114,0
20190125,2147,2.6730,2.6740,2.6730,2.6730,143,0
20190125,2148,2.6740,2.6740,2.6730,2.6730,301,0
20190125,2149,2.6730,2.6750,2.6730,2.6740,117,0
20190125,2150,2.6740,2.6760,2.6740,2.6740,200,0
20190125,2151,2.6750,2.6750,2.6740,2.6740,109,0
20190125,2152,2.6740,2.6750,2.6730,2.6750,194,0
20190125,2153,2.6750,2.6750,2.6730,2.6730,88,0
20190125,2154,2.6730,2.6740,2.6720,2.6720,359,0
20190125,2155,2.6720,2.6740,2.6720,2.6740,333,0
20190125,2156,2.6740,2.6740,2.6740,2.6740,18,0
20190125,2157,2.6750,2.6750,2.6740,2.6740,37,0
20190125,2158,2.6740,2.6750,2.6740,2.6750,41,0
20190125,2159,2.6750,2.6760,2.6750,2.6750,97,0
20190125,2200,2.6750,2.6770,2.6750,2.6760,115,0
20190125,2201,2.6770,2.6770,2.6760,2.6770,181,0
20190125,2202,2.6760,2.6870,2.6760,2.6870,1925,0
20190125,2203,2.6850,2.6860,2.6840,2.6860,1097,0
20190125,2204,2.6860,2.6880,2.6860,2.6880,598,0
20190125,2205,2.6890,2.6890,2.6870,2.6880,490,0
20190125,2206,2.6890,2.6910,2.6890,2.6910,598,0
20190125,2207,2.6910,2.6920,2.6900,2.6900,1137,0
20190125,2208,2.6920,2.6920,2.6880,2.6880,538,0
20190125,2209,2.6880,2.6890,2.6880,2.6890,192,0
20190125,2210,2.6890,2.6910,2.6890,2.6900,237,0
20190125,2211,2.6890,2.6910,2.6890,2.6890,263,0
20190125,2212,2.6900,2.6900,2.6890,2.6890,219,0
20190125,2213,2.6890,2.6910,2.6890,2.6910,166,0
20190125,2214,2.6920,2.6920,2.6900,2.6910,120,0
20190125,2215,2.6910,2.6930,2.6910,2.6930,157,0
20190125,2216,2.6930,2.6940,2.6930,2.6940,342,0
20190125,2217,2.6940,2.6960,2.6940,2.6940,437,0
20190125,2218,2.6930,2.6950,2.6930,2.6950,677,0
20190125,2219,2.6950,2.6950,2.6940,2.6940,272,0
20190125,2220,2.6940,2.6960,2.6940,2.6960,125,0
20190125,2221,2.6950,2.6970,2.6950,2.6970,377,0
20190125,2222,2.6970,2.6970,2.6960,2.6970,163,0
20190125,2223,2.6960,2.6960,2.6960,2.6960,249,0
20190125,2224,2.6960,2.6990,2.6960,2.6990,832,0
20190125,2225,2.6990,2.6990,2.6960,2.6960,374,0
20190125,2226,2.6970,2.6980,2.6960,2.6960,172,0
20190125,2227,2.6960,2.6960,2.6950,2.6950,189,0
20190125,2228,2.6950,2.6950,2.6940,2.6950,180,0
20190125,2229,2.6960,2.6980,2.6960,2.6970,206,0
20190125,2230,2.6980,2.6980,2.6980,2.6980,297,0
20190125,2231,2.6980,2.6980,2.6980,2.6980,226,0
20190125,2232,2.6980,2.6980,2.6950,2.6950,241,0
20190125,2233,2.6960,2.6970,2.6960,2.6970,190,0
20190125,2234,2.6970,2.6970,2.6950,2.6960,129,0
20190125,2235,2.6960,2.6970,2.6960,2.6960,137,0
20190125,2236,2.6960,2.6970,2.6960,2.6970,102,0
20190125,2237,2.6960,2.6960,2.6940,2.6950,246,0
20190125,2238,2.6950,2.6960,2.6940,2.6940,200,0
20190125,2239,2.6940,2.6940,2.6930,2.6940,176,0
20190125,2240,2.6930,2.6970,2.6930,2.6970,170,0
20190125,2241,2.6960,2.6970,2.6960,2.6970,83,0
20190125,2242,2.6970,2.6970,2.6960,2.6960,126,0
20190125,2243,2.6960,2.6980,2.6960,2.6980,130,0
20190125,2244,2.6980,2.7010,2.6980,2.7010,331,0
20190125,2245,2.7010,2.7030,2.7010,2.7020,454,0
20190125,2246,2.7020,2.7020,2.7000,2.7020,178,0
20190125,2247,2.7020,2.7040,2.7020,2.7030,241,0
20190125,2248,2.7030,2.7040,2.7030,2.7030,183,0
20190125,2249,2.7030,2.7030,2.7010,2.7020,456,0
20190125,2250,2.7020,2.7030,2.7020,2.7020,541,0
20190125,2251,2.7020,2.7020,2.7010,2.7010,121,0
20190125,2252,2.7020,2.7040,2.7020,2.7030,129,0
20190125,2253,2.7030,2.7040,2.7030,2.7030,165,0
20190125,2254,2.7030,2.7030,2.7020,2.7020,78,0
20190125,2255,2.7020,2.7030,2.7010,2.7020,176,0
20190125,2256,2.7020,2.7020,2.7000,2.7010,72,0
20190125,2257,2.7000,2.7020,2.7000,2.7010,66,0
20190125,2258,2.7010,2.7010,2.7010,2.7010,50,0
20190125,2259,2.7010,2.7010,2.7000,2.7000,89,0
20190125,2300,2.7000,2.7010,2.7000,2.7010,129,0
20190125,2301,2.7020,2.7020,2.7020,2.7020,153,0
20190125,2302,2.7020,2.7030,2.7020,2.7030,134,0
20190125,2303,2.7030,2.7030,2.7020,2.7020,92,0
20190125,2304,2.7020,2.7040,2.7020,2.7030,153,0
20190125,2305,2.7030,2.7030,2.7020,2.7020,142,0
20190125,2306,2.7030,2.7030,2.7020,2.7030,83,0
20190125,2307,2.7030,2.7040,2.7030,2.7040,113,0
20190125,2308,2.7040,2.7050,2.7040,2.7050,301,0
20190125,2309,2.7060,2.7060,2.7050,2.7060,156,0
20190125,2310,2.7070,2.7080,2.7070,2.7080,632,0
20190125,2311,2.7070,2.7080,2.7070,2.7070,211,0
20190125,2312,2.7070,2.7090,2.7070,2.7080,78,0
20190125,2313,2.7090,2.7090,2.7090,2.7090,180,0
20190125,2314,2.7090,2.7090,2.7080,2.7090,196,0
20190125,2315,2.7090,2.7100,2.7090,2.7090,155,0
20190125,2316,2.7090,2.7090,2.7080,2.7080,99,0
20190125,2317,2.7080,2.7080,2.7080,2.7080,162,0
20190125,2318,2.7080,2.7080,2.7070,2.7080,301,0
20190125,2319,2.7090,2.7100,2.7080,2.7090,367,0
20190125,2320,2.7100,2.7100,2.7090,2.7090,90,0
20190125,2321,2.7090,2.7090,2.7070,2.7070,117,0
20190125,2322,2.7080,2.7090,2.7070,2.7090,261,0
20190125,2323,2.7090,2.7100,2.7090,2.7090,147,0
20190125,2324,2.7090,2.7120,2.7090,2.7120,421,0
20190125,2325,2.7120,2.7120,2.7110,2.7110,257,0
20190125,2326,2.7100,2.7120,2.7100,2.7110,230,0
20190125,2327,2.7110,2.7110,2.7060,2.7080,441,0
20190125,2328,2.7080,2.7080,2.7070,2.7070,98,0
20190125,2329,2.7080,2.7080,2.7080,2.7080,62,0
20190125,2330,2.7080,2.7110,2.7080,2.7110,884,0
20190125,2331,2.7110,2.7120,2.7110,2.7110,274,0
20190125,2332,2.7120,2.7120,2.7090,2.7090,226,0
20190125,2333,2.7100,2.7110,2.7100,2.7100,157,0
20190125,2334,2.7110,2.7130,2.7110,2.7120,174,0
20190125,2335,2.7120,2.7130,2.7120,2.7130,193,0
20190125,2336,2.7130,2.7130,2.7110,2.7120,202,0
20190125,2337,2.7120,2.7140,2.7120,2.7140,395,0
20190125,2338,2.7150,2.7160,2.7150,2.7150,349,0
20190125,2339,2.7160,2.7160,2.7110,2.7120,305,0
20190125,2340,2.7110,2.7120,2.7110,2.7120,101,0
20190125,2341,2.7130,2.7140,2.7130,2.7140,120,0
20190125,2342,2.7130,2.7140,2.7120,2.7120,106,0
20190125,2343,2.7130,2.7130,2.7120,2.7120,97,0
20190125,2344,2.7130,2.7140,2.7130,2.7130,142,0
20190125,2345,2.7130,2.7140,2.7130,2.7140,103,0
20190125,2346,2.7140,2.7150,2.7130,2.7130,133,0
20190125,2347,2.7130,2.7140,2.7130,2.7130,84,0
20190125,2348,2.7130,2.7140,2.7130,2.7130,100,0
20190125,2349,2.7130,2.7130,2.7120,2.7120,145,0
20190125,2350,2.7120,2.7120,2.7110,2.7110,177,0
20190125,2351,2.7110,2.7120,2.7110,2.7110,122,0
20190125,2352,2.7110,2.7120,2.7110,2.7120,153,0
20190125,2353,2.7120,2.7140,2.7120,2.7130,261,0
20190125,2354,2.7140,2.7140,2.7120,2.7120,95,0
20190125,2355,2.7120,2.7130,2.7120,2.7130,247,0
20190125,2356,2.7130,2.7130,2.7120,2.7130,352,0
20190125,2357,2.7130,2.7130,2.7130,2.7130,97,0
20190125,2358,2.7130,2.7130,2.7120,2.7120,69,0
20190125,2359,2.7130,2.7130,2.7120,2.7120,83,0
20190126,0000,2.7120,2.7130,2.7120,2.7120,72,0
20190126,0001,2.7120,2.7120,2.7110,2.7110,111,0
20190126,0002,2.7110,2.7120,2.7110,2.7110,108,0
20190126,0003,2.7110,2.7110,2.7110,2.7110,73,0
20190126,0004,2.7120,2.7120,2.7100,2.7100,340,0
20190126,0005,2.7100,2.7100,2.7090,2.7100,161,0
20190126,0006,2.7100,2.7100,2.7090,2.7090,195,0
20190126,0007,2.7100,2.7100,2.7090,2.7100,126,0
20190126,0008,2.7100,2.7120,2.7100,2.7120,151,0
20190126,0009,2.7120,2.7130,2.7120,2.7120,126,0
20190126,0010,2.7120,2.7130,2.7120,2.7120,161,0
20190126,0011,2.7120,2.7120,2.7120,2.7120,37,0
20190126,0012,2.7120,2.7120,2.7120,2.7120,18,0
20190126,0013,2.7120,2.7120,2.7120,2.7120,100,0
20190126,0014,2.7120,2.7120,2.7120,2.7120,45,0
20190126,0015,2.7120,2.7120,2.7110,2.7120,128,0
20190126,0016,2.7120,2.7120,2.7120,2.7120,234,0
20190126,0017,2.7130,2.7130,2.7130,2.7130,659,0
20190126,0018,2.7130,2.7140,2.7130,2.7140,62,0
20190126,0019,2.7140,2.7140,2.7140,2.7140,109,0
20190126,0020,2.7140,2.7160,2.7140,2.7160,184,0
20190126,0021,2.7160,2.7160,2.7160,2.7160,271,0
20190126,0022,2.7160,2.7160,2.7150,2.7160,675,0
20190126,0023,2.7150,2.7160,2.7150,2.7160,127,0
20190126,0024,2.7160,2.7160,2.7150,2.7160,110,0
20190126,0025,2.7160,2.7160,2.7150,2.7160,165,0
20190126,0026,2.7160,2.7160,2.7150,2.7150,89,0
20190126,0027,2.7160,2.7160,2.7140,2.7150,74,0
20190126,0028,2.7150,2.7160,2.7150,2.7160,145,0
20190126,0029,2.7160,2.7170,2.7160,2.7170,358,0
20190126,0030,2.7160,2.7170,2.7160,2.7160,285,0
20190126,0031,2.7160,2.7160,2.7160,2.7160,105,0
20190126,0032,2.7160,2.7160,2.7140,2.7140,197,0
20190126,0033,2.7140,2.7140,2.7130,2.7130,119,0
20190126,0034,2.7130,2.7150,2.7130,2.7150,429,0
20190126,0035,2.7150,2.7160,2.7150,2.7160,198,0
20190126,0036,2.7160,2.7160,2.7160,2.7160,311,0
20190126,0037,2.7160,2.7180,2.7160,2.7170,217,0
20190126,0038,2.7170,2.7180,2.7170,2.7180,461,0
20190126,0039,2.7180,2.7180,2.7170,2.7170,233,0
20190126,0040,2.7180,2.7180,2.7180,2.7180,79,0
20190126,0041,2.7180,2.7190,2.7180,2.7190,179,0
20190126,0042,2.7190,2.7190,2.7180,2.7180,121,0
20190126,0043,2.7180,2.7190,2.7180,2.7180,90,0
20190126,0044,2.7190,2.7190,2.7180,2.7180,112,0
20190126,0045,2.7180,2.7180,2.7170,2.7180,207,0
20190126,0046,2.7180,2.7180,2.7180,2.7180,66,0
20190126,0047,2.7180,2.7180,2.7170,2.7170,137,0
20190126,0048,2.7170,2.7170,2.7170,2.7170,209,0
20190126,0049,2.7170,2.7170,2.7170,2.7170,156,0
20190126,0050,2.7170,2.7180,2.7170,2.7170,96,0
20190126,0051,2.7170,2.7180,2.7170,2.7180,90,0
20190126,0052,2.7180,2.7180,2.7170,2.7180,137,0
20190126,0053,2.7180,2.7180,2.7170,2.7170,48,0
20190126,0054,2.7160,2.7170,2.7160,2.7160,32,0
20190126,0055,2.7160,2.7160,2.7150,2.7150,479,0
20190126,0056,2.7150,2.7160,2.7150,2.7160,168,0
20190126,0057,2.7160,2.7160,2.7150,2.7150,22,0
20190126,0058,2.7160,2.7160,2.7160,2.7160,86,0
20190126,0059,2.7160,2.7180,2.7160,2.7180,56,0
20190126,0100,2.7170,2.7180,2.7160,2.7160,124,0
20190126,0101,2.7160,2.7160,2.7140,2.7140,76,0
20190126,0102,2.7150,2.7150,2.7150,2.7150,34,0
20190126,0103,2.7150,2.7160,2.7150,2.7160,82,0
20190126,0104,2.7160,2.7160,2.7140,2.7150,58,0
20190126,0105,2.7150,2.7160,2.7140,2.7150,137,0
20190126,0106,2.7140,2.7160,2.7140,2.7150,77,0
20190126,0107,2.7150,2.7160,2.7150,2.7150,45,0
20190126,0108,2.7160,2.7170,2.7160,2.7170,46,0
20190126,0109,2.7170,2.7180,2.7160,2.7180,121,0
20190126,0110,2.7180,2.7190,2.7170,2.7180,144,0
20190126,0111,2.7190,2.7190,2.7190,2.7190,73,0
20190126,0112,2.7190,2.7190,2.7190,2.7190,68,0
20190126,0113,2.7200,2.7200,2.7190,2.7190,390,0
20190126,0114,2.7190,2.7190,2.7190,2.7190,46,0
20190126,0115,2.7190,2.7200,2.7190,2.7200,217,0
20190126,0116,2.7200,2.7210,2.7200,2.7210,169,0
20190126,0117,2.7220,2.7220,2.7210,2.7210,45,0
20190126,0118,2.7220,2.7220,2.7210,2.7210,166,0
20190126,0119,2.7210,2.7220,2.7210,2.7220,28,0
20190126,0120,2.7220,2.7220,2.7210,2.7220,128,0
20190126,0121,2.7220,2.7220,2.7220,2.7220,120,0
20190126,0122,2.7220,2.7220,2.7210,2.7220,548,0
20190126,0123,2.7210,2.7220,2.7210,2.7220,57,0
20190126,0124,2.7220,2.7230,2.7220,2.7220,51,0
20190126,0125,2.7230,2.7240,2.7220,2.7240,134,0
20190126,0126,2.7240,2.7240,2.7230,2.7230,227,0
20190126,0127,2.7240,2.7240,2.7230,2.7240,112,0
20190126,0128,2.7240,2.7240,2.7240,2.7240,43,0
20190126,0129,2.7240,2.7240,2.7240,2.7240,80,0
20190126,0130,2.7240,2.7240,2.7240,2.7240,165,0
20190126,0131,2.7240,2.7240,2.7220,2.7230,290,0
20190126,0132,2.7220,2.7230,2.7220,2.7230,132,0
20190126,0133,2.7220,2.7230,2.7220,2.7230,102,0
20190126,0134,2.7230,2.7230,2.7230,2.7230,79,0
20190126,0135,2.7230,2.7240,2.7230,2.7240,84,0
20190126,0136,2.7240,2.7240,2.7230,2.7240,72,0
20190126,0137,2.7240,2.7240,2.7240,2.7240,20,0
20190126,0138,2.7240,2.7250,2.7230,2.7240,89,0
20190126,0139,2.7240,2.7250,2.7240,2.7250,111,0
20190126,0140,2.7250,2.7250,2.7240,2.7250,316,0
20190126,0141,2.7250,2.7260,2.7250,2.7260,380,0
20190126,0142,2.7260,2.7260,2.7250,2.7250,551,0
20190126,0143,2.7240,2.7240,2.7240,2.7240,62,0
20190126,0144,2.7240,2.7240,2.7240,2.7240,22,0
20190126,0145,2.7240,2.7240,2.7230,2.7240,92,0
20190126,0146,2.7240,2.7240,2.7230,2.7230,191,0
20190126,0147,2.7230,2.7240,2.7230,2.7240,219,0
20190126,0148,2.7240,2.7240,2.7240,2.7240,90,0
20190126,0149,2.7240,2.7250,2.7240,2.7250,105,0
20190126,0150,2.7250,2.7270,2.7250,2.7260,1044,0
20190126,0151,2.7250,2.7260,2.7250,2.7260,218,0
20190126,0152,2.7260,2.7280,2.7260,2.7270,175,0
20190126,0153,2.7270,2.7280,2.7270,2.7280,174,0
20190126,0154,2.7280,2.7300,2.7270,2.7280,381,0
20190126,0155,2.7280,2.7280,2.7270,2.7280,168,0
20190126,0156,2.7290,2.7290,2.7270,2.7270,135,0
20190126,0157,2.7270,2.7280,2.7270,2.7280,315,0
20190126,0158,2.7280,2.7280,2.7270,2.7270,532,0
20190126,0159,2.7290,2.7300,2.7270,2.7290,2675,0
20190126,0200,2.7280,2.7300,2.7280,2.7280,618,0
20190126,0201,2.7280,2.7280,2.7260,2.7260,171,0
20190126,0202,2.7270,2.7270,2.7260,2.7260,107,0
20190126,0203,2.7260,2.7260,2.7250,2.7250,165,0
20190126,0204,2.7250,2.7250,2.7250,2.7250,109,0
20190126,0205,2.7250,2.7250,2.7240,2.7240,92,0
20190126,0206,2.7240,2.7240,2.7230,2.7240,131,0
20190126,0207,2.7240,2.7240,2.7220,2.7230,195,0
20190126,0208,2.7220,2.7230,2.7220,2.7230,73,0
20190126,0209,2.7230,2.7240,2.7220,2.7230,293,0
20190126,0210,2.7230,2.7240,2.7230,2.7240,30,0
20190126,0211,2.7240,2.7250,2.7240,2.7250,65,0
20190126,0212,2.7250,2.7250,2.7250,2.7250,29,0
20190126,0213,2.7250,2.7260,2.7250,2.7260,17,0
20190126,0214,2.7250,2.7260,2.7250,2.7250,46,0
20190126,0215,2.7250,2.7260,2.7250,2.7260,46,0
20190126,0216,2.7260,2.7260,2.7260,2.7260,21,0
20190126,0217,2.7260,2.7260,2.7250,2.7260,84,0
20190126,0218,2.7260,2.7270,2.7260,2.7260,26,0
20190126,0219,2.7260,2.7270,2.7260,2.7260,61,0
20190126,0220,2.7260,2.7260,2.7250,2.7260,17,0
20190126,0221,2.7260,2.7270,2.7260,2.7260,36,0
20190126,0222,2.7260,2.7260,2.7260,2.7260,22,0
20190126,0223,2.7260,2.7270,2.7260,2.7270,28,0
20190126,0224,2.7270,2.7270,2.7270,2.7270,33,0
20190126,0225,2.7270,2.7280,2.7270,2.7280,56,0
20190126,0226,2.7280,2.7280,2.7270,2.7270,21,0
20190126,0227,2.7270,2.7280,2.7270,2.7270,37,0
20190126,0228,2.7280,2.7290,2.7280,2.7280,108,0
20190126,0229,2.7290,2.7290,2.7280,2.7280,7,0
20190126,0230,2.7280,2.7280,2.7280,2.7280,35,0
20190126,0231,2.7280,2.7280,2.7280,2.7280,30,0
20190126,0232,2.7280,2.7280,2.7280,2.7280,26,0
20190126,0233,2.7280,2.7280,2.7270,2.7270,41,0
20190126,0234,2.7270,2.7270,2.7270,2.7270,15,0
20190126,0235,2.7270,2.7270,2.7270,2.7270,15,0
20190126,0236,2.7270,2.7270,2.7270,2.7270,16,0
20190126,0237,2.7270,2.7270,2.7270,2.7270,21,0
20190126,0238,2.7270,2.7270,2.7260,2.7260,18,0
20190126,0239,2.7260,2.7270,2.7260,2.7270,36,0
20190126,0240,2.7270,2.7270,2.7270,2.7270,20,0
20190126,0241,2.7270,2.7280,2.7270,2.7280,51,0
20190126,0242,2.7280,2.7280,2.7280,2.7280,25,0
20190126,0243,2.7280,2.7280,2.7270,2.7270,26,0
20190126,0244,2.7270,2.7270,2.7270,2.7270,14,0
20190126,0245,2.7270,2.7270,2.7270,2.7270,24,0
20190126,0246,2.7270,2.7270,2.7270,2.7270,74,0
20190126,0247,2.7270,2.7270,2.7260,2.7270,14,0
20190126,0248,2.7270,2.7270,2.7260,2.7260,30,0
20190126,0249,2.7260,2.7260,2.7250,2.7260,32,0
20190126,0250,2.7260,2.7260,2.7250,2.7250,42,0
20190126,0251,2.7250,2.7270,2.7250,2.7270,60,0
20190126,0252,2.7270,2.7280,2.7270,2.7280,60,0
20190126,0253,2.7270,2.7280,2.7270,2.7280,24,0
20190126,0254,2.7280,2.7280,2.7280,2.7280,14,0
20190126,0255,2.7280,2.7280,2.7280,2.7280,25,0
20190126,0256,2.7280,2.7280,2.7270,2.7270,28,0
20190126,0257,2.7270,2.7270,2.7270,2.7270,90,0
20190126,0258,2.7280,2.7280,2.7270,2.7270,32,0
20190126,0259,2.7270,2.7280,2.7270,2.7270,17,0
20190126,0300,2.7270,2.7280,2.7270,2.7280,8,0
20190126,0301,2.7280,2.7280,2.7280,2.7280,7,0
20190126,0302,2.7280,2.7280,2.7280,2.7280,7,0
20190126,0303,2.7280,2.7280,2.7280,2.7280,4,0
20190126,0304,2.7280,2.7290,2.7280,2.7280,42,0
20190126,0305,2.7280,2.7280,2.7280,2.7280,24,0
20190126,0306,2.7280,2.7280,2.7280,2.7280,7,0
20190126,0307,2.7280,2.7280,2.7280,2.7280,12,0
20190126,0308,2.7280,2.7280,2.7270,2.7270,58,0
20190126,0309,2.7270,2.7270,2.7270,2.7270,24,0
20190126,0310,2.7270,2.7270,2.7270,2.7270,2,0
20190126,0311,2.7270,2.7280,2.7270,2.7280,26,0
20190126,0312,2.7280,2.7290,2.7280,2.7290,23,0
20190126,0313,2.7290,2.7290,2.7290,2.7290,2,0
20190126,0314,2.7290,2.7290,2.7290,2.7290,17,0
20190126,0315,2.7290,2.7290,2.7280,2.7280,19,0
20190126,0316,2.7280,2.7280,2.7270,2.7270,15,0
20190126,0317,2.7270,2.7280,2.7270,2.7280,26,0
20190126,0318,2.7280,2.7280,2.7280,2.7280,31,0
20190126,0319,2.7280,2.7280,2.7280,2.7280,0,0
20190126,0320,2.7280,2.7280,2.7280,2.7280,6,0
20190126,0321,2.7280,2.7280,2.7270,2.7270,26,0
20190126,0322,2.7270,2.7270,2.7260,2.7260,15,0
20190126,0323,2.7260,2.7270,2.7260,2.7270,21,0
20190126,0324,2.7270,2.7270,2.7270,2.7270,15,0
20190126,0325,2.7270,2.7270,2.7270,2.7270,25,0
20190126,0326,2.7270,2.7270,2.7260,2.7260,13,0
20190126,0327,2.7260,2.7260,2.7250,2.7250,11,0
20190126,0328,2.7260,2.7260,2.7250,2.7250,35,0
20190126,0329,2.7250,2.7250,2.7250,2.7250,22,0
20190126,0330,2.7250,2.7250,2.7250,2.7250,43,0
20190126,0331,2.7260,2.7260,2.7250,2.7250,25,0
20190126,0332,2.7250,2.7250,2.7250,2.7250,12,0
20190126,0333,2.7250,2.7250,2.7250,2.7250,9,0
20190126,0334,2.7250,2.7250,2.7250,2.7250,9,0
20190126,0335,2.7250,2.7270,2.7250,2.7270,26,0
20190126,0336,2.7270,2.7270,2.7260,2.7270,14,0
20190126,0337,2.7280,2.7280,2.7280,2.7280,30,0
20190126,0338,2.7270,2.7270,2.7270,2.7270,25,0
20190126,0339,2.7270,2.7270,2.7270,2.7270,13,0
20190126,0340,2.7270,2.7270,2.7270,2.7270,0,0
20190126,0341,2.7270,2.7270,2.7270,2.7270,14,0
20190126,0342,2.7270,2.7270,2.7270,2.7270,3,0
20190126,0343,2.7270,2.7270,2.7270,2.7270,18,0
20190126,0344,2.7270,2.7270,2.7270,2.7270,2,0
20190126,0345,2.7270,2.7280,2.7270,2.7270,19,0
20190126,0346,2.7270,2.7270,2.7270,2.7270,10,0
20190126,0347,2.7270,2.7280,2.7270,2.7280,14,0
20190126,0348,2.7270,2.7280,2.7270,2.7280,3,0
20190126,0349,2.7280,2.7280,2.7280,2.7280,2,0
20190126,0350,2.7280,2.7280,2.7280,2.7280,2,0
20190126,0351,2.7280,2.7280,2.7280,2.7280,8,0
20190126,0352,2.7290,2.7290,2.7270,2.7270,31,0
20190126,0353,2.7270,2.7270,2.7270,2.7270,9,0
20190126,0354,2.7270,2.7280,2.7270,2.7280,8,0
20190126,0355,2.7280,2.7280,2.7270,2.7280,17,0
20190126,0356,2.7280,2.7280,2.7270,2.7270,10,0
20190126,0357,2.7270,2.7270,2.7270,2.7270,1,0
20190126,0358,2.7270,2.7280,2.7270,2.7280,31,0
20190126,0359,2.7280,2.7280,2.7280,2.7280,7,0
20190126,0400,2.7280,2.7290,2.7280,2.7280,5,0
20190126,0401,2.7280,2.7290,2.7280,2.7290,7,0
20190126,0402,2.7290,2.7290,2.7290,2.7290,1,0
20190126,0403,2.7290,2.7290,2.7290,2.7290,11,0
20190126,0404,2.7290,2.7290,2.7280,2.7280,16,0
20190126,0405,2.7280,2.7280,2.7280,2.7280,8,0
20190126,0406,2.7280,2.7290,2.7280,2.7290,27,0
20190126,0407,2.7290,2.7290,2.7290,2.7290,0,0
20190126,0408,2.7290,2.7290,2.7280,2.7280,18,0
20190126,0409,2.7280,2.7300,2.7280,2.7300,83,0
20190126,0410,2.7300,2.7300,2.7300,2.7300,9,0
20190126,0411,2.7300,2.7300,2.7300,2.7300,2,0
20190126,0412,2.7300,2.7300,2.7300,2.7300,1,0
20190126,0413,2.7300,2.7300,2.7300,2.7300,7,0
20190126,0414,2.7300,2.7300,2.7300,2.7300,5,0
20190126,0415,2.7300,2.7300,2.7300,2.7300,16,0
20190126,0416,2.7300,2.7300,2.7300,2.7300,10,0
20190126,0417,2.7290,2.7300,2.7290,2.7300,15,0
20190126,0418,2.7300,2.7310,2.7300,2.7300,17,0
20190126,0419,2.7300,2.7300,2.7300,2.7300,8,0
20190126,0420,2.7300,2.7300,2.7300,2.7300,17,0
20190126,0421,2.7300,2.7310,2.7300,2.7310,30,0
20190126,0422,2.7310,2.7310,2.7310,2.7310,4,0
20190126,0423,2.7310,2.7310,2.7310,2.7310,8,0
20190126,0424,2.7310,2.7310,2.7310,2.7310,27,0
20190126,0425,2.7310,2.7310,2.7300,2.7300,2,0
20190126,0426,2.7300,2.7300,2.7300,2.7300,4,0
20190126,0427,2.7300,2.7300,2.7300,2.7300,14,0
20190126,0428,2.7300,2.7300,2.7300,2.7300,2,0
20190126,0429,2.7300,2.7300,2.7300,2.7300,8,0
20190126,0430,2.7300,2.7300,2.7290,2.7290,19,0
20190126,0431,2.7290,2.7300,2.7290,2.7300,14,0
20190126,0432,2.7300,2.7300,2.7290,2.7290,9,0
20190126,0433,2.7290,2.7290,2.7290,2.7290,4,0
20190126,0434,2.7290,2.7300,2.7290,2.7300,35,0
20190126,0435,2.7300,2.7300,2.7290,2.7300,11,0
20190126,0436,2.7290,2.7300,2.7290,2.7290,24,0
20190126,0437,2.7290,2.7290,2.7290,2.7290,1,0
20190126,0438,2.7290,2.7300,2.7290,2.7300,12,0
20190126,0439,2.7300,2.7300,2.7300,2.7300,14,0
20190126,0440,2.7300,2.7300,2.7300,2.7300,9,0
20190126,0441,2.7300,2.7310,2.7300,2.7310,25,0
20190126,0442,2.7310,2.7310,2.7300,2.7310,13,0
20190126,0443,2.7310,2.7310,2.7310,2.7310,8,0
20190126,0444,2.7310,2.7310,2.7310,2.7310,20,0
20190126,0445,2.7310,2.7320,2.7310,2.7320,16,0
20190126,0446,2.7320,2.7320,2.7310,2.7310,39,0
20190126,0447,2.7310,2.7310,2.7300,2.7300,20,0
20190126,0448,2.7300,2.7310,2.7300,2.7300,10,0
20190126,0449,2.7300,2.7300,2.7300,2.7300,0,0
20190126,0450,2.7300,2.7310,2.7300,2.7310,14,0
20190126,0451,2.7310,2.7310,2.7300,2.7300,17,0
20190126,0452,2.7300,2.7300,2.7300,2.7300,11,0
20190126,0453,2.7300,2.7300,2.7300,2.7300,24,0
20190126,0454,2.7300,2.7300,2.7300,2.7300,23,0
20190126,0455,2.7300,2.7310,2.7300,2.7310,26,0
20190126,0456,2.7310,2.7320,2.7310,2.7320,46,0
20190126,0457,2.7320,2.7330,2.7320,2.7330,98,0
20190126,0458,2.7330,2.7330,2.7320,2.7320,16,0
20190126,0459,2.7320,2.7330,2.7320,2.7330,22,0
20190126,0500,2.7330,2.7360,2.7330,2.7360,321,0
20190126,0501,2.7360,2.7360,2.7350,2.7350,31,0
20190126,0502,2.7350,2.7350,2.7350,2.7350,8,0
20190126,0503,2.7350,2.7360,2.7350,2.7360,22,0
20190126,0504,2.7360,2.7360,2.7360,2.7360,29,0
20190126,0505,2.7370,2.7370,2.7370,2.7370,28,0
20190126,0506,2.7370,2.7370,2.7350,2.7350,39,0
20190126,0507,2.7350,2.7360,2.7350,2.7360,12,0
20190126,0508,2.7360,2.7370,2.7360,2.7370,16,0
20190126,0509,2.7360,2.7360,2.7360,2.7360,2,0
20190126,0510,2.7360,2.7360,2.7360,2.7360,15,0
20190126,0511,2.7360,2.7360,2.7360,2.7360,4,0
20190126,0512,2.7360,2.7360,2.7360,2.7360,19,0
20190126,0513,2.7360,2.7360,2.7350,2.7350,42,0
20190126,0514,2.7350,2.7350,2.7350,2.7350,30,0
20190126,0515,2.7350,2.7360,2.7350,2.7350,5,0
20190126,0516,2.7350,2.7350,2.7350,2.7350,11,0
20190126,0517,2.7350,2.7350,2.7340,2.7340,36,0
20190126,0518,2.7340,2.7340,2.7330,2.7330,23,0
20190126,0519,2.7340,2.7340,2.7320,2.7320,43,0
20190126,0520,2.7330,2.7330,2.7330,2.7330,19,0
20190126,0521,2.7330,2.7330,2.7330,2.7330,2,0
20190126,0522,2.7330,2.7330,2.7320,2.7330,10,0
20190126,0523,2.7330,2.7330,2.7320,2.7320,14,0
20190126,0524,2.7320,2.7320,2.7320,2.7320,2,0
20190126,0525,2.7320,2.7330,2.7320,2.7320,14,0
20190126,0526,2.7320,2.7320,2.7320,2.7320,2,0
20190126,0527,2.7320,2.7320,2.7320,2.7320,6,0
20190126,0528,2.7320,2.7320,2.7320,2.7320,1,0
20190126,0529,2.7320,2.7330,2.7310,2.7320,27,0
20190126,0530,2.7320,2.7320,2.7310,2.7320,66,0
20190126,0531,2.7320,2.7320,2.7320,2.7320,2,0
20190126,0532,2.7320,2.7330,2.7320,2.7330,12,0
20190126,0533,2.7330,2.7330,2.7320,2.7320,1,0
20190126,0534,2.7320,2.7330,2.7320,2.7330,3,0
20190126,0535,2.7330,2.7330,2.7330,2.7330,4,0
20190126,0536,2.7330,2.7330,2.7330,2.7330,1,0
20190126,0537,2.7330,2.7330,2.7330,2.7330,4,0
20190126,0538,2.7330,2.7330,2.7330,2.7330,0,0
20190126,0539,2.7330,2.7330,2.7330,2.7330,3,0
20190126,0540,2.7330,2.7330,2.7330,2.7330,7,0
20190126,0541,2.7330,2.7330,2.7330,2.7330,10,0
20190126,0542,2.7330,2.7340,2.7330,2.7340,10,0
20190126,0543,2.7340,2.7340,2.7340,2.7340,2,0
20190126,0544,2.7340,2.7340,2.7340,2.7340,2,0
20190126,0545,2.7330,2.7340,2.7330,2.7330,11,0
20190126,0546,2.7330,2.7330,2.7330,2.7330,15,0
20190126,0547,2.7330,2.7330,2.7330,2.7330,1,0
20190126,0548,2.7330,2.7330,2.7330,2.7330,4,0
20190126,0549,2.7340,2.7340,2.7330,2.7330,6,0
20190126,0550,2.7330,2.7340,2.7330,2.7330,21,0
20190126,0551,2.7330,2.7330,2.7330,2.7330,1,0
20190126,0552,2.7330,2.7340,2.7330,2.7340,6,0
20190126,0553,2.7340,2.7340,2.7330,2.7330,18,0
20190126,0554,2.7330,2.7340,2.7330,2.7340,1,0
20190126,0555,2.7330,2.7340,2.7330,2.7340,19,0
20190126,0556,2.7340,2.7340,2.7330,2.7330,16,0
20190126,0557,2.7340,2.7340,2.7330,2.7340,30,0
20190126,0558,2.7340,2.7340,2.7330,2.7340,19,0
20190126,0559,2.7340,2.7340,2.7330,2.7330,10,0
20190126,0600,2.7330,2.7330,2.7330,2.7330,0,0
20190128,0700,2.7330,2.7330,2.7320,2.7330,82,0
20190128,0701,2.7330,2.7330,2.7320,2.7320,56,0
20190128,0702,2.7320,2.7330,2.7320,2.7320,61,0
20190128,0703,2.7320,2.7320,2.7300,2.7310,61,0
20190128,0704,2.7300,2.7300,2.7290,2.7300,58,0
20190128,0705,2.7300,2.7300,2.7290,2.7290,59,0
20190128,0706,2.7300,2.7300,2.7290,2.7290,17,0
20190128,0707,2.7290,2.7290,2.7290,2.7290,23,0
20190128,0708,2.7290,2.7290,2.7290,2.7290,34,0
20190128,0709,2.7290,2.7300,2.7290,2.7300,3,0
20190128,0710,2.7300,2.7300,2.7300,2.7300,10,0
20190128,0711,2.7300,2.7300,2.7290,2.7290,19,0
20190128,0712,2.7290,2.7300,2.7290,2.7300,22,0
20190128,0713,2.7300,2.7300,2.7280,2.7280,17,0
20190128,0714,2.7280,2.7290,2.7280,2.7280,44,0
20190128,0715,2.7280,2.7280,2.7280,2.7280,0,0
20190128,0716,2.7280,2.7280,2.7280,2.7280,2,0
20190128,0717,2.7280,2.7280,2.7280,2.7280,1,0
20190128,0718,2.7280,2.7280,2.7270,2.7270,35,0
20190128,0719,2.7280,2.7280,2.7270,2.7280,5,0
20190128,0720,2.7280,2.7280,2.7270,2.7280,7,0
20190128,0721,2.7280,2.7280,2.7270,2.7270,3,0
20190128,0722,2.7270,2.7270,2.7270,2.7270,3,0
20190128,0723,2.7270,2.7280,2.7270,2.7280,1,0
20190128,0724,2.7280,2.7280,2.7280,2.7280,15,0
20190128,0725,2.7280,2.7280,2.7280,2.7280,5,0
20190128,0726,2.7280,2.7290,2.7280,2.7290,50,0
20190128,0727,2.7290,2.7290,2.7290,2.7290,0,0
20190128,0730,2.7290,2.7290,2.7290,2.7290,3,0
20190128,0731,2.7290,2.7300,2.7290,2.7300,30,0
20190128,0732,2.7300,2.7300,2.7300,2.7300,1,0
20190128,0733,2.7300,2.7300,2.7290,2.7290,8,0
20190128,0734,2.7290,2.7290,2.7290,2.7290,1,0
20190128,0735,2.7290,2.7300,2.7290,2.7300,21,0
20190128,0736,2.7300,2.7300,2.7290,2.7290,44,0
20190128,0737,2.7290,2.7290,2.7290,2.7290,0,0
20190128,0738,2.7290,2.7290,2.7290,2.7290,0,0
20190128,0739,2.7290,2.7290,2.7290,2.7290,12,0
20190128,0740,2.7290,2.7290,2.7280,2.7280,2,0
20190128,0741,2.7280,2.7280,2.7280,2.7280,0,0
20190128,0742,2.7280,2.7280,2.7280,2.7280,1,0
20190128,0743,2.7280,2.7280,2.7280,2.7280,15,0
20190128,0744,2.7280,2.7280,2.7270,2.7280,40,0
20190128,0745,2.7270,2.7280,2.7260,2.7270,20,0
20190128,0746,2.7260,2.7270,2.7260,2.7270,10,0
20190128,0747,2.7260,2.7270,2.7260,2.7260,19,0
20190128,0748,2.7260,2.7260,2.7260,2.7260,29,0
20190128,0749,2.7260,2.7260,2.7250,2.7260,14,0
20190128,0750,2.7260,2.7260,2.7250,2.7250,25,0
20190128,0751,2.7250,2.7260,2.7250,2.7260,18,0
20190128,0752,2.7250,2.7260,2.7250,2.7260,5,0
20190128,0753,2.7260,2.7260,2.7260,2.7260,8,0
20190128,0754,2.7260,2.7260,2.7260,2.7260,13,0
20190128,0755,2.7260,2.7260,2.7260,2.7260,1,0
20190128,0756,2.7260,2.7260,2.7260,2.7260,0,0
20190128,0757,2.7260,2.7260,2.7250,2.7250,3,0
20190128,0758,2.7250,2.7250,2.7250,2.7250,1,0
20190128,0759,2.7250,2.7250,2.7250,2.7250,18,0
20190128,0800,2.7250,2.7250,2.7230,2.7240,123,0
20190128,0801,2.7240,2.7240,2.7230,2.7240,46,0
20190128,0802,2.7240,2.7240,2.7240,2.7240,3,0
20190128,0803,2.7240,2.7240,2.7240,2.7240,7,0
20190128,0804,2.7240,2.7240,2.7230,2.7240,35,0
20190128,0805,2.7240,2.7240,2.7230,2.7230,19,0
20190128,0806,2.7230,2.7230,2.7230,2.7230,31,0
20190128,0807,2.7230,2.7240,2.7230,2.7240,18,0
20190128,0808,2.7240,2.7240,2.7240,2.7240,5,0
20190128,0809,2.7240,2.7240,2.7240,2.7240,2,0
20190128,0810,2.7240,2.7240,2.7230,2.7230,8,0
20190128,0811,2.7230,2.7240,2.7230,2.7240,5,0
20190128,0812,2.7240,2.7240,2.7240,2.7240,2,0
20190128,0813,2.7240,2.7250,2.7240,2.7250,10,0
20190128,0814,2.7250,2.7250,2.7240,2.7250,13,0
20190128,0815,2.7250,2.7250,2.7240,2.7240,5,0
20190128,0816,2.7240,2.7240,2.7240,2.7240,3,0
20190128,0817,2.7240,2.7240,2.7240,2.7240,8,0
20190128,0818,2.7240,2.7240,2.7240,2.7240,4,0
20190128,0819,2.7240,2.7240,2.7240,2.7240,3,0
20190128,0820,2.7240,2.7240,2.7240,2.7240,1,0
20190128,0821,2.7240,2.7240,2.7240,2.7240,0,0
20190128,0822,2.7240,2.7250,2.7240,2.7250,19,0
20190128,0823,2.7250,2.7260,2.7250,2.7250,16,0
20190128,0824,2.7250,2.7250,2.7250,2.7250,8,0
20190128,0825,2.7250,2.7250,2.7250,2.7250,7,0
20190128,0826,2.7250,2.7250,2.7240,2.7240,7,0
20190128,0827,2.7240,2.7250,2.7240,2.7250,1,0
20190128,0828,2.7250,2.7250,2.7240,2.7240,5,0
20190128,0829,2.7240,2.7250,2.7240,2.7250,26,0
20190128,0830,2.7250,2.7250,2.7240,2.7250,9,0
20190128,0831,2.7250,2.7250,2.7250,2.7250,2,0
20190128,0832,2.7260,2.7260,2.7260,2.7260,25,0
20190128,0833,2.7260,2.7260,2.7260,2.7260,2,0
20190128,0834,2.7260,2.7260,2.7260,2.7260,4,0
20190128,0835,2.7260,2.7260,2.7260,2.7260,15,0
20190128,0836,2.7260,2.7260,2.7250,2.7250,7,0
20190128,0837,2.7250,2.7250,2.7250,2.7250,5,0
20190128,0838,2.7250,2.7250,2.7250,2.7250,4,0
20190128,0839,2.7250,2.7250,2.7240,2.7240,1,0
20190128,0840,2.7250,2.7250,2.7240,2.7240,9,0
20190128,0841,2.7240,2.7250,2.7240,2.7250,10,0
20190128,0842,2.7250,2.7250,2.7250,2.7250,1,0
20190128,0843,2.7250,2.7250,2.7250,2.7250,11,0
20190128,0844,2.7260,2.7260,2.7260,2.7260,18,0
20190128,0845,2.7260,2.7260,2.7260,2.7260,3,0
20190128,0846,2.7260,2.7260,2.7260,2.7260,3,0
20190128,0847,2.7260,2.7260,2.7250,2.7250,14,0
20190128,0848,2.7250,2.7260,2.7250,2.7260,9,0
20190128,0849,2.7260,2.7260,2.7260,2.7260,3,0
20190128,0850,2.7260,2.7260,2.7260,2.7260,4,0
20190128,0851,2.7260,2.7260,2.7260,2.7260,3,0
20190128,0852,2.7260,2.7260,2.7250,2.7250,13,0
20190128,0853,2.7250,2.7260,2.7250,2.7250,15,0
20190128,0854,2.7250,2.7260,2.7250,2.7260,20,0
20190128,0855,2.7260,2.7260,2.7250,2.7260,17,0
20190128,0856,2.7260,2.7260,2.7260,2.7260,28,0
20190128,0857,2.7260,2.7260,2.7260,2.7260,9,0
20190128,0858,2.7260,2.7260,2.7250,2.7260,13,0
20190128,0859,2.7260,2.7260,2.7260,2.7260,3,0
20190128,0900,2.7260,2.7260,2.7230,2.7230,286,0
20190128,0901,2.7230,2.7230,2.7210,2.7210,277,0
20190128,0902,2.7210,2.7240,2.7210,2.7240,226,0
20190128,0903,2.7240,2.7240,2.7210,2.7210,90,0
20190128,0904,2.7210,2.7220,2.7180,2.7180,245,0
20190128,0905,2.7180,2.7190,2.7170,2.7170,222,0
20190128,0906,2.7180,2.7180,2.7170,2.7170,94,0
20190128,0907,2.7170,2.7180,2.7160,2.7170,162,0
20190128,0908,2.7170,2.7170,2.7160,2.7170,55,0
20190128,0909,2.7170,2.7170,2.7160,2.7160,64,0
20190128,0910,2.7160,2.7160,2.7150,2.7160,129,0
20190128,0911,2.7160,2.7170,2.7150,2.7160,97,0
20190128,0912,2.7160,2.7180,2.7160,2.7170,49,0
20190128,0913,2.7180,2.7180,2.7170,2.7180,62,0
20190128,0914,2.7180,2.7190,2.7180,2.7180,100,0
20190128,0915,2.7180,2.7180,2.7170,2.7180,73,0
20190128,0916,2.7180,2.7180,2.7170,2.7180,18,0
20190128,0917,2.7180,2.7180,2.7180,2.7180,20,0
20190128,0918,2.7180,2.7180,2.7170,2.7170,42,0
20190128,0919,2.7170,2.7170,2.7160,2.7170,118,0
20190128,0920,2.7170,2.7170,2.7150,2.7150,73,0
20190128,0921,2.7150,2.7160,2.7140,2.7140,80,0
20190128,0922,2.7140,2.7150,2.7130,2.7140,98,0
20190128,0923,2.7140,2.7140,2.7140,2.7140,40,0
20190128,0924,2.7140,2.7140,2.7140,2.7140,9,0
20190128,0925,2.7140,2.7150,2.7140,2.7150,16,0
20190128,0926,2.7150,2.7160,2.7150,2.7160,61,0
20190128,0927,2.7160,2.7160,2.7150,2.7150,21,0
20190128,0928,2.7150,2.7160,2.7150,2.7160,28,0
20190128,0929,2.7160,2.7170,2.7160,2.7160,70,0
20190128,0930,2.7160,2.7160,2.7160,2.7160,55,0
20190128,0931,2.7160,2.7160,2.7160,2.7160,24,0
20190128,0932,2.7160,2.7160,2.7150,2.7160,67,0
20190128,0933,2.7160,2.7180,2.7160,2.7180,70,0
20190128,0934,2.7180,2.7200,2.7180,2.7190,121,0
20190128,0935,2.7190,2.7210,2.7190,2.7200,173,0
20190128,0936,2.7200,2.7210,2.7200,2.7210,91,0
20190128,0937,2.7210,2.7210,2.7200,2.7200,53,0
20190128,0938,2.7200,2.7200,2.7190,2.7200,53,0
20190128,0939,2.7200,2.7210,2.7200,2.7200,43,0
20190128,0940,2.7200,2.7210,2.7200,2.7210,44,0
20190128,0941,2.7200,2.7200,2.7200,2.7200,19,0
20190128,0942,2.7200,2.7200,2.7200,2.7200,21,0
20190128,0943,2.7200,2.7220,2.7200,2.7220,50,0
20190128,0944,2.7220,2.7230,2.7220,2.7230,68,0
20190128,0945,2.7220,2.7230,2.7220,2.7220,45,0
20190128,0946,2.7220,2.7220,2.7200,2.7200,66,0
20190128,0947,2.7200,2.7210,2.7200,2.7210,34,0
20190128,0948,2.7210,2.7210,2.7200,2.7200,29,0
20190128,0949,2.7200,2.7210,2.7200,2.7210,21,0
20190128,0950,2.7210,2.7210,2.7200,2.7200,24,0
20190128,0951,2.7200,2.7210,2.7200,2.7200,23,0
20190128,0952,2.7200,2.7210,2.7200,2.7200,31,0
20190128,0953,2.7200,2.7220,2.7200,2.7210,42,0
20190128,0954,2.7210,2.7220,2.7210,2.7220,37,0
20190128,0955,2.7220,2.7220,2.7220,2.7220,31,0
20190128,0956,2.7220,2.7220,2.7210,2.7220,27,0
20190128,0957,2.7220,2.7220,2.7200,2.7210,19,0
20190128,0958,2.7210,2.7220,2.7210,2.7220,31,0
20190128,0959,2.7220,2.7230,2.7210,2.7220,32,0
20190128,1000,2.7230,2.7230,2.7210,2.7210,70,0
20190128,1001,2.7210,2.7210,2.7210,2.7210,8,0
20190128,1002,2.7210,2.7210,2.7210,2.7210,20,0
20190128,1003,2.7210,2.7230,2.7210,2.7220,42,0
20190128,1004,2.7220,2.7230,2.7220,2.7220,21,0
20190128,1005,2.7220,2.7230,2.7220,2.7220,28,0
20190128,1006,2.7220,2.7220,2.7210,2.7210,41,0
20190128,1007,2.7210,2.7210,2.7210,2.7210,28,0
20190128,1008,2.7210,2.7220,2.7210,2.7220,22,0
20190128,1009,2.7220,2.7220,2.7200,2.7210,18,0
20190128,1010,2.7210,2.7210,2.7210,2.7210,14,0
20190128,1011,2.7210,2.7210,2.7210,2.7210,12,0
20190128,1012,2.7210,2.7220,2.7210,2.7220,23,0
20190128,1013,2.7220,2.7220,2.7210,2.7210,13,0
20190128,1014,2.7210,2.7210,2.7200,2.7210,24,0
20190128,1015,2.7210,2.7210,2.7200,2.7200,45,0
20190128,1016,2.7200,2.7210,2.7200,2.7210,10,0
20190128,1017,2.7210,2.7210,2.7190,2.7190,15,0
20190128,1018,2.7190,2.7200,2.7190,2.7190,15,0
20190128,1019,2.7190,2.7190,2.7180,2.7180,115,0
20190128,1020,2.7180,2.7180,2.7160,2.7160,58,0
20190128,1021,2.7160,2.7170,2.7130,2.7140,258,0
20190128,1022,2.7140,2.7140,2.7120,2.7130,224,0
20190128,1023,2.7130,2.7140,2.7130,2.7140,55,0
20190128,1024,2.7140,2.7140,2.7130,2.7140,23,0
20190128,1025,2.7150,2.7150,2.7140,2.7140,55,0
20190128,1026,2.7140,2.7170,2.7140,2.7160,56,0
20190128,1027,2.7160,2.7170,2.7150,2.7170,141,0
20190128,1028,2.7170,2.7180,2.7170,2.7170,82,0
20190128,1029,2.7170,2.7170,2.7170,2.7170,1,0
20190128,1030,2.7170,2.7190,2.7170,2.7180,102,0
20190128,1031,2.7180,2.7180,2.7170,2.7180,52,0
20190128,1032,2.7180,2.7180,2.7180,2.7180,61,0
20190128,1033,2.7180,2.7180,2.7170,2.7170,16,0
20190128,1034,2.7170,2.7170,2.7160,2.7160,34,0
20190128,1035,2.7160,2.7170,2.7160,2.7160,60,0
20190128,1036,2.7160,2.7170,2.7160,2.7160,12,0
20190128,1037,2.7160,2.7160,2.7150,2.7150,31,0
20190128,1038,2.7150,2.7150,2.7150,2.7150,41,0
20190128,1039,2.7150,2.7160,2.7150,2.7160,21,0
20190128,1040,2.7160,2.7160,2.7150,2.7150,34,0
20190128,1041,2.7150,2.7160,2.7150,2.7160,8,0
20190128,1042,2.7160,2.7160,2.7160,2.7160,23,0
20190128,1043,2.7160,2.7170,2.7160,2.7160,21,0
20190128,1044,2.7160,2.7170,2.7160,2.7160,9,0
20190128,1045,2.7160,2.7170,2.7160,2.7170,4,0
20190128,1046,2.7170,2.7170,2.7150,2.7150,27,0
20190128,1047,2.7150,2.7170,2.7150,2.7170,17,0
20190128,1048,2.7170,2.7170,2.7170,2.7170,4,0
20190128,1049,2.7170,2.7170,2.7170,2.7170,14,0
20190128,1050,2.7170,2.7170,2.7170,2.7170,25,0
20190128,1051,2.7170,2.7170,2.7170,2.7170,4,0
20190128,1052,2.7170,2.7170,2.7160,2.7160,13,0
20190128,1053,2.7160,2.7170,2.7160,2.7160,30,0
20190128,1054,2.7160,2.7170,2.7160,2.7160,27,0
20190128,1055,2.7160,2.7160,2.7150,2.7160,38,0
20190128,1056,2.7160,2.7160,2.7160,2.7160,19,0
20190128,1057,2.7160,2.7160,2.7140,2.7140,31,0
20190128,1058,2.7140,2.7150,2.7140,2.7150,26,0
20190128,1059,2.7150,2.7160,2.7140,2.7150,52,0
20190128,1100,2.7150,2.7160,2.7150,2.7150,41,0
20190128,1101,2.7150,2.7150,2.7150,2.7150,51,0
20190128,1102,2.7150,2.7150,2.7150,2.7150,12,0
20190128,1103,2.7150,2.7150,2.7150,2.7150,18,0
20190128,1104,2.7150,2.7150,2.7150,2.7150,24,0
20190128,1105,2.7150,2.7150,2.7150,2.7150,22,0
20190128,1106,2.7150,2.7150,2.7150,2.7150,25,0
20190128,1107,2.7150,2.7160,2.7150,2.7150,51,0
20190128,1108,2.7150,2.7160,2.7150,2.7150,28,0
20190128,1109,2.7150,2.7150,2.7140,2.7140,18,0
20190128,1110,2.7140,2.7140,2.7130,2.7140,37,0
20190128,1111,2.7140,2.7150,2.7140,2.7150,21,0
20190128,1112,2.7150,2.7150,2.7130,2.7130,47,0
20190128,1113,2.7140,2.7140,2.7130,2.7130,75,0
20190128,1114,2.7130,2.7140,2.7130,2.7140,39,0
20190128,1115,2.7140,2.7140,2.7130,2.7130,33,0
20190128,1116,2.7140,2.7140,2.7130,2.7130,16,0
20190128,1117,2.7130,2.7140,2.7130,2.7140,49,0
20190128,1118,2.7140,2.7140,2.7130,2.7130,23,0
20190128,1119,2.7130,2.7130,2.7130,2.7130,28,0
20190128,1120,2.7130,2.7130,2.7120,2.7120,279,0
20190128,1121,2.7120,2.7120,2.7110,2.7120,93,0
20190128,1122,2.7120,2.7130,2.7120,2.7120,22,0
20190128,1123,2.7120,2.7130,2.7120,2.7120,46,0
20190128,1124,2.7120,2.7130,2.7120,2.7120,10,0
20190128,1125,2.7120,2.7130,2.7120,2.7130,28,0
20190128,1126,2.7130,2.7140,2.7130,2.7140,56,0
20190128,1127,2.7140,2.7140,2.7140,2.7140,21,0
20190128,1128,2.7150,2.7150,2.7140,2.7140,23,0
20190129,0049,2.6890,2.6890,2.6880,2.6880,61,0
20190129,0050,2.6880,2.6880,2.6870,2.6880,88,0
20190129,0051,2.6880,2.6880,2.6870,2.6880,98,0
20190129,0052,2.6880,2.6880,2.6870,2.6870,50,0
20190129,0053,2.6870,2.6880,2.6870,2.6870,17,0
20190129,0054,2.6870,2.6870,2.6860,2.6860,72,0
20190129,0055,2.6860,2.6870,2.6860,2.6870,69,0
20190129,0056,2.6870,2.6870,2.6860,2.6860,75,0
20190129,0057,2.6860,2.6870,2.6860,2.6860,90,0
20190129,0058,2.6860,2.6870,2.6860,2.6870,39,0
20190129,0059,2.6870,2.6870,2.6840,2.6850,167,0
20190129,0100,2.6850,2.6850,2.6840,2.6850,130,0
20190129,0101,2.6850,2.6860,2.6840,2.6840,72,0
20190129,0102,2.6840,2.6840,2.6800,2.6800,742,0
20190129,0103,2.6800,2.6800,2.6790,2.6800,189,0
20190129,0104,2.6800,2.6810,2.6800,2.6800,139,0
20190129,0105,2.6800,2.6810,2.6800,2.6810,88,0
20190129,0106,2.6810,2.6810,2.6790,2.6800,57,0
20190129,0107,2.6800,2.6810,2.6800,2.6800,117,0
20190129,0108,2.6800,2.6810,2.6790,2.6810,90,0
20190129,0109,2.6810,2.6830,2.6810,2.6830,95,0
20190129,0110,2.6830,2.6830,2.6820,2.6830,48,0
20190129,0111,2.6830,2.6830,2.6820,2.6820,81,0
20190129,0112,2.6820,2.6820,2.6810,2.6820,77,0
20190129,0113,2.6810,2.6820,2.6800,2.6810,104,0
20190129,0114,2.6810,2.6810,2.6810,2.6810,34,0
20190129,0115,2.6810,2.6820,2.6810,2.6820,43,0
20190129,0116,2.6820,2.6830,2.6820,2.6830,66,0
20190129,0117,2.6830,2.6830,2.6830,2.6830,41,0
20190129,0118,2.6830,2.6830,2.6820,2.6830,14,0
20190129,0119,2.6830,2.6830,2.6820,2.6820,125,0
20190129,0120,2.6820,2.6830,2.6820,2.6830,45,0
20190129,0121,2.6830,2.6840,2.6830,2.6840,17,0
20190129,0122,2.6840,2.6840,2.6830,2.6840,19,0
20190129,0123,2.6840,2.6850,2.6840,2.6850,103,0
20190129,0124,2.6850,2.6850,2.6850,2.6850,19,0
20190129,0125,2.6850,2.6860,2.6850,2.6860,62,0
20190129,0126,2.6860,2.6870,2.6860,2.6860,82,0
20190129,0127,2.6860,2.6870,2.6860,2.6870,17,0
20190129,0128,2.6870,2.6870,2.6860,2.6870,111,0
20190129,0129,2.6870,2.6870,2.6860,2.6860,47,0
20190129,0130,2.6860,2.6870,2.6860,2.6860,98,0
20190129,0131,2.6860,2.6860,2.6840,2.6840,133,0
20190129,0132,2.6840,2.6850,2.6840,2.6840,87,0
20190129,0133,2.6840,2.6840,2.6810,2.6820,326,0
20190129,0134,2.6810,2.6820,2.6800,2.6810,362,0
20190129,0135,2.6810,2.6810,2.6770,2.6780,636,0
20190129,0136,2.6780,2.6780,2.6780,2.6780,208,0
20190129,0137,2.6780,2.6780,2.6760,2.6770,288,0
20190129,0138,2.6770,2.6780,2.6760,2.6780,169,0
20190129,0139,2.6780,2.6790,2.6780,2.6790,70,0
20190129,0140,2.6790,2.6800,2.6790,2.6800,72,0
20190129,0141,2.6800,2.6800,2.6790,2.6790,212,0
20190129,0142,2.6790,2.6800,2.6790,2.6800,45,0
20190129,0143,2.6800,2.6800,2.6790,2.6800,67,0
20190129,0144,2.6800,2.6800,2.6780,2.6780,86,0
20190129,0145,2.6780,2.6780,2.6780,2.6780,93,0
20190129,0146,2.6780,2.6780,2.6770,2.6770,148,0
20190129,0147,2.6770,2.6770,2.6770,2.6770,533,0
20190129,0148,2.6770,2.6780,2.6770,2.6780,101,0
20190129,0149,2.6780,2.6790,2.6780,2.6790,47,0
20190129,0150,2.6790,2.6800,2.6780,2.6800,103,0
20190129,0151,2.6800,2.6800,2.6790,2.6790,70,0
20190129,0152,2.6790,2.6790,2.6790,2.6790,112,0
20190129,0153,2.6790,2.6800,2.6790,2.6800,78,0
20190129,0154,2.6800,2.6800,2.6790,2.6790,112,0
20190129,0155,2.6790,2.6800,2.6790,2.6800,136,0
20190129,0156,2.6800,2.6800,2.6790,2.6790,136,0
20190129,0157,2.6790,2.6790,2.6790,2.6790,572,0
20190129,0158,2.6790,2.6810,2.6790,2.6810,830,0
20190129,0159,2.6800,2.6810,2.6790,2.6810,1131,0
20190129,0200,2.6810,2.6820,2.6800,2.6820,270,0
20190129,0201,2.6820,2.6820,2.6810,2.6810,51,0
20190129,0202,2.6820,2.6820,2.6820,2.6820,80,0
20190129,0203,2.6820,2.6830,2.6800,2.6800,145,0
20190129,0204,2.6800,2.6810,2.6800,2.6800,259,0
20190129,0205,2.6800,2.6810,2.6800,2.6810,86,0
20190129,0206,2.6810,2.6810,2.6800,2.6810,57,0
20190129,0207,2.6810,2.6820,2.6810,2.6820,54,0
20190129,0208,2.6820,2.6830,2.6820,2.6830,68,0
20190129,0209,2.6830,2.6830,2.6820,2.6820,49,0
20190129,0210,2.6830,2.6830,2.6830,2.6830,56,0
20190129,0211,2.6830,2.6830,2.6830,2.6830,32,0
20190129,0212,2.6830,2.6830,2.6820,2.6820,11,0
20190129,0213,2.6820,2.6820,2.6820,2.6820,3,0
20190129,0214,2.6820,2.6820,2.6820,2.6820,9,0
20190129,0215,2.6820,2.6820,2.6810,2.6810,76,0
20190129,0216,2.6820,2.6820,2.6810,2.6810,26,0
20190129,0217,2.6810,2.6820,2.6810,2.6820,44,0
20190129,0218,2.6810,2.6830,2.6810,2.6830,22,0
20190129,0219,2.6830,2.6830,2.6820,2.6820,7,0
20190129,0220,2.6820,2.6820,2.6820,2.6820,19,0
20190129,0221,2.6820,2.6830,2.6820,2.6830,35,0
20190129,0222,2.6830,2.6830,2.6820,2.6820,30,0
20190129,0223,2.6820,2.6830,2.6820,2.6820,5,0
20190129,0224,2.6820,2.6830,2.6820,2.6830,77,0
20190129,0225,2.6830,2.6830,2.6820,2.6820,24,0
20190129,0226,2.6820,2.6820,2.6810,2.6820,92,0
20190129,0227,2.6820,2.6830,2.6820,2.6820,45,0
20190129,0228,2.6820,2.6820,2.6820,2.6820,0,0
20190129,0229,2.6820,2.6820,2.6810,2.6810,13,0
20190129,0230,2.6810,2.6820,2.6810,2.6820,18,0
20190129,0231,2.6820,2.6820,2.6820,2.6820,6,0
20190129,0232,2.6820,2.6820,2.6820,2.6820,15,0
20190129,0233,2.6820,2.6820,2.6820,2.6820,10,0
20190129,0234,2.6820,2.6820,2.6820,2.6820,17,0
20190129,0235,2.6820,2.6820,2.6820,2.6820,513,0
20190129,0236,2.6820,2.6830,2.6820,2.6830,20,0
20190129,0237,2.6830,2.6830,2.6820,2.6820,14,0
20190129,0238,2.6820,2.6820,2.6820,2.6820,4,0
20190129,0239,2.6820,2.6820,2.6820,2.6820,16,0
20190129,0240,2.6820,2.6820,2.6820,2.6820,8,0
20190129,0241,2.6820,2.6820,2.6810,2.6820,4,0
20190129,0242,2.6820,2.6820,2.6810,2.6810,2,0
20190129,0243,2.6820,2.6820,2.6810,2.6810,4,0
20190129,0244,2.6810,2.6810,2.6810,2.6810,2,0
20190129,0245,2.6810,2.6810,2.6810,2.6810,0,0
20190129,0246,2.6810,2.6810,2.6810,2.6810,23,0
20190129,0247,2.6810,2.6810,2.6810,2.6810,12,0
20190129,0248,2.6820,2.6830,2.6820,2.6830,36,0
20190129,0249,2.6830,2.6840,2.6830,2.6840,40,0
20190129,0250,2.6840,2.6850,2.6840,2.6850,145,0
20190129,0251,2.6850,2.6850,2.6840,2.6840,37,0
20190129,0252,2.6840,2.6850,2.6840,2.6840,10,0
20190129,0253,2.6840,2.6840,2.6830,2.6830,37,0
20190129,0254,2.6830,2.6840,2.6830,2.6830,22,0
20190129,0255,2.6830,2.6840,2.6830,2.6840,22,0
20190129,0256,2.6840,2.6840,2.6830,2.6830,7,0
20190129,0257,2.6830,2.6830,2.6830,2.6830,17,0
20190129,0258,2.6830,2.6830,2.6820,2.6820,14,0
20190129,0259,2.6820,2.6820,2.6820,2.6820,7,0
20190129,0300,2.6820,2.6840,2.6820,2.6830,39,0
20190129,0301,2.6830,2.6830,2.6830,2.6830,28,0
20190129,0302,2.6830,2.6830,2.6820,2.6820,18,0
20190129,0303,2.6820,2.6830,2.6820,2.6830,33,0
20190129,0304,2.6830,2.6830,2.6810,2.6810,11,0
20190129,0305,2.6820,2.6820,2.6820,2.6820,3,0
20190129,0306,2.6820,2.6820,2.6810,2.6820,2,0
20190129,0307,2.6820,2.6820,2.6820,2.6820,5,0
20190129,0308,2.6820,2.6820,2.6820,2.6820,20,0
20190129,0309,2.6820,2.6820,2.6820,2.6820,1,0
20190129,0310,2.6820,2.6820,2.6820,2.6820,20,0
20190129,0311,2.6820,2.6820,2.6820,2.6820,3,0
20190129,0312,2.6820,2.6820,2.6820,2.6820,4,0
20190129,0313,2.6820,2.6820,2.6820,2.6820,2,0
20190129,0314,2.6820,2.6820,2.6820,2.6820,16,0
20190129,0315,2.6820,2.6820,2.6820,2.6820,0,0
20190129,0316,2.6820,2.6820,2.6820,2.6820,1,0
20190129,0317,2.6820,2.6820,2.6810,2.6810,1,0
20190129,0318,2.6810,2.6820,2.6810,2.6820,11,0
20190129,0319,2.6820,2.6820,2.6810,2.6810,65,0
20190129,0320,2.6810,2.6810,2.6810,2.6810,59,0
20190129,0321,2.6810,2.6810,2.6810,2.6810,19,0
20190129,0322,2.6810,2.6810,2.6810,2.6810,174,0
20190129,0323,2.6810,2.6810,2.6810,2.6810,1,0
20190129,0324,2.6810,2.6810,2.6810,2.6810,5,0
20190129,0325,2.6810,2.6810,2.6810,2.6810,1,0
20190129,0326,2.6810,2.6810,2.6810,2.6810,7,0
20190129,0327,2.6810,2.6810,2.6810,2.6810,6,0
20190129,0328,2.6810,2.6810,2.6810,2.6810,14,0
20190129,0329,2.6810,2.6820,2.6810,2.6820,8,0
20190129,0330,2.6820,2.6820,2.6820,2.6820,27,0
20190129,0331,2.6820,2.6820,2.6820,2.6820,3,0
20190129,0332,2.6820,2.6820,2.6820,2.6820,2,0
20190129,0333,2.6820,2.6820,2.6820,2.6820,18,0
20190129,0334,2.6820,2.6820,2.6820,2.6820,9,0
20190129,0335,2.6820,2.6820,2.6820,2.6820,1,0
20190129,0336,2.6820,2.6820,2.6820,2.6820,12,0
20190129,0337,2.6820,2.6820,2.6820,2.6820,9,0
20190129,0338,2.6820,2.6820,2.6820,2.6820,8,0
20190129,0339,2.6820,2.6830,2.6820,2.6830,4,0
20190129,0340,2.6830,2.6830,2.6820,2.6820,16,0
20190129,0341,2.6820,2.6820,2.6820,2.6820,81,0
20190129,0342,2.6820,2.6820,2.6820,2.6820,6,0
20190129,0343,2.6820,2.6820,2.6820,2.6820,2,0
20190129,0344,2.6820,2.6820,2.6820,2.6820,52,0
20190129,0345,2.6820,2.6820,2.6820,2.6820,1,0
20190129,0346,2.6820,2.6820,2.6820,2.6820,27,0
20190129,0347,2.6820,2.6830,2.6820,2.6820,15,0
20190129,0348,2.6820,2.6820,2.6820,2.6820,4,0
20190129,0349,2.6820,2.6820,2.6820,2.6820,24,0
20190129,0350,2.6820,2.6820,2.6820,2.6820,12,0
20190129,0351,2.6820,2.6820,2.6820,2.6820,1,0
20190129,0352,2.6820,2.6820,2.6820,2.6820,0,0
20190129,0353,2.6820,2.6820,2.6820,2.6820,19,0
20190129,0354,2.6820,2.6820,2.6810,2.6820,7,0
20190129,0355,2.6820,2.6820,2.6820,2.6820,6,0
20190129,0356,2.6820,2.6820,2.6820,2.6820,2,0
20190129,0357,2.6820,2.6820,2.6820,2.6820,2,0
20190129,0358,2.6820,2.6820,2.6820,2.6820,1,0
20190129,0359,2.6820,2.6820,2.6810,2.6810,60,0
20190129,0400,2.6810,2.6810,2.6810,2.6810,34,0
20190129,0401,2.6810,2.6810,2.6810,2.6810,6,0
20190129,0402,2.6810,2.6810,2.6810,2.6810,0,0
20190129,0403,2.6810,2.6810,2.6810,2.6810,0,0
20190129,0404,2.6810,2.6810,2.6810,2.6810,1,0
20190129,0405,2.6810,2.6810,2.6800,2.6800,93,0
20190129,0406,2.6800,2.6800,2.6800,2.6800,224,0
20190129,0407,2.6800,2.6810,2.6800,2.6810,39,0
20190129,0408,2.6810,2.6810,2.6810,2.6810,12,0
20190129,0409,2.6810,2.6820,2.6810,2.6820,43,0
20190129,0410,2.6820,2.6830,2.6820,2.6830,2,0
20190129,0411,2.6830,2.6830,2.6830,2.6830,23,0
20190129,0412,2.6830,2.6830,2.6830,2.6830,17,0
20190129,0413,2.6840,2.6840,2.6840,2.6840,49,0
20190129,0414,2.6840,2.6850,2.6840,2.6850,33,0
20190129,0415,2.6850,2.6850,2.6840,2.6840,6,0
20190129,0416,2.6840,2.6840,2.6840,2.6840,4,0
20190129,0417,2.6840,2.6840,2.6840,2.6840,0,0
20190129,0418,2.6840,2.6840,2.6840,2.6840,0,0
20190129,0419,2.6840,2.6840,2.6840,2.6840,0,0
20190129,0420,2.6840,2.6840,2.6840,2.6840,2,0
20190129,0421,2.6840,2.6850,2.6840,2.6850,6,0
20190129,0422,2.6850,2.6850,2.6850,2.6850,6,0
20190129,0423,2.6850,2.6850,2.6850,2.6850,0,0
20190129,0424,2.6850,2.6850,2.6850,2.6850,0,0
20190129,0425,2.6850,2.6850,2.6850,2.6850,0,0
20190129,0426,2.6850,2.6850,2.6840,2.6840,4,0
20190129,0427,2.6840,2.6850,2.6840,2.6850,1,0
20190129,0428,2.6850,2.6850,2.6850,2.6850,0,0
20190129,0429,2.6850,2.6850,2.6840,2.6840,2,0
20190129,0430,2.6840,2.6840,2.6840,2.6840,4,0
20190129,0431,2.6840,2.6840,2.6840,2.6840,1,0
20190129,0432,2.6840,2.6840,2.6840,2.6840,3,0
20190129,0433,2.6840,2.6840,2.6840,2.6840,3,0
20190129,0434,2.6840,2.6840,2.6840,2.6840,0,0
20190129,0435,2.6840,2.6840,2.6840,2.6840,15,0
20190129,0436,2.6840,2.6840,2.6840,2.6840,5,0
20190129,0437,2.6840,2.6840,2.6840,2.6840,2,0
20190129,0438,2.6840,2.6840,2.6840,2.6840,0,0
20190129,0439,2.6840,2.6840,2.6840,2.6840,0,0
20190129,0440,2.6840,2.6840,2.6840,2.6840,10,0
20190129,0441,2.6840,2.6840,2.6840,2.6840,0,0
20190129,0442,2.6840,2.6840,2.6840,2.6840,7,0
20190129,0443,2.6840,2.6840,2.6840,2.6840,1,0
20190129,0444,2.6840,2.6840,2.6840,2.6840,1,0
20190129,0445,2.6840,2.6840,2.6840,2.6840,10,0
20190129,0446,2.6840,2.6850,2.6840,2.6840,25,0
20190129,0447,2.6840,2.6840,2.6840,2.6840,4,0
20190129,0448,2.6840,2.6840,2.6840,2.6840,0,0
20190129,0449,2.6840,2.6840,2.6840,2.6840,0,0
20190129,0450,2.6840,2.6840,2.6840,2.6840,19,0
20190129,0451,2.6840,2.6840,2.6840,2.6840,1,0
20190129,0452,2.6840,2.6850,2.6840,2.6850,40,0
20190129,0453,2.6850,2.6850,2.6850,2.6850,20,0
20190129,0454,2.6860,2.6860,2.6850,2.6850,22,0
20190129,0455,2.6860,2.6870,2.6860,2.6870,22,0
20190129,0456,2.6870,2.6870,2.6860,2.6870,11,0
20190129,0457,2.6870,2.6870,2.6870,2.6870,5,0
20190129,0458,2.6870,2.6870,2.6870,2.6870,37,0
20190129,0459,2.6880,2.6880,2.6870,2.6880,26,0
20190129,0500,2.6880,2.6880,2.6870,2.6870,23,0
20190129,0501,2.6870,2.6880,2.6870,2.6880,13,0
20190129,0502,2.6880,2.6880,2.6870,2.6870,3,0
20190129,0503,2.6870,2.6870,2.6870,2.6870,1,0
20190129,0504,2.6870,2.6870,2.6870,2.6870,1,0
20190129,0505,2.6870,2.6870,2.6870,2.6870,2,0
20190129,0506,2.6870,2.6870,2.6870,2.6870,0,0
20190129,0507,2.6870,2.6870,2.6870,2.6870,19,0
20190129,0508,2.6870,2.6880,2.6870,2.6870,4,0
20190129,0509,2.6870,2.6880,2.6870,2.6870,3,0
20190129,0510,2.6870,2.6870,2.6870,2.6870,3,0
20190129,0511,2.6870,2.6870,2.6870,2.6870,22,0
20190129,0512,2.6870,2.6880,2.6870,2.6880,1,0
20190129,0513,2.6880,2.6880,2.6870,2.6870,2,0
20190129,0514,2.6870,2.6880,2.6870,2.6880,18,0
20190129,0515,2.6870,2.6870,2.6870,2.6870,17,0
20190129,0516,2.6870,2.6870,2.6870,2.6870,0,0
20190129,0517,2.6880,2.6880,2.6880,2.6880,3,0
20190129,0518,2.6880,2.6880,2.6880,2.6880,0,0
20190129,0519,2.6870,2.6880,2.6870,2.6880,16,0
20190129,0520,2.6880,2.6880,2.6870,2.6880,18,0
20190129,0521,2.6880,2.6880,2.6870,2.6870,10,0
20190129,0522,2.6870,2.6870,2.6870,2.6870,22,0
20190129,0523,2.6870,2.6870,2.6870,2.6870,3,0
20190129,0524,2.6870,2.6870,2.6870,2.6870,0,0
20190129,0525,2.6870,2.6870,2.6870,2.6870,4,0
20190129,0526,2.6870,2.6870,2.6870,2.6870,0,0
20190129,0527,2.6870,2.6870,2.6870,2.6870,0,0
20190129,0528,2.6870,2.6870,2.6870,2.6870,3,0
20190129,0529,2.6870,2.6870,2.6870,2.6870,9,0
20190129,0530,2.6870,2.6870,2.6860,2.6860,69,0
20190129,0531,2.6860,2.6860,2.6860,2.6860,1,0
20190129,0532,2.6860,2.6860,2.6850,2.6850,59,0
20190129,0533,2.6850,2.6850,2.6850,2.6850,3,0
20190129,0534,2.6850,2.6850,2.6840,2.6840,14,0
20190129,0535,2.6840,2.6840,2.6840,2.6840,0,0
20190129,0536,2.6840,2.6840,2.6840,2.6840,1,0
20190129,0537,2.6840,2.6840,2.6840,2.6840,0,0
20190129,0538,2.6840,2.6840,2.6830,2.6840,31,0
20190129,0539,2.6840,2.6840,2.6830,2.6830,6,0
20190129,0540,2.6830,2.6830,2.6830,2.6830,7,0
20190129,0541,2.6830,2.6830,2.6830,2.6830,9,0
20190129,0542,2.6830,2.6830,2.6830,2.6830,10,0
20190129,0543,2.6830,2.6840,2.6830,2.6840,14,0
20190129,0544,2.6840,2.6840,2.6840,2.6840,0,0
20190129,0545,2.6840,2.6840,2.6830,2.6830,37,0
20190129,0546,2.6830,2.6840,2.6830,2.6840,5,0
20190129,0547,2.6840,2.6840,2.6830,2.6840,6,0
20190129,0548,2.6840,2.6840,2.6840,2.6840,6,0
20190129,0549,2.6840,2.6840,2.6840,2.6840,4,0
20190129,0550,2.6840,2.6840,2.6840,2.6840,11,0
20190129,0551,2.6840,2.6840,2.6840,2.6840,0,0
20190129,0552,2.6840,2.6840,2.6840,2.6840,0,0
20190129,0553,2.6840,2.6840,2.6830,2.6830,5,0
20190129,0554,2.6830,2.6830,2.6830,2.6830,1,0
20190129,0555,2.6830,2.6830,2.6830,2.6830,15,0
20190129,0556,2.6830,2.6840,2.6830,2.6840,12,0
20190129,0557,2.6840,2.6840,2.6840,2.6840,19,0
20190129,0558,2.6830,2.6840,2.6830,2.6840,17,0
20190129,0559,2.6840,2.6840,2.6790,2.6790,213,0
20190129,0600,2.6790,2.6790,2.6790,2.6790,0,0
20190129,0605,2.6790,2.6790,2.6790,2.6790,0,0
20190129,0620,2.6790,2.6790,2.6790,2.6790,0,0
20190129,0700,2.6820,2.6830,2.6820,2.6830,38,0
20190129,0701,2.6830,2.6830,2.6830,2.6830,13,0
20190129,0702,2.6830,2.6830,2.6830,2.6830,1,0
20190129,0703,2.6830,2.6830,2.6820,2.6820,11,0
20190129,0704,2.6820,2.6830,2.6820,2.6830,23,0
20190129,0705,2.6830,2.6830,2.6830,2.6830,3,0
20190129,0706,2.6830,2.6830,2.6830,2.6830,0,0
20190129,0707,2.6830,2.6830,2.6830,2.6830,5,0
20190129,0708,2.6830,2.6830,2.6830,2.6830,2,0
20190129,0709,2.6830,2.6830,2.6830,2.6830,2,0
20190129,0710,2.6830,2.6830,2.6830,2.6830,0,0
20190129,0711,2.6830,2.6830,2.6830,2.6830,2,0
20190129,0712,2.6830,2.6840,2.6830,2.6840,2,0
20190129,0713,2.6840,2.6840,2.6830,2.6840,15,0
20190129,0714,2.6840,2.6840,2.6840,2.6840,1,0
20190129,0715,2.6840,2.6840,2.6840,2.6840,4,0
20190129,0716,2.6840,2.6840,2.6840,2.6840,1,0
20190129,0717,2.6840,2.6840,2.6840,2.6840,0,0
20190129,0718,2.6840,2.6840,2.6840,2.6840,5,0
20190129,0719,2.6840,2.6840,2.6840,2.6840,0,0
20190129,0720,2.6840,2.6840,2.6840,2.6840,2,0
20190129,0721,2.6840,2.6840,2.6840,2.6840,0,0
20190129,0722,2.6840,2.6840,2.6840,2.6840,0,0
20190129,0723,2.6840,2.6840,2.6840,2.6840,2,0
20190129,0724,2.6840,2.6840,2.6840,2.6840,4,0
20190129,0725,2.6840,2.6840,2.6840,2.6840,4,0
20190129,0726,2.6840,2.6840,2.6840,2.6840,12,0
20190129,0727,2.6840,2.6840,2.6840,2.6840,1,0
20190129,0729,2.6840,2.6840,2.6840,2.6840,0,0
20190129,0730,2.6840,2.6840,2.6840,2.6840,0,0
20190129,0731,2.6840,2.6840,2.6830,2.6830,20,0
20190129,0732,2.6830,2.6840,2.6830,2.6840,15,0
20190129,0733,2.6840,2.6840,2.6830,2.6830,9,0
20190129,0734,2.6830,2.6830,2.6830,2.6830,1,0
20190129,0735,2.6830,2.6830,2.6830,2.6830,3,0
20190129,0736,2.6830,2.6840,2.6830,2.6830,15,0
20190129,0737,2.6830,2.6840,2.6830,2.6840,4,0
20190129,0738,2.6840,2.6840,2.6830,2.6830,2,0
20190129,0739,2.6840,2.6840,2.6840,2.6840,2,0
20190129,0740,2.6840,2.6840,2.6840,2.6840,1,0
20190129,0741,2.6840,2.6840,2.6840,2.6840,0,0
20190129,0742,2.6840,2.6840,2.6840,2.6840,0,0
20190129,0743,2.6840,2.6840,2.6840,2.6840,2,0
20190129,0744,2.6840,2.6840,2.6840,2.6840,4,0
20190129,0745,2.6840,2.6840,2.6840,2.6840,1,0
20190129,0746,2.6840,2.6840,2.6840,2.6840,1,0
20190129,0747,2.6840,2.6840,2.6840,2.6840,0,0
20190129,0748,2.6840,2.6840,2.6840,2.6840,1,0
20190129,0749,2.6840,2.6840,2.6840,2.6840,2,0
20190129,0750,2.6840,2.6850,2.6840,2.6850,6,0
20190129,0751,2.6850,2.6850,2.6840,2.6840,20,0
20190129,0752,2.6840,2.6840,2.6840,2.6840,2,0
20190129,0753,2.6840,2.6850,2.6830,2.6850,34,0
20190129,0754,2.6850,2.6850,2.6850,2.6850,0,0
20190129,0755,2.6840,2.6850,2.6840,2.6840,25,0
20190129,0756,2.6840,2.6840,2.6840,2.6840,1,0
20190129,0757,2.6840,2.6840,2.6840,2.6840,1,0
20190129,0758,2.6840,2.6850,2.6840,2.6850,8,0
20190129,0759,2.6850,2.6850,2.6840,2.6840,7,0
20190129,0800,2.6840,2.6840,2.6840,2.6840,8,0
20190129,0801,2.6840,2.6840,2.6820,2.6830,15,0
20190129,0802,2.6830,2.6830,2.6820,2.6820,23,0
20190129,0803,2.6820,2.6830,2.6810,2.6820,21,0
20190129,0804,2.6820,2.6820,2.6820,2.6820,6,0
20190129,0805,2.6820,2.6820,2.6820,2.6820,7,0
20190129,0806,2.6820,2.6830,2.6820,2.6830,1,0
20190129,0807,2.6830,2.6830,2.6820,2.6820,7,0
20190129,0808,2.6820,2.6820,2.6820,2.6820,13,0
20190129,0809,2.6820,2.6820,2.6820,2.6820,0,0
20190129,0810,2.6820,2.6820,2.6820,2.6820,3,0
20190129,0811,2.6820,2.6820,2.6820,2.6820,5,0
20190129,0812,2.6820,2.6830,2.6820,2.6830,1,0
20190129,0813,2.6830,2.6830,2.6820,2.6820,1,0
20190129,0814,2.6820,2.6820,2.6820,2.6820,0,0
20190129,0815,2.6820,2.6830,2.6820,2.6830,10,0
20190129,0816,2.6830,2.6830,2.6830,2.6830,2,0
20190129,0817,2.6830,2.6830,2.6830,2.6830,0,0
20190129,0818,2.6830,2.6840,2.6830,2.6840,11,0
20190129,0819,2.6840,2.6840,2.6840,2.6840,9,0
20190129,0820,2.6840,2.6840,2.6840,2.6840,1,0
20190129,0821,2.6840,2.6840,2.6830,2.6830,31,0
20190129,0822,2.6830,2.6830,2.6820,2.6830,9,0
20190129,0823,2.6830,2.6830,2.6830,2.6830,1,0
20190129,0824,2.6830,2.6830,2.6830,2.6830,16,0
20190129,0825,2.6830,2.6830,2.6820,2.6820,26,0
20190129,0826,2.6820,2.6820,2.6820,2.6820,3,0
20190129,0827,2.6820,2.6820,2.6820,2.6820,5,0
20190129,0828,2.6820,2.6820,2.6820,2.6820,3,0
20190129,0829,2.6820,2.6820,2.6810,2.6810,18,0
20190129,0830,2.6810,2.6810,2.6800,2.6800,29,0
20190129,0831,2.6800,2.6800,2.6790,2.6790,12,0
20190129,0832,2.6790,2.6800,2.6790,2.6790,14,0
20190129,0833,2.6790,2.6800,2.6790,2.6800,22,0
20190129,0834,2.6800,2.6800,2.6790,2.6790,17,0
20190129,0835,2.6790,2.6790,2.6790,2.6790,5,0
20190129,0836,2.6790,2.6800,2.6790,2.6800,20,0
20190129,0837,2.6800,2.6800,2.6800,2.6800,18,0
20190129,0838,2.6800,2.6810,2.6800,2.6810,14,0
20190129,0839,2.6810,2.6810,2.6810,2.6810,2,0
20190129,0840,2.6810,2.6810,2.6810,2.6810,16,0
20190129,0841,2.6810,2.6820,2.6810,2.6820,6,0
20190129,0842,2.6820,2.6820,2.6820,2.6820,3,0
20190129,0843,2.6820,2.6820,2.6820,2.6820,7,0
20190129,0844,2.6820,2.6820,2.6810,2.6820,12,0
20190129,0845,2.6820,2.6820,2.6810,2.6810,18,0
20190129,0846,2.6810,2.6810,2.6810,2.6810,9,0
20190129,0847,2.6810,2.6820,2.6810,2.6820,1,0
20190129,0848,2.6820,2.6820,2.6820,2.6820,3,0
20190129,0849,2.6820,2.6820,2.6810,2.6820,11,0
20190129,0850,2.6820,2.6820,2.6820,2.6820,1,0
20190129,0851,2.6820,2.6820,2.6820,2.6820,18,0
20190129,0852,2.6820,2.6820,2.6820,2.6820,4,0
20190129,0853,2.6820,2.6820,2.6820,2.6820,10,0
20190129,0854,2.6820,2.6820,2.6820,2.6820,10,0
20190129,0855,2.6820,2.6820,2.6820,2.6820,31,0
20190129,0856,2.6820,2.6820,2.6810,2.6810,8,0
20190129,0857,2.6810,2.6820,2.6810,2.6810,22,0
20190129,0858,2.6810,2.6810,2.6800,2.6810,10,0
20190129,0859,2.6810,2.6820,2.6810,2.6820,18,0
20190129,0900,2.6820,2.6840,2.6820,2.6830,216,0
20190129,0901,2.6830,2.6850,2.6830,2.6850,85,0
20190129,0902,2.6850,2.6850,2.6840,2.6850,159,0
20190129,0903,2.6850,2.6860,2.6840,2.6850,43,0
20190129,0904,2.6850,2.6860,2.6850,2.6860,41,0
20190129,0905,2.6860,2.6860,2.6850,2.6850,53,0
20190129,0906,2.6850,2.6860,2.6850,2.6860,20,0
20190129,0907,2.6860,2.6860,2.6850,2.6860,40,0
20190129,0908,2.6860,2.6870,2.6860,2.6870,27,0
20190129,0909,2.6870,2.6870,2.6860,2.6870,33,0
20190129,0910,2.6870,2.6870,2.6860,2.6870,36,0
20190129,0911,2.6870,2.6870,2.6860,2.6870,22,0
20190129,0912,2.6870,2.6870,2.6860,2.6860,15,0
20190129,0913,2.6860,2.6860,2.6850,2.6860,34,0
20190129,0914,2.6860,2.6870,2.6850,2.6860,55,0
20190129,0915,2.6860,2.6870,2.6860,2.6870,63,0
20190129,0916,2.6870,2.6870,2.6870,2.6870,46,0
20190129,0917,2.6870,2.6890,2.6870,2.6880,115,0
20190129,0918,2.6890,2.6900,2.6880,2.6890,144,0
20190129,0919,2.6890,2.6900,2.6880,2.6900,68,0
20190129,0920,2.6900,2.6900,2.6890,2.6890,46,0
20190129,0921,2.6890,2.6890,2.6880,2.6890,41,0
20190129,0922,2.6890,2.6890,2.6870,2.6870,13,0
20190129,0923,2.6870,2.6880,2.6870,2.6880,10,0
20190129,0924,2.6880,2.6880,2.6870,2.6870,59,0
20190129,0925,2.6870,2.6870,2.6870,2.6870,14,0
20190129,0926,2.6870,2.6880,2.6860,2.6870,33,0
20190129,0927,2.6870,2.6870,2.6860,2.6870,32,0
20190129,0928,2.6860,2.6880,2.6860,2.6880,74,0
20190129,0929,2.6880,2.6890,2.6880,2.6890,16,0
20190129,0930,2.6890,2.6900,2.6880,2.6890,60,0
20190129,0931,2.6880,2.6890,2.6870,2.6870,58,0
20190129,0932,2.6870,2.6880,2.6860,2.6860,45,0
20190129,0933,2.6860,2.6860,2.6860,2.6860,55,0
20190129,0934,2.6860,2.6860,2.6850,2.6860,53,0
20190129,0935,2.6860,2.6860,2.6850,2.6860,19,0
20190129,0936,2.6860,2.6860,2.6850,2.6850,40,0
20190129,0937,2.6850,2.6860,2.6850,2.6860,27,0
20190129,0938,2.6860,2.6870,2.6860,2.6870,31,0
20190129,0939,2.6870,2.6870,2.6860,2.6870,22,0
20190129,0940,2.6870,2.6870,2.6860,2.6860,33,0
20190129,0941,2.6860,2.6870,2.6850,2.6860,33,0
20190129,0942,2.6860,2.6860,2.6850,2.6850,53,0
20190129,0943,2.6850,2.6850,2.6850,2.6850,8,0
20190129,0944,2.6850,2.6860,2.6850,2.6860,41,0
20190129,0945,2.6860,2.6860,2.6850,2.6860,86,0
20190129,0946,2.6860,2.6870,2.6860,2.6870,37,0
20190129,0947,2.6870,2.6870,2.6860,2.6870,34,0
20190129,0948,2.6860,2.6870,2.6860,2.6870,10,0
20190129,0949,2.6870,2.6870,2.6860,2.6860,23,0
20190129,0950,2.6860,2.6870,2.6860,2.6870,40,0
20190129,0951,2.6870,2.6890,2.6870,2.6880,34,0
20190129,0952,2.6880,2.6880,2.6870,2.6880,27,0
20190129,0953,2.6880,2.6890,2.6880,2.6880,23,0
20190129,0954,2.6880,2.6890,2.6880,2.6880,7,0
20190129,0955,2.6890,2.6900,2.6880,2.6890,69,0
20190129,0956,2.6900,2.6900,2.6890,2.6890,27,0
20190129,0957,2.6890,2.6900,2.6890,2.6900,24,0
20190129,0958,2.6900,2.6900,2.6890,2.6890,16,0
20190129,0959,2.6890,2.6890,2.6890,2.6890,24,0
20190129,1000,2.6880,2.6890,2.6880,2.6880,31,0
20190129,1001,2.6880,2.6890,2.6870,2.6880,71,0
20190129,1002,2.6880,2.6880,2.6870,2.6870,38,0
20190129,1003,2.6870,2.6870,2.6870,2.6870,18,0
20190129,1004,2.6870,2.6870,2.6860,2.6860,54,0
20190129,1005,2.6860,2.6870,2.6860,2.6860,53,0
20190129,2347,2.7120,2.7120,2.7120,2.7120,116,0
20190129,2348,2.7120,2.7130,2.7120,2.7130,53,0
20190129,2349,2.7130,2.7130,2.7120,2.7130,69,0
20190129,2350,2.7130,2.7130,2.7110,2.7120,74,0
20190129,2351,2.7120,2.7130,2.7120,2.7120,85,0
20190129,2352,2.7120,2.7120,2.7120,2.7120,60,0
20190129,2353,2.7120,2.7120,2.7100,2.7110,197,0
20190129,2354,2.7110,2.7110,2.7100,2.7110,68,0
20190129,2355,2.7110,2.7110,2.7090,2.7090,209,0
20190129,2356,2.7090,2.7100,2.7080,2.7090,196,0
20190129,2357,2.7090,2.7100,2.7080,2.7080,163,0
20190129,2358,2.7080,2.7100,2.7080,2.7100,138,0
20190129,2359,2.7100,2.7110,2.7100,2.7100,103,0
20190130,0000,2.7100,2.7100,2.7090,2.7090,131,0
20190130,0001,2.7090,2.7120,2.7090,2.7120,185,0
20190130,0002,2.7120,2.7120,2.7110,2.7120,72,0
20190130,0003,2.7120,2.7120,2.7110,2.7120,29,0
20190130,0004,2.7120,2.7120,2.7100,2.7100,63,0
20190130,0005,2.7100,2.7110,2.7100,2.7110,55,0
20190130,0006,2.7110,2.7120,2.7110,2.7120,112,0
20190130,0007,2.7120,2.7130,2.7120,2.7120,83,0
20190130,0008,2.7120,2.7130,2.7120,2.7120,109,0
20190130,0009,2.7120,2.7120,2.7120,2.7120,74,0
20190130,0010,2.7120,2.7140,2.7120,2.7140,142,0
20190130,0011,2.7140,2.7140,2.7130,2.7130,59,0
20190130,0012,2.7120,2.7130,2.7110,2.7120,85,0
20190130,0013,2.7120,2.7130,2.7120,2.7120,69,0
20190130,0014,2.7120,2.7130,2.7120,2.7130,57,0
20190130,0015,2.7130,2.7140,2.7130,2.7130,99,0
20190130,0016,2.7130,2.7130,2.7120,2.7130,58,0
20190130,0017,2.7130,2.7150,2.7130,2.7150,112,0
20190130,0018,2.7150,2.7150,2.7140,2.7140,105,0
20190130,0019,2.7140,2.7140,2.7130,2.7130,64,0
20190130,0020,2.7130,2.7140,2.7130,2.7130,52,0
20190130,0021,2.7130,2.7140,2.7130,2.7140,73,0
20190130,0022,2.7140,2.7140,2.7140,2.7140,54,0
20190130,0023,2.7140,2.7140,2.7110,2.7110,100,0
20190130,0024,2.7110,2.7120,2.7100,2.7100,280,0
20190130,0025,2.7100,2.7100,2.7080,2.7090,254,0
20190130,0026,2.7090,2.7090,2.7080,2.7090,89,0
20190130,0027,2.7090,2.7110,2.7090,2.7100,73,0
20190130,0028,2.7100,2.7110,2.7100,2.7110,57,0
20190130,0029,2.7110,2.7110,2.7100,2.7110,82,0
20190130,0030,2.7110,2.7120,2.7110,2.7120,96,0
20190130,0031,2.7120,2.7120,2.7110,2.7110,120,0
20190130,0032,2.7100,2.7110,2.7100,2.7100,63,0
20190130,0033,2.7100,2.7100,2.7090,2.7090,124,0
20190130,0034,2.7090,2.7100,2.7080,2.7100,182,0
20190130,0035,2.7100,2.7110,2.7100,2.7110,141,0
20190130,0036,2.7110,2.7110,2.7100,2.7110,105,0
20190130,0037,2.7110,2.7130,2.7110,2.7130,101,0
20190130,0038,2.7130,2.7130,2.7120,2.7130,67,0
20190130,0039,2.7130,2.7130,2.7130,2.7130,69,0
20190130,0040,2.7130,2.7150,2.7130,2.7150,110,0
20190130,0041,2.7150,2.7160,2.7140,2.7160,96,0
20190130,0042,2.7160,2.7170,2.7150,2.7160,116,0
20190130,0043,2.7160,2.7170,2.7160,2.7170,112,0
20190130,0044,2.7170,2.7190,2.7170,2.7190,255,0
20190130,0045,2.7180,2.7190,2.7180,2.7190,250,0
20190130,0046,2.7190,2.7190,2.7180,2.7180,148,0
20190130,0047,2.7180,2.7200,2.7180,2.7200,181,0
20190130,0048,2.7200,2.7200,2.7200,2.7200,152,0
20190130,0049,2.7210,2.7210,2.7210,2.7210,691,0
20190130,0050,2.7210,2.7210,2.7200,2.7210,297,0
20190130,0051,2.7210,2.7220,2.7200,2.7210,179,0
20190130,0052,2.7210,2.7210,2.7200,2.7200,56,0
20190130,0053,2.7200,2.7210,2.7190,2.7190,116,0
20190130,0054,2.7190,2.7200,2.7190,2.7190,242,0
20190130,0055,2.7190,2.7190,2.7190,2.7190,21,0
20190130,0056,2.7190,2.7190,2.7190,2.7190,169,0
20190130,0057,2.7190,2.7200,2.7190,2.7200,117,0
20190130,0058,2.7200,2.7200,2.7190,2.7200,713,0
20190130,0059,2.7200,2.7220,2.7200,2.7200,71,0
20190130,0100,2.7210,2.7220,2.7210,2.7220,100,0
20190130,0101,2.7220,2.7220,2.7210,2.7220,107,0
20190130,0102,2.7220,2.7230,2.7220,2.7230,89,0
20190130,0103,2.7230,2.7230,2.7220,2.7230,51,0
20190130,0104,2.7230,2.7240,2.7230,2.7230,130,0
20190130,0105,2.7230,2.7240,2.7230,2.7240,67,0
20190130,0106,2.7240,2.7240,2.7230,2.7240,58,0
20190130,0107,2.7240,2.7240,2.7230,2.7230,44,0
20190130,0108,2.7230,2.7240,2.7230,2.7240,16,0
20190130,0109,2.7240,2.7250,2.7230,2.7250,78,0
20190130,0110,2.7240,2.7250,2.7230,2.7230,78,0
20190130,0111,2.7230,2.7230,2.7200,2.7200,113,0
20190130,0112,2.7200,2.7210,2.7200,2.7200,75,0
20190130,0113,2.7200,2.7210,2.7190,2.7190,50,0
20190130,0114,2.7190,2.7210,2.7190,2.7200,76,0
20190130,0115,2.7200,2.7210,2.7200,2.7210,85,0
20190130,0116,2.7210,2.7210,2.7210,2.7210,37,0
20190130,0117,2.7210,2.7220,2.7210,2.7220,50,0
20190130,0118,2.7220,2.7220,2.7210,2.7210,76,0
20190130,0119,2.7210,2.7230,2.7210,2.7230,56,0
20190130,0120,2.7220,2.7230,2.7220,2.7230,53,0
20190130,0121,2.7230,2.7230,2.7220,2.7230,86,0
20190130,0122,2.7230,2.7230,2.7220,2.7220,51,0
20190130,0123,2.7220,2.7220,2.7220,2.7220,55,0
20190130,0124,2.7220,2.7230,2.7220,2.7220,53,0
20190130,0125,2.7220,2.7230,2.7220,2.7230,46,0
20190130,0126,2.7230,2.7240,2.7220,2.7240,61,0
20190130,0127,2.7240,2.7240,2.7230,2.7230,112,0
20190130,0128,2.7230,2.7230,2.7220,2.7230,36,0
20190130,0129,2.7230,2.7230,2.7230,2.7230,27,0
20190130,0130,2.7230,2.7240,2.7230,2.7240,63,0
20190130,0131,2.7240,2.7240,2.7220,2.7220,60,0
20190130,0132,2.7220,2.7230,2.7220,2.7230,36,0
20190130,0133,2.7230,2.7230,2.7230,2.7230,53,0
20190130,0134,2.7230,2.7240,2.7230,2.7240,49,0
20190130,0135,2.7240,2.7240,2.7230,2.7230,60,0
20190130,0136,2.7230,2.7230,2.7230,2.7230,14,0
20190130,0137,2.7230,2.7240,2.7230,2.7230,43,0
20190130,0138,2.7230,2.7240,2.7230,2.7240,36,0
20190130,0139,2.7240,2.7240,2.7230,2.7230,70,0
20190130,0140,2.7230,2.7240,2.7230,2.7230,36,0
20190130,0141,2.7230,2.7230,2.7230,2.7230,14,0
20190130,0142,2.7230,2.7230,2.7230,2.7230,31,0
20190130,0143,2.7230,2.7250,2.7230,2.7240,161,0
20190130,0144,2.7230,2.7240,2.7230,2.7230,136,0
20190130,0145,2.7230,2.7230,2.7210,2.7210,80,0
20190130,0146,2.7210,2.7220,2.7200,2.7200,114,0
20190130,0147,2.7200,2.7220,2.7200,2.7210,80,0
20190130,0148,2.7210,2.7220,2.7210,2.7210,52,0
20190130,0149,2.7210,2.7210,2.7200,2.7200,58,0
20190130,0150,2.7200,2.7210,2.7200,2.7210,78,0
20190130,0151,2.7210,2.7230,2.7210,2.7220,91,0
20190130,0152,2.7220,2.7230,2.7220,2.7220,21,0
20190130,0153,2.7220,2.7230,2.7210,2.7220,41,0
20190130,0154,2.7220,2.7220,2.7210,2.7210,55,0
20190130,0155,2.7210,2.7210,2.7210,2.7210,45,0
20190130,0156,2.7210,2.7230,2.7210,2.7220,134,0
20190130,0157,2.7220,2.7240,2.7220,2.7240,277,0
20190130,0158,2.7240,2.7250,2.7230,2.7250,639,0
20190130,0159,2.7250,2.7260,2.7240,2.7240,2156,0
20190130,0200,2.7240,2.7250,2.7210,2.7210,618,0
20190130,0201,2.7210,2.7210,2.7190,2.7190,180,0
20190130,0202,2.7190,2.7190,2.7180,2.7190,102,0
20190130,0203,2.7190,2.7200,2.7190,2.7200,67,0
20190130,0204,2.7200,2.7200,2.7190,2.7200,74,0
20190130,0205,2.7200,2.7200,2.7200,2.7200,19,0
20190130,0206,2.7200,2.7200,2.7200,2.7200,23,0
20190130,0207,2.7200,2.7200,2.7190,2.7190,120,0
20190130,0208,2.7190,2.7200,2.7190,2.7200,54,0
20190130,0209,2.7200,2.7210,2.7200,2.7200,68,0
20190130,0210,2.7200,2.7200,2.7200,2.7200,21,0
20190130,0211,2.7200,2.7200,2.7200,2.7200,45,0
20190130,0212,2.7200,2.7200,2.7190,2.7200,51,0
20190130,0213,2.7200,2.7200,2.7200,2.7200,4,0
20190130,0214,2.7200,2.7200,2.7200,2.7200,51,0
20190130,0215,2.7200,2.7210,2.7200,2.7200,96,0
20190130,0216,2.7200,2.7210,2.7200,2.7200,42,0
20190130,0217,2.7200,2.7200,2.7200,2.7200,32,0
20190130,0218,2.7200,2.7210,2.7200,2.7210,218,0
20190130,0219,2.7210,2.7210,2.7210,2.7210,38,0
20190130,0220,2.7210,2.7220,2.7210,2.7220,46,0
20190130,0221,2.7220,2.7220,2.7210,2.7210,2,0
20190130,0222,2.7210,2.7210,2.7210,2.7210,12,0
20190130,0223,2.7210,2.7210,2.7210,2.7210,9,0
20190130,0224,2.7210,2.7210,2.7210,2.7210,1,0
20190130,0225,2.7210,2.7210,2.7200,2.7210,24,0
20190130,0226,2.7210,2.7210,2.7210,2.7210,13,0
20190130,0227,2.7210,2.7220,2.7210,2.7220,5,0
20190130,0228,2.7220,2.7220,2.7210,2.7210,42,0
20190130,0229,2.7210,2.7210,2.7210,2.7210,22,0
20190130,0230,2.7210,2.7210,2.7210,2.7210,15,0
20190130,0231,2.7210,2.7210,2.7200,2.7210,6,0
20190130,0232,2.7210,2.7210,2.7210,2.7210,13,0
20190130,0233,2.7210,2.7220,2.7210,2.7220,5,0
20190130,0234,2.7220,2.7220,2.7210,2.7210,10,0
20190130,0235,2.7210,2.7210,2.7210,2.7210,0,0
20190130,0236,2.7210,2.7210,2.7200,2.7200,36,0
20190130,0237,2.7200,2.7200,2.7200,2.7200,5,0
20190130,0238,2.7200,2.7200,2.7200,2.7200,0,0
20190130,0239,2.7200,2.7200,2.7200,2.7200,33,0
20190130,0240,2.7200,2.7210,2.7200,2.7210,43,0
20190130,0241,2.7210,2.7220,2.7210,2.7210,36,0
20190130,0242,2.7210,2.7210,2.7200,2.7200,75,0
20190130,0243,2.7200,2.7220,2.7200,2.7220,38,0
20190130,0244,2.7220,2.7230,2.7220,2.7230,21,0
20190130,0245,2.7230,2.7230,2.7220,2.7230,12,0
20190130,0246,2.7230,2.7230,2.7220,2.7220,62,0
20190130,0247,2.7220,2.7220,2.7220,2.7220,2,0
20190130,0248,2.7220,2.7220,2.7220,2.7220,16,0
20190130,0249,2.7220,2.7220,2.7210,2.7210,41,0
20190130,0250,2.7210,2.7210,2.7210,2.7210,0,0
20190130,0251,2.7210,2.7210,2.7210,2.7210,16,0
20190130,0252,2.7210,2.7210,2.7210,2.7210,37,0
20190130,0253,2.7210,2.7210,2.7210,2.7210,3,0
20190130,0254,2.7210,2.7210,2.7210,2.7210,3,0
20190130,0255,2.7210,2.7220,2.7210,2.7210,9,0
20190130,0256,2.7210,2.7210,2.7210,2.7210,6,0
20190130,0257,2.7210,2.7220,2.7210,2.7220,22,0
20190130,0258,2.7220,2.7220,2.7220,2.7220,32,0
20190130,0259,2.7220,2.7220,2.7210,2.7210,8,0
20190130,0300,2.7210,2.7210,2.7210,2.7210,15,0
20190130,0301,2.7210,2.7210,2.7200,2.7210,23,0
20190130,0302,2.7210,2.7210,2.7210,2.7210,16,0
20190130,0303,2.7210,2.7210,2.7210,2.7210,7,0
20190130,0304,2.7210,2.7210,2.7210,2.7210,3,0
20190130,0305,2.7210,2.7210,2.7210,2.7210,0,0
20190130,0306,2.7210,2.7210,2.7210,2.7210,9,0
20190130,0307,2.7210,2.7210,2.7210,2.7210,0,0
20190130,0308,2.7210,2.7210,2.7200,2.7210,23,0
20190130,0309,2.7210,2.7210,2.7210,2.7210,0,0
20190130,0310,2.7210,2.7210,2.7200,2.7200,19,0
20190130,0311,2.7200,2.7200,2.7200,2.7200,14,0
20190130,0312,2.7200,2.7200,2.7200,2.7200,14,0
20190130,0313,2.7200,2.7200,2.7200,2.7200,10,0
20190130,0314,2.7200,2.7210,2.7200,2.7210,42,0
20190130,0315,2.7210,2.7210,2.7210,2.7210,4,0
20190130,0316,2.7210,2.7210,2.7210,2.7210,2,0
20190130,0317,2.7210,2.7210,2.7210,2.7210,2,0
20190130,0318,2.7210,2.7210,2.7200,2.7200,3,0
20190130,0319,2.7200,2.7210,2.7200,2.7210,18,0
20190130,0320,2.7210,2.7210,2.7210,2.7210,1,0
20190130,0321,2.7210,2.7210,2.7210,2.7210,2,0
20190130,0322,2.7210,2.7210,2.7200,2.7200,12,0
20190130,0323,2.7200,2.7210,2.7200,2.7210,8,0
20190130,0324,2.7210,2.7210,2.7210,2.7210,4,0
20190130,0325,2.7210,2.7210,2.7200,2.7200,5,0
20190130,0326,2.7200,2.7200,2.7200,2.7200,1,0
20190130,0327,2.7200,2.7210,2.7200,2.7210,25,0
20190130,0328,2.7210,2.7210,2.7210,2.7210,0,0
20190130,0329,2.7210,2.7210,2.7210,2.7210,0,0
20190130,0330,2.7210,2.7210,2.7210,2.7210,3,0
20190130,0331,2.7210,2.7210,2.7210,2.7210,11,0
20190130,0332,2.7210,2.7210,2.7210,2.7210,12,0
20190130,0333,2.7210,2.7210,2.7200,2.7200,2,0
20190130,0334,2.7200,2.7210,2.7200,2.7210,17,0
20190130,0335,2.7210,2.7210,2.7200,2.7210,23,0
20190130,0336,2.7210,2.7210,2.7210,2.7210,7,0
20190130,0337,2.7210,2.7210,2.7210,2.7210,0,0
20190130,0338,2.7210,2.7210,2.7210,2.7210,13,0
20190130,0339,2.7210,2.7210,2.7200,2.7200,30,0
20190130,0340,2.7200,2.7200,2.7200,2.7200,12,0
20190130,0341,2.7200,2.7200,2.7200,2.7200,4,0
20190130,0342,2.7200,2.7200,2.7200,2.7200,10,0
20190130,0343,2.7200,2.7200,2.7190,2.7190,61,0
20190130,0344,2.7190,2.7190,2.7190,2.7190,14,0
20190130,0345,2.7190,2.7190,2.7180,2.7190,11,0
20190130,0346,2.7190,2.7190,2.7190,2.7190,5,0
20190130,0347,2.7190,2.7190,2.7190,2.7190,1,0
20190130,0348,2.7190,2.7190,2.7180,2.7180,19,0
20190130,0349,2.7180,2.7180,2.7180,2.7180,12,0
20190130,0350,2.7180,2.7180,2.7180,2.7180,2,0
20190130,0351,2.7180,2.7180,2.7180,2.7180,1,0
20190130,0352,2.7180,2.7180,2.7180,2.7180,5,0
20190130,0353,2.7180,2.7180,2.7180,2.7180,3,0
20190130,0354,2.7180,2.7180,2.7180,2.7180,8,0
20190130,0355,2.7180,2.7180,2.7180,2.7180,7,0
20190130,0356,2.7180,2.7180,2.7180,2.7180,18,0
20190130,0357,2.7190,2.7190,2.7180,2.7180,13,0
20190130,0358,2.7180,2.7180,2.7170,2.7170,15,0
20190130,0359,2.7170,2.7170,2.7160,2.7160,18,0
20190130,0400,2.7160,2.7160,2.7160,2.7160,16,0
20190130,0401,2.7160,2.7170,2.7160,2.7170,13,0
20190130,0402,2.7170,2.7170,2.7170,2.7170,8,0
20190130,0403,2.7170,2.7170,2.7170,2.7170,5,0
20190130,0404,2.7170,2.7170,2.7160,2.7170,15,0
20190130,0405,2.7170,2.7170,2.7170,2.7170,11,0
20190130,0406,2.7170,2.7170,2.7170,2.7170,2,0
20190130,0407,2.7170,2.7180,2.7170,2.7180,7,0
20190130,0408,2.7180,2.7180,2.7170,2.7180,6,0
20190130,0409,2.7180,2.7180,2.7170,2.7170,22,0
20190130,0410,2.7170,2.7180,2.7170,2.7180,3,0
20190130,0411,2.7180,2.7180,2.7170,2.7170,1,0
20190130,0412,2.7170,2.7170,2.7170,2.7170,0,0
20190130,0413,2.7170,2.7170,2.7170,2.7170,1,0
20190130,0414,2.7170,2.7170,2.7170,2.7170,0,0
20190130,0415,2.7170,2.7180,2.7170,2.7180,2,0
20190130,0416,2.7180,2.7180,2.7180,2.7180,7,0
20190130,0417,2.7180,2.7180,2.7180,2.7180,9,0
20190130,0418,2.7180,2.7180,2.7180,2.7180,2,0
20190130,0419,2.7180,2.7190,2.7180,2.7190,8,0
20190130,0420,2.7190,2.7190,2.7180,2.7180,4,0
20190130,0421,2.7190,2.7190,2.7190,2.7190,3,0
20190130,0422,2.7190,2.7190,2.7180,2.7180,8,0
20190130,0423,2.7180,2.7190,2.7180,2.7190,10,0
20190130,0424,2.7190,2.7190,2.7190,2.7190,8,0
20190130,0425,2.7190,2.7190,2.7190,2.7190,3,0
20190130,0426,2.7190,2.7190,2.7190,2.7190,9,0
20190130,0427,2.7190,2.7190,2.7190,2.7190,7,0
20190130,0428,2.7190,2.7190,2.7190,2.7190,11,0
20190130,0429,2.7200,2.7200,2.7190,2.7200,23,0
20190130,0430,2.7200,2.7200,2.7200,2.7200,6,0
20190130,0431,2.7200,2.7200,2.7190,2.7190,13,0
20190130,0432,2.7190,2.7190,2.7190,2.7190,8,0
20190130,0433,2.7190,2.7190,2.7190,2.7190,9,0
20190130,0434,2.7190,2.7190,2.7190,2.7190,8,0
20190130,0435,2.7190,2.7190,2.7190,2.7190,7,0
20190130,0436,2.7190,2.7190,2.7180,2.7180,7,0
20190130,0437,2.7180,2.7180,2.7180,2.7180,0,0
20190130,0438,2.7180,2.7190,2.7180,2.7180,19,0
20190130,0439,2.7190,2.7190,2.7190,2.7190,12,0
20190130,0440,2.7190,2.7200,2.7190,2.7200,22,0
20190130,0441,2.7190,2.7190,2.7190,2.7190,17,0
20190130,0442,2.7190,2.7190,2.7190,2.7190,10,0
20190130,0443,2.7190,2.7190,2.7190,2.7190,10,0
20190130,0444,2.7190,2.7190,2.7190,2.7190,5,0
20190130,0445,2.7190,2.7190,2.7180,2.7180,7,0
20190130,0446,2.7180,2.7190,2.7180,2.7180,11,0
20190130,0447,2.7180,2.7180,2.7180,2.7180,2,0
20190130,0448,2.7180,2.7190,2.7180,2.7190,8,0
20190130,0449,2.7190,2.7190,2.7180,2.7180,14,0
20190130,0450,2.7190,2.7190,2.7190,2.7190,12,0
20190130,0451,2.7190,2.7190,2.7190,2.7190,13,0
20190130,0452,2.7190,2.7190,2.7180,2.7180,11,0
20190130,0453,2.7180,2.7190,2.7180,2.7190,7,0
20190130,0454,2.7190,2.7190,2.7190,2.7190,3,0
20190130,0455,2.7190,2.7200,2.7190,2.7190,25,0
20190130,0456,2.7190,2.7190,2.7190,2.7190,6,0
20190130,0457,2.7190,2.7200,2.7190,2.7200,14,0
20190130,0458,2.7200,2.7200,2.7190,2.7190,1,0
20190130,0459,2.7190,2.7190,2.7190,2.7190,11,0
20190130,0500,2.7190,2.7200,2.7190,2.7200,13,0
20190130,0501,2.7190,2.7190,2.7190,2.7190,36,0
20190130,0502,2.7190,2.7190,2.7190,2.7190,1,0
20190130,0503,2.7190,2.7190,2.7190,2.7190,9,0
20190130,0504,2.7190,2.7190,2.7190,2.7190,12,0
20190130,0505,2.7180,2.7180,2.7180,2.7180,1,0
20190130,0506,2.7180,2.7190,2.7180,2.7190,6,0
20190130,0507,2.7190,2.7190,2.7190,2.7190,2,0
20190130,0508,2.7190,2.7200,2.7190,2.7200,19,0
20190130,0509,2.7200,2.7200,2.7190,2.7190,5,0
20190130,0510,2.7190,2.7200,2.7190,2.7200,12,0
20190130,0511,2.7200,2.7200,2.7200,2.7200,2,0
20190130,0512,2.7200,2.7200,2.7200,2.7200,0,0
20190130,0513,2.7200,2.7200,2.7200,2.7200,7,0
20190130,0514,2.7200,2.7200,2.7200,2.7200,2,0
20190130,0515,2.7200,2.7200,2.7200,2.7200,1,0
20190130,0516,2.7200,2.7200,2.7200,2.7200,5,0
20190130,0517,2.7200,2.7200,2.7200,2.7200,5,0
20190130,0518,2.7200,2.7200,2.7200,2.7200,1,0
20190130,0519,2.7200,2.7200,2.7200,2.7200,2,0
20190130,0520,2.7200,2.7200,2.7200,2.7200,6,0
20190130,0521,2.7200,2.7210,2.7200,2.7210,3,0
20190130,0522,2.7210,2.7210,2.7200,2.7200,6,0
20190130,0523,2.7200,2.7210,2.7200,2.7210,2,0
20190130,0524,2.7210,2.7210,2.7200,2.7200,7,0
20190130,0525,2.7210,2.7210,2.7200,2.7200,9,0
20190130,0526,2.7200,2.7200,2.7200,2.7200,2,0
20190130,0527,2.7200,2.7210,2.7200,2.7210,1,0
20190130,0528,2.7200,2.7210,2.7200,2.7210,7,0
20190130,0529,2.7210,2.7210,2.7200,2.7210,9,0
20190130,0530,2.7210,2.7220,2.7210,2.7220,56,0
20190130,0531,2.7220,2.7220,2.7210,2.7210,10,0
20190130,0532,2.7210,2.7230,2.7210,2.7230,22,0
20190130,0533,2.7230,2.7240,2.7230,2.7240,10,0
20190130,0534,2.7230,2.7230,2.7220,2.7230,10,0
20190130,0535,2.7230,2.7240,2.7230,2.7240,8,0
20190130,0536,2.7240,2.7240,2.7240,2.7240,8,0
20190130,0537,2.7240,2.7240,2.7240,2.7240,4,0
20190130,0538,2.7240,2.7240,2.7230,2.7230,7,0
20190130,0539,2.7230,2.7240,2.7230,2.7240,13,0
20190130,0540,2.7240,2.7240,2.7230,2.7230,7,0
20190130,0541,2.7230,2.7230,2.7230,2.7230,2,0
20190130,0542,2.7230,2.7230,2.7230,2.7230,3,0
20190130,0543,2.7230,2.7230,2.7220,2.7220,10,0
20190130,0544,2.7220,2.7230,2.7220,2.7230,3,0
20190130,0545,2.7230,2.7230,2.7210,2.7220,36,0
20190130,0546,2.7220,2.7220,2.7220,2.7220,5,0
20190130,0547,2.7220,2.7220,2.7220,2.7220,7,0
20190130,0548,2.7220,2.7220,2.7220,2.7220,7,0
20190130,0549,2.7220,2.7220,2.7220,2.7220,8,0
20190130,0550,2.7220,2.7230,2.7220,2.7230,11,0
20190130,0551,2.7230,2.7230,2.7230,2.7230,0,0
20190130,0552,2.7220,2.7240,2.7220,2.7240,13,0
20190130,0553,2.7240,2.7240,2.7220,2.7220,21,0
20190130,0554,2.7220,2.7220,2.7220,2.7220,11,0
20190130,0555,2.7230,2.7230,2.7220,2.7220,20,0
20190130,0556,2.7220,2.7220,2.7220,2.7220,1,0
20190130,0557,2.7220,2.7220,2.7220,2.7220,12,0
20190130,0558,2.7220,2.7220,2.7220,2.7220,12,0
20190130,0559,2.7220,2.7220,2.7210,2.7210,5,0
20190130,0600,2.7210,2.7210,2.7210,2.7210,0,0
20190130,0605,2.7210,2.7210,2.7210,2.7210,0,0
20190130,0620,2.7210,2.7210,2.7210,2.7210,0,0
20190130,0700,2.7210,2.7230,2.7210,2.7230,43,0
20190130,0701,2.7230,2.7230,2.7230,2.7230,5,0
20190130,0702,2.7230,2.7230,2.7220,2.7220,2,0
20190130,0703,2.7220,2.7220,2.7220,2.7220,10,0
20190130,0704,2.7220,2.7220,2.7220,2.7220,7,0
20190130,0705,2.7220,2.7230,2.7210,2.7230,49,0
20190130,0706,2.7230,2.7240,2.7230,2.7240,53,0
20190130,0707,2.7240,2.7250,2.7240,2.7240,23,0
20190130,0708,2.7240,2.7250,2.7240,2.7250,7,0
20190130,0709,2.7240,2.7240,2.7240,2.7240,3,0
20190130,0710,2.7240,2.7240,2.7240,2.7240,10,0
20190130,0711,2.7240,2.7240,2.7240,2.7240,6,0
20190130,0712,2.7240,2.7240,2.7240,2.7240,0,0
20190130,0713,2.7240,2.7240,2.7230,2.7240,14,0
20190130,0714,2.7240,2.7240,2.7240,2.7240,15,0
20190130,0715,2.7250,2.7250,2.7240,2.7240,3,0
20190130,0716,2.7240,2.7240,2.7240,2.7240,1,0
20190130,0717,2.7240,2.7250,2.7240,2.7250,7,0
20190130,0718,2.7250,2.7250,2.7250,2.7250,11,0
20190130,0719,2.7250,2.7260,2.7250,2.7260,47,0
20190130,0720,2.7260,2.7260,2.7250,2.7250,9,0
20190130,0721,2.7250,2.7250,2.7240,2.7250,10,0
20190130,0722,2.7250,2.7250,2.7250,2.7250,6,0
20190130,0723,2.7250,2.7250,2.7250,2.7250,3,0
20190130,0724,2.7250,2.7250,2.7250,2.7250,6,0
20190130,0725,2.7250,2.7250,2.7250,2.7250,1,0
20190130,0726,2.7250,2.7250,2.7250,2.7250,58,0
20190130,0727,2.7250,2.7250,2.7250,2.7250,1,0
20190130,0728,2.7250,2.7250,2.7250,2.7250,3,0
20190130,0729,2.7250,2.7250,2.7250,2.7250,18,0
20190130,0730,2.7250,2.7250,2.7250,2.7250,10,0
20190130,0731,2.7250,2.7260,2.7250,2.7260,5,0
20190130,0732,2.7260,2.7260,2.7260,2.7260,0,0
20190130,0733,2.7260,2.7260,2.7250,2.7250,2,0
20190130,0734,2.7250,2.7250,2.7250,2.7250,10,0
20190130,0735,2.7250,2.7260,2.7250,2.7260,13,0
20190130,0736,2.7260,2.7260,2.7260,2.7260,0,0
20190130,0737,2.7250,2.7250,2.7250,2.7250,8,0
20190130,0738,2.7250,2.7250,2.7250,2.7250,6,0
20190130,0739,2.7250,2.7250,2.7250,2.7250,0,0
20190130,0740,2.7250,2.7250,2.7250,2.7250,9,0
20190130,0741,2.7250,2.7250,2.7250,2.7250,15,0
20190130,0742,2.7250,2.7280,2.7250,2.7270,70,0
20190130,0743,2.7270,2.7270,2.7270,2.7270,6,0
20190130,0744,2.7270,2.7270,2.7260,2.7260,9,0
20190130,0745,2.7260,2.7260,2.7260,2.7260,5,0
20190130,0746,2.7250,2.7250,2.7250,2.7250,1,0
20190130,0747,2.7250,2.7250,2.7250,2.7250,4,0
20190130,0748,2.7250,2.7250,2.7250,2.7250,6,0
20190130,0749,2.7250,2.7250,2.7250,2.7250,1,0
20190130,0750,2.7250,2.7250,2.7240,2.7240,3,0
20190130,0751,2.7240,2.7240,2.7240,2.7240,4,0
20190130,0752,2.7240,2.7240,2.7240,2.7240,13,0
20190130,0753,2.7250,2.7250,2.7250,2.7250,9,0
20190130,0754,2.7250,2.7250,2.7250,2.7250,1,0
20190130,0755,2.7250,2.7250,2.7250,2.7250,1,0
20190130,0756,2.7250,2.7250,2.7250,2.7250,1,0
20190130,0757,2.7250,2.7250,2.7240,2.7240,7,0
20190130,0758,2.7240,2.7240,2.7240,2.7240,8,0
20190130,0759,2.7230,2.7230,2.7230,2.7230,10,0
20190130,0800,2.7230,2.7230,2.7230,2.7230,3,0
20190130,0801,2.7230,2.7230,2.7220,2.7220,29,0
20190130,0802,2.7220,2.7230,2.7220,2.7220,3,0
20190130,0803,2.7220,2.7230,2.7220,2.7220,9,0
20190130,0804,2.7220,2.7220,2.7210,2.7220,25,0
20190130,0805,2.7220,2.7220,2.7210,2.7220,10,0
20190130,0806,2.7220,2.7220,2.7220,2.7220,5,0
20190130,0807,2.7220,2.7220,2.7220,2.7220,5,0
20190130,0808,2.7220,2.7220,2.7210,2.7220,16,0
20190130,0809,2.7220,2.7220,2.7210,2.7210,4,0
20190130,0810,2.7210,2.7210,2.7210,2.7210,6,0
20190130,0811,2.7210,2.7220,2.7210,2.7220,2,0
20190130,0812,2.7220,2.7220,2.7210,2.7210,12,0
20190130,0813,2.7210,2.7210,2.7210,2.7210,5,0
20190130,0814,2.7210,2.7220,2.7210,2.7220,2,0
20190130,0815,2.7220,2.7220,2.7210,2.7210,1,0
20190130,0816,2.7210,2.7210,2.7210,2.7210,0,0
20190130,0817,2.7210,2.7210,2.7210,2.7210,8,0
20190130,0818,2.7210,2.7210,2.7210,2.7210,1,0
20190130,0819,2.7210,2.7210,2.7210,2.7210,1,0
20190130,0820,2.7210,2.7210,2.7210,2.7210,0,0
20190130,0821,2.7210,2.7220,2.7210,2.7220,2,0
20190130,0822,2.7220,2.7220,2.7220,2.7220,2,0
20190130,0823,2.7220,2.7220,2.7210,2.7210,7,0
20190130,0824,2.7210,2.7210,2.7210,2.7210,2,0
20190130,0825,2.7210,2.7210,2.7210,2.7210,0,0
20190130,0826,2.7210,2.7210,2.7210,2.7210,0,0
20190130,0827,2.7210,2.7210,2.7210,2.7210,10,0
20190130,0828,2.7210,2.7210,2.7200,2.7200,64,0
20190130,0829,2.7200,2.7220,2.7200,2.7220,15,0
20190130,0830,2.7220,2.7250,2.7220,2.7250,62,0
20190130,0831,2.7250,2.7260,2.7250,2.7250,15,0
20190130,0832,2.7250,2.7250,2.7240,2.7240,7,0
20190130,0833,2.7240,2.7240,2.7230,2.7230,6,0
20190130,0834,2.7230,2.7240,2.7230,2.7240,5,0
20190130,0835,2.7240,2.7240,2.7240,2.7240,10,0
20190130,0836,2.7240,2.7250,2.7240,2.7250,6,0
20190130,0837,2.7250,2.7250,2.7240,2.7240,5,0
20190130,0838,2.7240,2.7250,2.7240,2.7250,2,0
20190130,0839,2.7250,2.7250,2.7240,2.7240,11,0
20190130,0840,2.7240,2.7240,2.7240,2.7240,2,0
20190130,0841,2.7240,2.7240,2.7240,2.7240,10,0
20190130,0842,2.7240,2.7240,2.7240,2.7240,1,0
20190130,0843,2.7240,2.7240,2.7240,2.7240,0,0
20190130,0844,2.7240,2.7240,2.7240,2.7240,10,0
20190130,0845,2.7240,2.7240,2.7240,2.7240,7,0
20190130,0846,2.7240,2.7240,2.7240,2.7240,6,0
20190130,0847,2.7240,2.7240,2.7240,2.7240,3,0
20190130,0848,2.7240,2.7240,2.7230,2.7230,7,0
20190130,0849,2.7230,2.7230,2.7220,2.7220,27,0
20190130,0850,2.7220,2.7220,2.7220,2.7220,3,0
20190130,0851,2.7220,2.7230,2.7220,2.7230,7,0
20190130,0852,2.7230,2.7230,2.7230,2.7230,29,0
20190130,0853,2.7230,2.7230,2.7220,2.7220,4,0
20190130,0854,2.7220,2.7230,2.7220,2.7220,4,0
20190130,0855,2.7220,2.7220,2.7210,2.7220,17,0
20190130,0856,2.7220,2.7220,2.7220,2.7220,6,0
20190130,0857,2.7220,2.7220,2.7220,2.7220,31,0
20190130,0858,2.7220,2.7220,2.7210,2.7220,9,0
20190130,0859,2.7220,2.7220,2.7220,2.7220,3,0
20190130,0900,2.7240,2.7240,2.7210,2.7220,221,0
20190130,0901,2.7220,2.7230,2.7210,2.7220,60,0
20190211,2316,2.7890,2.7890,2.7880,2.7890,39,0
20190211,2317,2.7890,2.7890,2.7880,2.7880,58,0
20190211,2318,2.7880,2.7890,2.7880,2.7890,86,0
20190211,2319,2.7890,2.7910,2.7890,2.7910,156,0
20190211,2320,2.7910,2.7920,2.7900,2.7920,125,0
20190211,2321,2.7920,2.7920,2.7900,2.7900,122,0
20190211,2322,2.7900,2.7910,2.7890,2.7890,140,0
20190211,2323,2.7890,2.7900,2.7860,2.7870,161,0
20190211,2324,2.7870,2.7870,2.7850,2.7870,124,0
20190211,2325,2.7870,2.7870,2.7860,2.7860,90,0
20190211,2326,2.7860,2.7880,2.7860,2.7860,114,0
20190211,2327,2.7860,2.7860,2.7860,2.7860,32,0
20190211,2328,2.7860,2.7860,2.7850,2.7860,43,0
20190211,2329,2.7860,2.7870,2.7860,2.7860,48,0
20190211,2330,2.7860,2.7860,2.7820,2.7820,189,0
20190211,2331,2.7830,2.7850,2.7830,2.7840,92,0
20190211,2332,2.7840,2.7850,2.7840,2.7850,26,0
20190211,2333,2.7840,2.7840,2.7830,2.7840,88,0
20190211,2334,2.7840,2.7850,2.7840,2.7840,58,0
20190211,2335,2.7840,2.7850,2.7840,2.7840,110,0
20190211,2336,2.7840,2.7850,2.7840,2.7840,57,0
20190211,2337,2.7840,2.7860,2.7840,2.7850,62,0
20190211,2338,2.7850,2.7850,2.7840,2.7850,83,0
20190211,2339,2.7850,2.7850,2.7840,2.7850,55,0
20190211,2340,2.7850,2.7860,2.7850,2.7850,69,0
20190211,2341,2.7850,2.7860,2.7850,2.7860,43,0
20190211,2342,2.7860,2.7860,2.7850,2.7860,58,0
20190211,2343,2.7860,2.7870,2.7860,2.7860,64,0
20190211,2344,2.7860,2.7870,2.7860,2.7860,30,0
20190211,2345,2.7860,2.7860,2.7860,2.7860,64,0
20190211,2346,2.7860,2.7860,2.7820,2.7830,550,0
20190211,2347,2.7830,2.7860,2.7830,2.7850,68,0
20190211,2348,2.7850,2.7850,2.7840,2.7850,18,0
20190211,2349,2.7850,2.7850,2.7830,2.7840,29,0
20190211,2350,2.7840,2.7840,2.7830,2.7840,24,0
20190211,2351,2.7840,2.7850,2.7830,2.7830,62,0
20190211,2352,2.7830,2.7840,2.7830,2.7830,31,0
20190211,2353,2.7830,2.7840,2.7830,2.7830,71,0
20190211,2354,2.7830,2.7830,2.7820,2.7820,25,0
20190211,2355,2.7820,2.7830,2.7810,2.7830,110,0
20190211,2356,2.7830,2.7840,2.7830,2.7840,53,0
20190211,2357,2.7840,2.7860,2.7840,2.7860,107,0
20190211,2358,2.7860,2.7860,2.7860,2.7860,45,0
20190211,2359,2.7850,2.7860,2.7850,2.7850,59,0
20190212,0000,2.7850,2.7870,2.7850,2.7860,145,0
20190212,0001,2.7860,2.7860,2.7850,2.7850,38,0
20190212,0002,2.7850,2.7870,2.7850,2.7870,39,0
20190212,0003,2.7870,2.7870,2.7860,2.7870,35,0
20190212,0004,2.7870,2.7870,2.7870,2.7870,50,0
20190212,0005,2.7870,2.7880,2.7870,2.7880,56,0
20190212,0006,2.7880,2.7890,2.7880,2.7880,45,0
20190212,0007,2.7880,2.7880,2.7840,2.7850,199,0
20190212,0008,2.7850,2.7860,2.7850,2.7860,92,0
20190212,0009,2.7860,2.7860,2.7850,2.7860,29,0
20190212,0010,2.7860,2.7870,2.7860,2.7860,83,0
20190212,0011,2.7860,2.7870,2.7860,2.7870,52,0
20190212,0012,2.7870,2.7870,2.7860,2.7860,141,0
20190212,0013,2.7860,2.7860,2.7850,2.7850,96,0
20190212,0014,2.7850,2.7860,2.7830,2.7840,160,0
20190212,0015,2.7840,2.7850,2.7840,2.7850,68,0
20190212,0016,2.7850,2.7860,2.7850,2.7850,35,0
20190212,0017,2.7860,2.7860,2.7840,2.7850,99,0
20190212,0018,2.7850,2.7860,2.7850,2.7860,117,0
20190212,0019,2.7860,2.7870,2.7860,2.7870,324,0
20190212,0020,2.7870,2.7870,2.7860,2.7870,32,0
20190212,0021,2.7870,2.7880,2.7870,2.7880,30,0
20190212,0022,2.7880,2.7890,2.7880,2.7890,91,0
20190212,0023,2.7890,2.7890,2.7880,2.7880,33,0
20190212,0024,2.7880,2.7890,2.7880,2.7890,131,0
20190212,0025,2.7890,2.7890,2.7880,2.7880,87,0
20190212,0026,2.7880,2.7880,2.7870,2.7880,60,0
20190212,0027,2.7880,2.7880,2.7870,2.7880,42,0
20190212,0028,2.7880,2.7880,2.7880,2.7880,45,0
20190212,0029,2.7880,2.7890,2.7880,2.7880,30,0
20190212,0030,2.7880,2.7890,2.7880,2.7890,31,0
20190212,0031,2.7890,2.7890,2.7890,2.7890,49,0
20190212,0032,2.7890,2.7900,2.7890,2.7900,143,0
20190212,0033,2.7900,2.7910,2.7890,2.7900,271,0
20190212,0034,2.7890,2.7900,2.7880,2.7900,146,0
20190212,0035,2.7900,2.7900,2.7890,2.7890,195,0
20190212,0036,2.7890,2.7900,2.7890,2.7900,77,0
20190212,0037,2.7900,2.7910,2.7900,2.7900,94,0
20190212,0038,2.7900,2.7900,2.7890,2.7890,54,0
20190212,0039,2.7890,2.7890,2.7880,2.7890,47,0
20190212,0040,2.7890,2.7890,2.7870,2.7880,29,0
20190212,0041,2.7880,2.7880,2.7880,2.7880,64,0
20190212,0042,2.7880,2.7880,2.7880,2.7880,54,0
20190212,0043,2.7880,2.7880,2.7880,2.7880,78,0
20190212,0044,2.7880,2.7890,2.7880,2.7890,59,0
20190212,0045,2.7890,2.7900,2.7890,2.7890,36,0
20190212,0046,2.7890,2.7910,2.7890,2.7910,51,0
20190212,0047,2.7910,2.7910,2.7910,2.7910,22,0
20190212,0048,2.7910,2.7920,2.7910,2.7910,48,0
20190212,0049,2.7910,2.7910,2.7910,2.7910,22,0
20190212,0050,2.7910,2.7910,2.7890,2.7900,42,0
20190212,0051,2.7900,2.7900,2.7880,2.7890,59,0
20190212,0052,2.7890,2.7890,2.7880,2.7880,45,0
20190212,0053,2.7880,2.7880,2.7880,2.7880,35,0
20190212,0054,2.7880,2.7890,2.7880,2.7880,56,0
20190212,0055,2.7880,2.7880,2.7870,2.7870,31,0
20190212,0056,2.7870,2.7880,2.7870,2.7870,69,0
20190212,0057,2.7870,2.7880,2.7870,2.7870,48,0
20190212,0058,2.7870,2.7880,2.7870,2.7870,52,0
20190212,0059,2.7870,2.7880,2.7870,2.7880,52,0
20190212,0100,2.7880,2.7890,2.7880,2.7890,57,0
20190212,0101,2.7890,2.7920,2.7890,2.7920,154,0
20190212,0102,2.7920,2.7930,2.7910,2.7910,70,0
20190212,0103,2.7910,2.7910,2.7900,2.7900,44,0
20190212,0104,2.7900,2.7900,2.7890,2.7890,19,0
20190212,0105,2.7890,2.7890,2.7890,2.7890,24,0
20190212,0106,2.7890,2.7890,2.7880,2.7890,38,0
20190212,0107,2.7890,2.7890,2.7880,2.7880,21,0
20190212,0108,2.7880,2.7890,2.7880,2.7880,38,0
20190212,0109,2.7880,2.7880,2.7880,2.7880,92,0
20190212,0110,2.7880,2.7880,2.7880,2.7880,33,0
20190212,0111,2.7880,2.7890,2.7880,2.7880,42,0
20190212,0112,2.7880,2.7880,2.7880,2.7880,23,0
20190212,0113,2.7880,2.7880,2.7880,2.7880,36,0
20190212,0114,2.7880,2.7900,2.7880,2.7900,78,0
20190212,0115,2.7900,2.7910,2.7900,2.7910,18,0
20190212,0116,2.7910,2.7910,2.7910,2.7910,59,0
20190212,0117,2.7910,2.7920,2.7910,2.7920,63,0
20190212,0118,2.7920,2.7920,2.7920,2.7920,30,0
20190212,0119,2.7920,2.7930,2.7920,2.7920,30,0
20190212,0120,2.7920,2.7920,2.7910,2.7920,1241,0
20190212,0121,2.7920,2.7920,2.7910,2.7910,151,0
20190212,0122,2.7920,2.7920,2.7920,2.7920,26,0
20190212,0123,2.7920,2.7930,2.7920,2.7930,26,0
20190212,0124,2.7930,2.7930,2.7920,2.7930,22,0
20190212,0125,2.7930,2.7930,2.7930,2.7930,76,0
20190212,0126,2.7930,2.7930,2.7930,2.7930,23,0
20190212,0127,2.7930,2.7930,2.7930,2.7930,36,0
20190212,0128,2.7930,2.7930,2.7930,2.7930,29,0
20190212,0129,2.7930,2.7930,2.7930,2.7930,109,0
20190212,0130,2.7930,2.7930,2.7920,2.7920,18,0
20190212,0131,2.7930,2.7930,2.7920,2.7920,30,0
20190212,0132,2.7920,2.7930,2.7920,2.7930,42,0
20190212,0133,2.7930,2.7930,2.7920,2.7930,127,0
20190212,0134,2.7930,2.7930,2.7920,2.7930,106,0
20190212,0135,2.7930,2.7940,2.7930,2.7930,113,0
20190212,0136,2.7930,2.7930,2.7930,2.7930,48,0
20190212,0137,2.7930,2.7940,2.7930,2.7940,43,0
20190212,0138,2.7940,2.7940,2.7930,2.7930,18,0
20190212,0139,2.7930,2.7930,2.7930,2.7930,38,0
20190212,0140,2.7930,2.7930,2.7930,2.7930,6,0
20190212,0141,2.7930,2.7940,2.7930,2.7940,50,0
20190212,0142,2.7940,2.7940,2.7930,2.7930,57,0
20190212,0143,2.7930,2.7930,2.7920,2.7920,73,0
20190212,0144,2.7920,2.7930,2.7920,2.7930,287,0
20190212,0145,2.7930,2.7930,2.7930,2.7930,59,0
20190212,0146,2.7930,2.7930,2.7920,2.7920,105,0
20190212,0147,2.7920,2.7930,2.7920,2.7930,47,0
20190212,0148,2.7930,2.7930,2.7910,2.7920,129,0
20190212,0149,2.7920,2.7920,2.7910,2.7910,66,0
20190212,0150,2.7910,2.7920,2.7910,2.7920,852,0
20190212,0151,2.7920,2.7920,2.7900,2.7910,113,0
20190212,0152,2.7910,2.7910,2.7900,2.7900,18,0
20190212,0153,2.7900,2.7920,2.7900,2.7920,61,0
20190212,0154,2.7920,2.7920,2.7910,2.7910,83,0
20190212,0155,2.7910,2.7910,2.7900,2.7910,147,0
20190212,0156,2.7910,2.7910,2.7900,2.7910,60,0
20190212,0157,2.7910,2.7910,2.7900,2.7900,142,0
20190212,0158,2.7900,2.7900,2.7890,2.7900,236,0
20190212,0159,2.7900,2.7920,2.7890,2.7890,1630,0
20190212,0200,2.7890,2.7900,2.7890,2.7890,291,0
20190212,0201,2.7890,2.7890,2.7880,2.7890,185,0
20190212,0202,2.7890,2.7900,2.7890,2.7900,215,0
20190212,0203,2.7900,2.7910,2.7900,2.7900,73,0
20190212,0204,2.7900,2.7900,2.7900,2.7900,108,0
20190212,0205,2.7900,2.7900,2.7890,2.7890,54,0
20190212,0206,2.7890,2.7890,2.7890,2.7890,61,0
20190212,0207,2.7890,2.7890,2.7890,2.7890,15,0
20190212,0208,2.7890,2.7890,2.7890,2.7890,22,0
20190212,0209,2.7900,2.7900,2.7890,2.7890,32,0
20190212,0210,2.7890,2.7900,2.7890,2.7890,45,0
20190212,0211,2.7890,2.7890,2.7890,2.7890,13,0
20190212,0212,2.7890,2.7890,2.7880,2.7880,75,0
20190212,0213,2.7880,2.7880,2.7880,2.7880,45,0
20190212,0214,2.7880,2.7880,2.7880,2.7880,0,0
20190212,0215,2.7880,2.7880,2.7880,2.7880,96,0
20190212,0216,2.7880,2.7880,2.7870,2.7880,42,0
20190212,0217,2.7880,2.7880,2.7880,2.7880,14,0
20190212,0218,2.7870,2.7880,2.7870,2.7880,212,0
20190212,0219,2.7880,2.7880,2.7880,2.7880,43,0
20190212,0220,2.7880,2.7890,2.7880,2.7890,64,0
20190212,0221,2.7890,2.7890,2.7890,2.7890,80,0
20190212,0222,2.7890,2.7890,2.7880,2.7890,53,0
20190212,0223,2.7890,2.7890,2.7880,2.7890,17,0
20190212,0224,2.7890,2.7890,2.7880,2.7880,13,0
20190212,0225,2.7880,2.7880,2.7880,2.7880,12,0
20190212,0226,2.7880,2.7880,2.7880,2.7880,1,0
20190212,0227,2.7880,2.7880,2.7880,2.7880,52,0
20190212,0228,2.7880,2.7880,2.7880,2.7880,23,0
20190212,0229,2.7880,2.7880,2.7870,2.7880,23,0
20190212,0230,2.7880,2.7880,2.7880,2.7880,27,0
20190212,0231,2.7880,2.7880,2.7880,2.7880,5,0
20190212,0232,2.7880,2.7880,2.7880,2.7880,21,0
20190212,0233,2.7880,2.7880,2.7880,2.7880,6,0
20190212,0234,2.7880,2.7880,2.7880,2.7880,15,0
20190212,0235,2.7880,2.7880,2.7880,2.7880,15,0
20190212,0236,2.7880,2.7880,2.7870,2.7870,5,0
20190212,0237,2.7870,2.7870,2.7870,2.7870,51,0
20190212,0238,2.7870,2.7880,2.7870,2.7880,14,0
20190212,0239,2.7880,2.7880,2.7880,2.7880,0,0
20190212,0240,2.7880,2.7880,2.7880,2.7880,0,0
20190212,0241,2.7880,2.7880,2.7870,2.7870,10,0
20190212,0242,2.7870,2.7880,2.7870,2.7870,53,0
20190212,0243,2.7870,2.7870,2.7860,2.7860,123,0
20190212,0244,2.7860,2.7860,2.7860,2.7860,157,0
20190212,0245,2.7860,2.7860,2.7850,2.7850,21,0
20190212,0246,2.7850,2.7850,2.7850,2.7850,19,0
20190212,0247,2.7850,2.7850,2.7850,2.7850,50,0
20190212,0248,2.7850,2.7860,2.7840,2.7860,85,0
20190212,0249,2.7860,2.7870,2.7860,2.7870,41,0
20190212,0250,2.7870,2.7880,2.7870,2.7870,24,0
20190212,0251,2.7870,2.7880,2.7870,2.7880,4,0
20190212,0252,2.7880,2.7880,2.7870,2.7870,9,0
20190212,0253,2.7870,2.7870,2.7870,2.7870,0,0
20190212,0254,2.7870,2.7870,2.7870,2.7870,17,0
20190212,0255,2.7870,2.7870,2.7870,2.7870,847,0
20190212,0256,2.7870,2.7880,2.7870,2.7880,8,0
20190212,0257,2.7880,2.7880,2.7870,2.7870,53,0
20190212,0258,2.7870,2.7880,2.7870,2.7870,53,0
20190212,0259,2.7870,2.7880,2.7870,2.7870,9,0
20190212,0300,2.7870,2.7880,2.7870,2.7880,10,0
20190212,0301,2.7880,2.7880,2.7870,2.7870,4,0
20190212,0302,2.7870,2.7870,2.7870,2.7870,7,0
20190212,0303,2.7870,2.7870,2.7870,2.7870,11,0
20190212,0304,2.7870,2.7880,2.7870,2.7870,10,0
20190212,0305,2.7870,2.7870,2.7870,2.7870,6,0
20190212,0306,2.7870,2.7870,2.7870,2.7870,6,0
20190212,0307,2.7870,2.7870,2.7870,2.7870,4,0
20190212,0308,2.7870,2.7870,2.7870,2.7870,6,0
20190212,0309,2.7870,2.7870,2.7870,2.7870,25,0
20190212,0310,2.7870,2.7870,2.7870,2.7870,7,0
20190212,0311,2.7870,2.7870,2.7870,2.7870,11,0
20190212,0312,2.7870,2.7870,2.7870,2.7870,38,0
20190212,0313,2.7870,2.7870,2.7870,2.7870,5,0
20190212,0314,2.7870,2.7870,2.7870,2.7870,16,0
20190212,0315,2.7870,2.7870,2.7870,2.7870,2,0
20190212,0316,2.7870,2.7870,2.7870,2.7870,5,0
20190212,0317,2.7870,2.7870,2.7870,2.7870,10,0
20190212,0318,2.7870,2.7870,2.7870,2.7870,37,0
20190212,0319,2.7870,2.7870,2.7870,2.7870,3,0
20190212,0320,2.7870,2.7870,2.7870,2.7870,1,0
20190212,0321,2.7870,2.7870,2.7870,2.7870,0,0
20190212,0322,2.7870,2.7870,2.7870,2.7870,3,0
20190212,0323,2.7870,2.7870,2.7870,2.7870,25,0
20190212,0324,2.7870,2.7870,2.7870,2.7870,8,0
20190212,0325,2.7870,2.7880,2.7870,2.7880,23,0
20190212,0326,2.7880,2.7880,2.7880,2.7880,0,0
20190212,0327,2.7880,2.7880,2.7880,2.7880,15,0
20190212,0328,2.7880,2.7880,2.7880,2.7880,5,0
20190212,0329,2.7880,2.7880,2.7880,2.7880,0,0
20190212,0330,2.7880,2.7880,2.7880,2.7880,0,0
20190212,0331,2.7880,2.7880,2.7880,2.7880,0,0
20190212,0332,2.7880,2.7880,2.7870,2.7870,45,0
20190212,0333,2.7870,2.7870,2.7870,2.7870,0,0
20190212,0334,2.7870,2.7870,2.7870,2.7870,0,0
20190212,0335,2.7870,2.7880,2.7870,2.7880,20,0
20190212,0336,2.7880,2.7880,2.7870,2.7870,31,0
20190212,0337,2.7870,2.7880,2.7870,2.7870,2,0
20190212,0338,2.7870,2.7870,2.7870,2.7870,1,0
20190212,0339,2.7870,2.7870,2.7870,2.7870,0,0
20190212,0340,2.7880,2.7880,2.7880,2.7880,4,0
20190212,0341,2.7880,2.7890,2.7880,2.7890,24,0
20190212,0342,2.7890,2.7890,2.7890,2.7890,0,0
20190212,0343,2.7890,2.7890,2.7880,2.7880,4,0
20190212,0344,2.7880,2.7880,2.7880,2.7880,0,0
20190212,0345,2.7880,2.7880,2.7880,2.7880,1,0
20190212,0346,2.7880,2.7880,2.7880,2.7880,50,0
20190212,0347,2.7880,2.7880,2.7880,2.7880,1,0
20190212,0348,2.7880,2.7880,2.7880,2.7880,2,0
20190212,0349,2.7880,2.7880,2.7880,2.7880,2,0
20190212,0350,2.7880,2.7880,2.7880,2.7880,3,0
20190212,0351,2.7880,2.7880,2.7880,2.7880,1,0
20190212,0352,2.7880,2.7880,2.7880,2.7880,1,0
20190212,0353,2.7880,2.7880,2.7880,2.7880,20,0
20190212,0354,2.7880,2.7880,2.7880,2.7880,1,0
20190212,0355,2.7880,2.7880,2.7880,2.7880,4,0
20190212,0356,2.7880,2.7880,2.7880,2.7880,3,0
20190212,0357,2.7880,2.7880,2.7880,2.7880,2,0
20190212,0358,2.7880,2.7880,2.7880,2.7880,0,0
20190212,0359,2.7880,2.7880,2.7880,2.7880,1,0
20190212,0400,2.7880,2.7880,2.7880,2.7880,14,0
20190212,0401,2.7880,2.7880,2.7880,2.7880,1,0
20190212,0402,2.7880,2.7880,2.7880,2.7880,1,0
20190212,0403,2.7880,2.7880,2.7880,2.7880,1,0
20190212,0404,2.7880,2.7880,2.7880,2.7880,2,0
20190212,0405,2.7880,2.7880,2.7880,2.7880,26,0
20190212,0406,2.7880,2.7880,2.7880,2.7880,7,0
20190212,0407,2.7880,2.7880,2.7880,2.7880,0,0
20190212,0408,2.7880,2.7880,2.7880,2.7880,0,0
20190212,0409,2.7880,2.7880,2.7880,2.7880,1,0
20190212,0410,2.7880,2.7880,2.7880,2.7880,1,0
20190212,0411,2.7880,2.7880,2.7880,2.7880,0,0
20190212,0412,2.7880,2.7880,2.7880,2.7880,1,0
20190212,0413,2.7880,2.7880,2.7880,2.7880,11,0
20190212,0414,2.7880,2.7880,2.7880,2.7880,29,0
20190212,0415,2.7880,2.7880,2.7880,2.7880,0,0
20190212,0416,2.7880,2.7880,2.7870,2.7870,2,0
20190212,0417,2.7870,2.7880,2.7870,2.7880,6,0
20190212,0418,2.7880,2.7880,2.7880,2.7880,7,0
20190212,0419,2.7880,2.7880,2.7880,2.7880,2,0
20190212,0420,2.7880,2.7880,2.7880,2.7880,5,0
20190212,0421,2.7880,2.7880,2.7880,2.7880,1,0
20190212,0422,2.7880,2.7880,2.7880,2.7880,1,0
20190212,0423,2.7880,2.7880,2.7880,2.7880,0,0
20190212,0424,2.7880,2.7880,2.7880,2.7880,2,0
20190212,0425,2.7880,2.7880,2.7880,2.7880,3,0
20190212,0426,2.7880,2.7880,2.7880,2.7880,3,0
20190212,0427,2.7880,2.7880,2.7880,2.7880,1,0
20190212,0428,2.7880,2.7880,2.7880,2.7880,1,0
20190212,0429,2.7880,2.7880,2.7880,2.7880,29,0
20190212,0430,2.7880,2.7880,2.7880,2.7880,3,0
20190212,0431,2.7880,2.7880,2.7880,2.7880,4,0
20190212,0432,2.7880,2.7880,2.7880,2.7880,1,0
20190212,0433,2.7880,2.7880,2.7880,2.7880,8,0
20190212,0434,2.7880,2.7880,2.7870,2.7870,29,0
20190212,0435,2.7870,2.7870,2.7870,2.7870,2,0
20190212,0436,2.7870,2.7870,2.7870,2.7870,1,0
20190212,0437,2.7870,2.7880,2.7870,2.7880,4,0
20190212,0438,2.7880,2.7880,2.7880,2.7880,12,0
20190212,0439,2.7880,2.7880,2.7880,2.7880,2,0
20190212,0440,2.7880,2.7880,2.7880,2.7880,37,0
20190212,0441,2.7880,2.7880,2.7880,2.7880,4,0
20190212,0442,2.7870,2.7870,2.7870,2.7870,48,0
20190212,0443,2.7870,2.7870,2.7870,2.7870,3,0
20190212,0444,2.7870,2.7870,2.7870,2.7870,2,0
20190212,0445,2.7870,2.7880,2.7870,2.7880,11,0
20190212,0446,2.7880,2.7880,2.7880,2.7880,1,0
20190212,0447,2.7880,2.7880,2.7880,2.7880,7,0
20190212,0448,2.7880,2.7880,2.7880,2.7880,1,0
20190212,0449,2.7880,2.7880,2.7880,2.7880,0,0
20190212,0450,2.7880,2.7880,2.7880,2.7880,19,0
20190212,0451,2.7880,2.7880,2.7880,2.7880,0,0
20190212,0452,2.7880,2.7880,2.7880,2.7880,3,0
20190212,0453,2.7880,2.7880,2.7880,2.7880,32,0
20190212,0454,2.7880,2.7880,2.7880,2.7880,0,0
20190212,0455,2.7880,2.7880,2.7880,2.7880,4,0
20190212,0456,2.7880,2.7880,2.7880,2.7880,1,0
20190212,0457,2.7880,2.7890,2.7880,2.7890,19,0
20190212,0458,2.7890,2.7890,2.7890,2.7890,14,0
20190212,0459,2.7890,2.7900,2.7890,2.7890,93,0
20190212,0500,2.7890,2.7890,2.7880,2.7880,10,0
20190212,0501,2.7880,2.7890,2.7880,2.7890,16,0
20190212,0502,2.7890,2.7890,2.7890,2.7890,47,0
20190212,0503,2.7890,2.7890,2.7880,2.7880,1,0
20190212,0504,2.7880,2.7880,2.7880,2.7880,0,0
20190212,0505,2.7880,2.7880,2.7880,2.7880,0,0
20190212,0506,2.7880,2.7880,2.7880,2.7880,60,0
20190212,0507,2.7890,2.7890,2.7880,2.7880,5,0
20190212,0508,2.7880,2.7880,2.7880,2.7880,2,0
20190212,0509,2.7880,2.7880,2.7880,2.7880,1,0
20190212,0510,2.7880,2.7880,2.7880,2.7880,0,0
20190212,0511,2.7880,2.7880,2.7880,2.7880,8,0
20190212,0512,2.7880,2.7880,2.7880,2.7880,0,0
20190212,0513,2.7880,2.7880,2.7880,2.7880,0,0
20190212,0514,2.7880,2.7880,2.7880,2.7880,0,0
20190212,0515,2.7880,2.7880,2.7880,2.7880,0,0
20190212,0516,2.7880,2.7880,2.7880,2.7880,8,0
20190212,0517,2.7880,2.7880,2.7880,2.7880,0,0
20190212,0518,2.7880,2.7880,2.7880,2.7880,2,0
20190212,0519,2.7880,2.7880,2.7880,2.7880,0,0
20190212,0520,2.7880,2.7880,2.7880,2.7880,1,0
20190212,0521,2.7880,2.7880,2.7880,2.7880,0,0
20190212,0525,2.7880,2.7880,2.7880,2.7880,13,0
20190212,0526,2.7880,2.7880,2.7880,2.7880,0,0
20190212,0527,2.7880,2.7880,2.7880,2.7880,1,0
20190212,0528,2.7880,2.7880,2.7880,2.7880,0,0
20190212,0529,2.7880,2.7880,2.7880,2.7880,6,0
20190212,0530,2.7880,2.7890,2.7880,2.7890,42,0
20190212,0531,2.7880,2.7880,2.7880,2.7880,3,0
20190212,0532,2.7880,2.7880,2.7880,2.7880,1,0
20190212,0533,2.7880,2.7880,2.7880,2.7880,0,0
20190212,0534,2.7880,2.7880,2.7880,2.7880,0,0
20190212,0535,2.7880,2.7880,2.7880,2.7880,0,0
20190212,0536,2.7880,2.7880,2.7880,2.7880,2,0
20190212,0537,2.7880,2.7880,2.7880,2.7880,1,0
20190212,0538,2.7880,2.7880,2.7880,2.7880,1,0
20190212,0539,2.7880,2.7880,2.7880,2.7880,13,0
20190212,0540,2.7880,2.7880,2.7880,2.7880,4,0
20190212,0541,2.7880,2.7880,2.7880,2.7880,0,0
20190212,0542,2.7880,2.7880,2.7880,2.7880,5,0
20190212,0543,2.7880,2.7880,2.7880,2.7880,1,0
20190212,0544,2.7880,2.7890,2.7880,2.7890,1,0
20190212,0545,2.7890,2.7890,2.7880,2.7880,4,0
20190212,0546,2.7880,2.7880,2.7880,2.7880,3,0
20190212,0547,2.7880,2.7880,2.7880,2.7880,1,0
20190212,0548,2.7880,2.7880,2.7880,2.7880,0,0
20190212,0549,2.7890,2.7890,2.7890,2.7890,6,0
20190212,0550,2.7890,2.7890,2.7880,2.7890,35,0
20190212,0551,2.7890,2.7890,2.7890,2.7890,0,0
20190212,0552,2.7890,2.7890,2.7890,2.7890,2,0
20190212,0553,2.7890,2.7890,2.7890,2.7890,0,0
20190212,0554,2.7880,2.7880,2.7880,2.7880,1,0
20190212,0555,2.7880,2.7890,2.7880,2.7890,11,0
20190212,0556,2.7890,2.7890,2.7890,2.7890,0,0
20190212,0557,2.7880,2.7880,2.7880,2.7880,2,0
20190212,0558,2.7880,2.7880,2.7880,2.7880,1,0
20190212,0559,2.7880,2.7890,2.7880,2.7880,5,0
20190212,0600,2.7880,2.7880,2.7880,2.7880,0,0
20190212,0605,2.7880,2.7880,2.7880,2.7880,0,0
20190212,0620,2.7880,2.7880,2.7880,2.7880,0,0
20190212,0700,2.7900,2.7900,2.7890,2.7890,21,0
20190212,0701,2.7900,2.7900,2.7900,2.7900,19,0
20190212,0702,2.7900,2.7900,2.7900,2.7900,15,0
20190212,0703,2.7900,2.7900,2.7900,2.7900,6,0
20190212,0704,2.7890,2.7900,2.7890,2.7900,16,0
20190212,0705,2.7900,2.7900,2.7890,2.7890,7,0
20190212,0706,2.7890,2.7890,2.7890,2.7890,1,0
20190212,0707,2.7890,2.7890,2.7890,2.7890,2,0
20190212,0708,2.7890,2.7890,2.7890,2.7890,0,0
20190212,0709,2.7890,2.7890,2.7890,2.7890,3,0
20190212,0711,2.7890,2.7890,2.7890,2.7890,0,0
20190212,0712,2.7890,2.7890,2.7890,2.7890,0,0
20190212,0713,2.7890,2.7890,2.7890,2.7890,7,0
20190212,0714,2.7890,2.7890,2.7890,2.7890,1,0
20190212,0715,2.7890,2.7890,2.7890,2.7890,6,0
20190212,0716,2.7890,2.7890,2.7880,2.7880,20,0
20190212,0717,2.7880,2.7880,2.7880,2.7880,1,0
20190212,0719,2.7880,2.7880,2.7880,2.7880,1,0
20190212,0720,2.7880,2.7880,2.7880,2.7880,2,0
20190212,0721,2.7880,2.7880,2.7880,2.7880,0,0
20190212,0722,2.7880,2.7880,2.7880,2.7880,1,0
20190212,0723,2.7880,2.7880,2.7880,2.7880,2,0
20190212,0724,2.7880,2.7880,2.7880,2.7880,0,0
20190212,0725,2.7880,2.7880,2.7880,2.7880,1,0
20190212,0726,2.7880,2.7880,2.7880,2.7880,0,0
20190212,0727,2.7880,2.7880,2.7880,2.7880,0,0
20190212,0728,2.7880,2.7880,2.7880,2.7880,7,0
20190212,0729,2.7880,2.7880,2.7880,2.7880,0,0
20190212,0730,2.7880,2.7880,2.7880,2.7880,2,0
20190212,0731,2.7880,2.7880,2.7880,2.7880,0,0
20190212,0732,2.7880,2.7880,2.7880,2.7880,0,0
20190212,0733,2.7880,2.7880,2.7880,2.7880,0,0
20190212,0734,2.7880,2.7880,2.7880,2.7880,0,0
20190212,0735,2.7880,2.7880,2.7880,2.7880,2,0
20190212,0736,2.7880,2.7880,2.7880,2.7880,4,0
20190212,0737,2.7880,2.7880,2.7880,2.7880,0,0
20190212,0738,2.7880,2.7880,2.7880,2.7880,0,0
20190212,0739,2.7880,2.7880,2.7880,2.7880,3,0
20190212,0740,2.7880,2.7880,2.7880,2.7880,0,0
20190212,0741,2.7880,2.7880,2.7880,2.7880,0,0
20190212,0742,2.7880,2.7880,2.7880,2.7880,2,0
20190212,0743,2.7880,2.7880,2.7880,2.7880,0,0
20190212,0744,2.7880,2.7880,2.7880,2.7880,0,0
20190212,0745,2.7880,2.7880,2.7880,2.7880,0,0
20190212,0746,2.7880,2.7880,2.7880,2.7880,7,0
20190212,0747,2.7880,2.7880,2.7880,2.7880,0,0
20190212,0748,2.7880,2.7880,2.7880,2.7880,0,0
20190212,0749,2.7880,2.7880,2.7880,2.7880,1,0
20190212,0750,2.7880,2.7880,2.7880,2.7880,1,0
20190212,0751,2.7880,2.7880,2.7880,2.7880,0,0
20190212,0752,2.7880,2.7880,2.7880,2.7880,2,0
20190212,0753,2.7880,2.7880,2.7880,2.7880,0,0
20190212,0754,2.7880,2.7880,2.7880,2.7880,0,0
20190212,0755,2.7880,2.7880,2.7880,2.7880,0,0
20190212,0756,2.7880,2.7880,2.7880,2.7880,2,0
20190212,0757,2.7880,2.7880,2.7880,2.7880,1,0
20190212,0758,2.7890,2.7890,2.7890,2.7890,12,0
20190212,0759,2.7890,2.7890,2.7890,2.7890,0,0
20190212,0800,2.7890,2.7900,2.7890,2.7890,3,0
20190212,0801,2.7890,2.7890,2.7890,2.7890,2,0
20190212,0802,2.7890,2.7890,2.7890,2.7890,3,0
20190212,0803,2.7890,2.7890,2.7890,2.7890,2,0
20190212,0804,2.7890,2.7890,2.7890,2.7890,2,0
20190212,0805,2.7890,2.7890,2.7890,2.7890,0,0
20190212,0806,2.7890,2.7890,2.7890,2.7890,5,0
20190212,0807,2.7890,2.7890,2.7890,2.7890,5,0
20190212,0808,2.7890,2.7890,2.7890,2.7890,4,0
20190212,0809,2.7890,2.7890,2.7890,2.7890,4,0
20190212,0810,2.7890,2.7900,2.7890,2.7900,30,0
20190212,0811,2.7900,2.7910,2.7900,2.7910,33,0
20190212,0812,2.7910,2.7910,2.7910,2.7910,2,0
20190212,0813,2.7910,2.7920,2.7910,2.7910,33,0
20190212,0814,2.7910,2.7910,2.7910,2.7910,5,0
20190212,0815,2.7910,2.7910,2.7910,2.7910,14,0
20190212,0816,2.7910,2.7910,2.7910,2.7910,7,0
20190212,0817,2.7910,2.7910,2.7900,2.7900,10,0
20190212,0818,2.7900,2.7900,2.7900,2.7900,0,0
20190212,0819,2.7900,2.7900,2.7900,2.7900,10,0
20190212,0820,2.7900,2.7910,2.7900,2.7910,2,0
20190212,0821,2.7910,2.7910,2.7910,2.7910,5,0
20190212,0822,2.7910,2.7910,2.7910,2.7910,7,0
20190212,0823,2.7910,2.7920,2.7910,2.7910,6,0
20190212,0824,2.7910,2.7920,2.7910,2.7920,17,0
20190212,0825,2.7920,2.7920,2.7920,2.7920,8,0
20190212,0826,2.7920,2.7920,2.7920,2.7920,0,0
20190212,0827,2.7920,2.7920,2.7920,2.7920,10,0
20190212,0828,2.7920,2.7920,2.7920,2.7920,1,0
20190212,0829,2.7920,2.7920,2.7920,2.7920,10,0
20190212,0830,2.7920,2.7930,2.7920,2.7920,39,0
20190212,0831,2.7920,2.7920,2.7920,2.7920,21,0
20190212,0832,2.7920,2.7920,2.7910,2.7920,24,0
20190212,0833,2.7920,2.7920,2.7910,2.7920,21,0
20190212,0834,2.7920,2.7920,2.7910,2.7910,13,0
20190212,0835,2.7910,2.7910,2.7910,2.7910,2,0
20190212,0836,2.7910,2.7920,2.7910,2.7910,6,0
20190212,0837,2.7910,2.7920,2.7910,2.7920,12,0
20190212,0838,2.7920,2.7920,2.7920,2.7920,3,0
20190212,0839,2.7920,2.7920,2.7920,2.7920,23,0
20190212,0840,2.7920,2.7920,2.7920,2.7920,1,0
20190213,0109,2.7720,2.7720,2.7720,2.7720,15,0
20190213,0110,2.7720,2.7720,2.7720,2.7720,47,0
20190213,0111,2.7720,2.7720,2.7720,2.7720,13,0
20190213,0112,2.7720,2.7730,2.7720,2.7730,32,0
20190213,0113,2.7720,2.7720,2.7720,2.7720,43,0
20190213,0114,2.7720,2.7730,2.7710,2.7710,41,0
20190213,0115,2.7710,2.7720,2.7710,2.7710,84,0
20190213,0116,2.7710,2.7710,2.7690,2.7700,127,0
20190213,0117,2.7700,2.7700,2.7690,2.7700,39,0
20190213,0118,2.7700,2.7700,2.7700,2.7700,33,0
20190213,0119,2.7700,2.7700,2.7690,2.7690,87,0
20190213,0120,2.7690,2.7710,2.7690,2.7710,103,0
20190213,0121,2.7710,2.7710,2.7700,2.7710,47,0
20190213,0122,2.7710,2.7720,2.7710,2.7710,30,0
20190213,0123,2.7710,2.7730,2.7710,2.7720,78,0
20190213,0124,2.7720,2.7720,2.7710,2.7720,50,0
20190213,0125,2.7720,2.7720,2.7720,2.7720,24,0
20190213,0126,2.7720,2.7720,2.7720,2.7720,22,0
20190213,0127,2.7720,2.7720,2.7720,2.7720,31,0
20190213,0128,2.7720,2.7720,2.7710,2.7710,26,0
20190213,0129,2.7710,2.7720,2.7700,2.7720,171,0
20190213,0130,2.7720,2.7740,2.7720,2.7740,248,0
20190213,0131,2.7740,2.7750,2.7730,2.7740,102,0
20190213,0132,2.7740,2.7760,2.7740,2.7750,123,0
20190213,0133,2.7750,2.7760,2.7740,2.7760,64,0
20190213,0134,2.7750,2.7750,2.7740,2.7740,39,0
20190213,0135,2.7750,2.7750,2.7740,2.7740,26,0
20190213,0136,2.7740,2.7740,2.7740,2.7740,53,0
20190213,0137,2.7740,2.7740,2.7730,2.7740,89,0
20190213,0138,2.7740,2.7740,2.7740,2.7740,125,0
20190213,0139,2.7740,2.7740,2.7740,2.7740,629,0
20190213,0140,2.7740,2.7750,2.7730,2.7750,210,0
20190213,0141,2.7750,2.7750,2.7730,2.7740,20,0
20190213,0142,2.7740,2.7740,2.7730,2.7740,20,0
20190213,0143,2.7740,2.7740,2.7740,2.7740,25,0
20190213,0144,2.7740,2.7740,2.7740,2.7740,24,0
20190213,0145,2.7740,2.7740,2.7730,2.7730,77,0
20190213,0146,2.7730,2.7730,2.7730,2.7730,50,0
20190213,0147,2.7740,2.7740,2.7730,2.7730,71,0
20190213,0148,2.7730,2.7730,2.7720,2.7720,68,0
20190213,0149,2.7720,2.7730,2.7720,2.7730,100,0
20190213,0150,2.7730,2.7730,2.7710,2.7720,107,0
20190213,0151,2.7720,2.7730,2.7720,2.7730,78,0
20190213,0152,2.7730,2.7730,2.7730,2.7730,23,0
20190213,0153,2.7730,2.7740,2.7730,2.7730,48,0
20190213,0154,2.7730,2.7730,2.7730,2.7730,29,0
20190213,0155,2.7730,2.7730,2.7730,2.7730,81,0
20190213,0156,2.7730,2.7730,2.7720,2.7730,86,0
20190213,0157,2.7730,2.7730,2.7720,2.7720,68,0
20190213,0158,2.7720,2.7730,2.7720,2.7730,146,0
20190213,0159,2.7730,2.7730,2.7710,2.7720,3503,0
20190213,0200,2.7720,2.7730,2.7720,2.7720,870,0
20190213,0201,2.7720,2.7730,2.7720,2.7720,96,0
20190213,0202,2.7720,2.7720,2.7710,2.7710,130,0
20190213,0203,2.7710,2.7720,2.7710,2.7720,128,0
20190213,0204,2.7720,2.7730,2.7720,2.7720,89,0
20190213,0205,2.7730,2.7730,2.7720,2.7720,20,0
20190213,0206,2.7720,2.7730,2.7720,2.7730,17,0
20190213,0207,2.7730,2.7740,2.7730,2.7740,122,0
20190213,0208,2.7740,2.7750,2.7730,2.7750,131,0
20190213,0209,2.7750,2.7760,2.7750,2.7750,70,0
20190213,0210,2.7750,2.7750,2.7740,2.7740,44,0
20190213,0211,2.7740,2.7750,2.7740,2.7750,49,0
20190213,0212,2.7750,2.7750,2.7740,2.7740,226,0
20190213,0213,2.7740,2.7740,2.7740,2.7740,921,0
20190213,0214,2.7740,2.7740,2.7740,2.7740,13,0
20190213,0215,2.7740,2.7740,2.7730,2.7740,39,0
20190213,0216,2.7750,2.7750,2.7740,2.7740,20,0
20190213,0217,2.7740,2.7750,2.7740,2.7740,14,0
20190213,0218,2.7740,2.7750,2.7740,2.7750,11,0
20190213,0219,2.7750,2.7750,2.7740,2.7740,28,0
20190213,0220,2.7740,2.7740,2.7730,2.7730,59,0
20190213,0221,2.7730,2.7730,2.7720,2.7720,63,0
20190213,0222,2.7720,2.7720,2.7720,2.7720,15,0
20190213,0223,2.7720,2.7720,2.7720,2.7720,16,0
20190213,0224,2.7720,2.7720,2.7720,2.7720,0,0
20190213,0225,2.7720,2.7730,2.7720,2.7730,24,0
20190213,0226,2.7730,2.7730,2.7720,2.7720,15,0
20190213,0227,2.7720,2.7720,2.7720,2.7720,4,0
20190213,0228,2.7720,2.7720,2.7720,2.7720,2,0
20190213,0229,2.7720,2.7720,2.7720,2.7720,10,0
20190213,0230,2.7720,2.7730,2.7720,2.7720,45,0
20190213,0231,2.7720,2.7730,2.7720,2.7730,46,0
20190213,0232,2.7730,2.7730,2.7720,2.7730,6,0
20190213,0233,2.7730,2.7730,2.7730,2.7730,8,0
20190213,0234,2.7730,2.7740,2.7730,2.7740,8,0
20190213,0235,2.7740,2.7740,2.7730,2.7730,21,0
20190213,0236,2.7730,2.7730,2.7720,2.7720,48,0
20190213,0237,2.7720,2.7730,2.7720,2.7720,6,0
20190213,0238,2.7720,2.7730,2.7720,2.7730,142,0
20190213,0239,2.7730,2.7730,2.7730,2.7730,6,0
20190213,0240,2.7730,2.7730,2.7720,2.7720,5,0
20190213,0241,2.7720,2.7730,2.7720,2.7720,27,0
20190213,0242,2.7720,2.7730,2.7720,2.7730,4,0
20190213,0243,2.7730,2.7740,2.7730,2.7740,4,0
20190213,0244,2.7740,2.7740,2.7730,2.7730,890,0
20190213,0245,2.7730,2.7730,2.7730,2.7730,12,0
20190213,0246,2.7730,2.7730,2.7730,2.7730,255,0
20190213,0247,2.7730,2.7730,2.7730,2.7730,123,0
20190213,0248,2.7730,2.7730,2.7730,2.7730,55,0
20190213,0249,2.7730,2.7740,2.7730,2.7740,25,0
20190213,0250,2.7740,2.7740,2.7740,2.7740,19,0
20190213,0251,2.7740,2.7740,2.7740,2.7740,13,0
20190213,0252,2.7740,2.7740,2.7730,2.7740,45,0
20190213,0253,2.7740,2.7740,2.7740,2.7740,6,0
20190213,0254,2.7740,2.7740,2.7740,2.7740,0,0
20190213,0255,2.7740,2.7740,2.7730,2.7730,1,0
20190213,0256,2.7730,2.7730,2.7730,2.7730,15,0
20190213,0257,2.7730,2.7730,2.7730,2.7730,4,0
20190213,0258,2.7730,2.7730,2.7730,2.7730,2,0
20190213,0259,2.7730,2.7730,2.7730,2.7730,9,0
20190213,0300,2.7730,2.7730,2.7730,2.7730,19,0
20190213,0301,2.7730,2.7730,2.7720,2.7720,4,0
20190213,0302,2.7720,2.7720,2.7720,2.7720,16,0
20190213,0303,2.7720,2.7720,2.7720,2.7720,7,0
20190213,0304,2.7720,2.7720,2.7720,2.7720,0,0
20190213,0305,2.7720,2.7720,2.7720,2.7720,8,0
20190213,0306,2.7720,2.7720,2.7720,2.7720,21,0
20190213,0307,2.7720,2.7720,2.7720,2.7720,1,0
20190213,0308,2.7720,2.7720,2.7720,2.7720,1,0
20190213,0309,2.7720,2.7730,2.7720,2.7730,8,0
20190213,0310,2.7730,2.7730,2.7730,2.7730,7,0
20190213,0311,2.7730,2.7730,2.7730,2.7730,6,0
20190213,0312,2.7730,2.7730,2.7730,2.7730,16,0
20190213,0313,2.7730,2.7730,2.7730,2.7730,1,0
20190213,0314,2.7730,2.7730,2.7730,2.7730,2,0
20190213,0315,2.7730,2.7730,2.7730,2.7730,10,0
20190213,0316,2.7730,2.7730,2.7730,2.7730,4,0
20190213,0317,2.7730,2.7730,2.7720,2.7720,5,0
20190213,0318,2.7720,2.7720,2.7720,2.7720,8,0
20190213,0319,2.7720,2.7720,2.7720,2.7720,5,0
20190213,0320,2.7720,2.7720,2.7710,2.7710,8,0
20190213,0321,2.7710,2.7720,2.7710,2.7720,6,0
20190213,0322,2.7720,2.7720,2.7720,2.7720,0,0
20190213,0323,2.7720,2.7720,2.7710,2.7720,5,0
20190213,0324,2.7720,2.7720,2.7720,2.7720,4,0
20190213,0325,2.7720,2.7720,2.7720,2.7720,17,0
20190213,0326,2.7720,2.7720,2.7720,2.7720,4,0
20190213,0327,2.7720,2.7720,2.7720,2.7720,5,0
20190213,0328,2.7720,2.7720,2.7720,2.7720,1,0
20190213,0329,2.7720,2.7720,2.7720,2.7720,3,0
20190213,0330,2.7720,2.7720,2.7720,2.7720,2,0
20190213,0331,2.7720,2.7720,2.7720,2.7720,2,0
20190213,0332,2.7720,2.7720,2.7720,2.7720,0,0
20190213,0333,2.7720,2.7720,2.7720,2.7720,1,0
20190213,0334,2.7720,2.7730,2.7720,2.7720,18,0
20190213,0335,2.7720,2.7720,2.7720,2.7720,1,0
20190213,0336,2.7720,2.7720,2.7720,2.7720,0,0
20190213,0337,2.7720,2.7720,2.7720,2.7720,7,0
20190213,0338,2.7720,2.7720,2.7720,2.7720,0,0
20190213,0339,2.7730,2.7730,2.7720,2.7720,7,0
20190213,0340,2.7720,2.7740,2.7720,2.7740,55,0
20190213,0341,2.7740,2.7740,2.7740,2.7740,0,0
20190213,0342,2.7740,2.7740,2.7730,2.7730,2,0
20190213,0343,2.7730,2.7730,2.7730,2.7730,0,0
20190213,0344,2.7730,2.7730,2.7730,2.7730,5,0
20190213,0345,2.7730,2.7730,2.7730,2.7730,3,0
20190213,0346,2.7730,2.7730,2.7730,2.7730,7,0
20190213,0347,2.7730,2.7730,2.7730,2.7730,8,0
20190213,0348,2.7730,2.7730,2.7730,2.7730,0,0
20190213,0349,2.7730,2.7730,2.7730,2.7730,1,0
20190213,0350,2.7730,2.7730,2.7730,2.7730,2,0
20190213,0351,2.7730,2.7730,2.7730,2.7730,12,0
20190213,0352,2.7730,2.7730,2.7730,2.7730,5,0
20190213,0353,2.7730,2.7730,2.7730,2.7730,0,0
20190213,0354,2.7730,2.7730,2.7730,2.7730,0,0
20190213,0355,2.7730,2.7730,2.7730,2.7730,2,0
20190213,0356,2.7730,2.7730,2.7730,2.7730,5,0
20190213,0357,2.7730,2.7730,2.7730,2.7730,8,0
20190213,0358,2.7730,2.7730,2.7720,2.7730,4,0
20190213,0359,2.7730,2.7730,2.7720,2.7720,6,0
20190213,0400,2.7720,2.7720,2.7720,2.7720,6,0
20190213,0401,2.7720,2.7720,2.7720,2.7720,7,0
20190213,0402,2.7720,2.7730,2.7720,2.7730,1,0
20190213,0403,2.7730,2.7730,2.7730,2.7730,2,0
20190213,0404,2.7730,2.7730,2.7730,2.7730,0,0
20190213,0405,2.7730,2.7730,2.7730,2.7730,6,0
20190213,0406,2.7730,2.7730,2.7730,2.7730,1,0
20190213,0407,2.7730,2.7730,2.7730,2.7730,1,0
20190213,0408,2.7730,2.7730,2.7730,2.7730,6,0
20190213,0409,2.7730,2.7730,2.7730,2.7730,2,0
20190213,0410,2.7730,2.7730,2.7720,2.7730,2,0
20190213,0411,2.7730,2.7730,2.7730,2.7730,0,0
20190213,0412,2.7720,2.7730,2.7720,2.7730,2,0
20190213,0413,2.7730,2.7730,2.7730,2.7730,1,0
20190213,0414,2.7730,2.7730,2.7730,2.7730,3,0
20190213,0415,2.7730,2.7730,2.7730,2.7730,0,0
20190213,0416,2.7730,2.7730,2.7730,2.7730,0,0
20190213,0417,2.7730,2.7730,2.7730,2.7730,2,0
20190213,0418,2.7730,2.7730,2.7730,2.7730,0,0
20190213,0419,2.7730,2.7730,2.7730,2.7730,2,0
20190213,0420,2.7730,2.7730,2.7730,2.7730,0,0
20190213,0421,2.7730,2.7730,2.7730,2.7730,0,0
20190213,0422,2.7730,2.7730,2.7730,2.7730,0,0
20190213,0423,2.7730,2.7730,2.7730,2.7730,2,0
20190213,0424,2.7730,2.7730,2.7730,2.7730,1,0
20190213,0425,2.7730,2.7730,2.7730,2.7730,0,0
20190213,0426,2.7730,2.7730,2.7730,2.7730,0,0
20190213,0427,2.7730,2.7730,2.7730,2.7730,1,0
20190213,0428,2.7730,2.7730,2.7730,2.7730,2,0
20190213,0429,2.7730,2.7730,2.7730,2.7730,1,0
20190213,0430,2.7730,2.7730,2.7730,2.7730,8,0
20190213,0431,2.7730,2.7730,2.7730,2.7730,0,0
20190213,0432,2.7730,2.7730,2.7730,2.7730,1,0
20190213,0433,2.7730,2.7730,2.7730,2.7730,3,0
20190213,0434,2.7730,2.7730,2.7730,2.7730,4,0
20190213,0435,2.7730,2.7730,2.7730,2.7730,5,0
20190213,0436,2.7730,2.7730,2.7730,2.7730,0,0
20190213,0437,2.7730,2.7730,2.7730,2.7730,0,0
20190213,0438,2.7730,2.7730,2.7730,2.7730,4,0
20190213,0439,2.7730,2.7730,2.7730,2.7730,4,0
20190213,0440,2.7730,2.7730,2.7730,2.7730,3,0
20190213,0441,2.7730,2.7730,2.7730,2.7730,0,0
20190213,0442,2.7730,2.7730,2.7730,2.7730,1,0
20190213,0443,2.7730,2.7730,2.7730,2.7730,1,0
20190213,0444,2.7730,2.7730,2.7730,2.7730,1,0
20190213,0445,2.7730,2.7730,2.7730,2.7730,5,0
20190213,0446,2.7720,2.7730,2.7720,2.7730,3,0
20190213,0447,2.7720,2.7720,2.7720,2.7720,1,0
20190213,0448,2.7720,2.7730,2.7720,2.7730,2,0
20190213,0449,2.7730,2.7730,2.7730,2.7730,1,0
20190213,0450,2.7730,2.7730,2.7720,2.7730,32,0
20190213,0451,2.7730,2.7730,2.7730,2.7730,7,0
20190213,0452,2.7730,2.7730,2.7730,2.7730,2,0
20190213,0453,2.7730,2.7730,2.7720,2.7720,2,0
20190213,0454,2.7720,2.7730,2.7720,2.7730,7,0
20190213,0455,2.7730,2.7730,2.7730,2.7730,17,0
20190213,0456,2.7730,2.7730,2.7730,2.7730,0,0
20190213,0457,2.7740,2.7740,2.7740,2.7740,37,0
20190213,0458,2.7740,2.7740,2.7740,2.7740,3,0
20190213,0459,2.7740,2.7740,2.7740,2.7740,29,0
20190213,0500,2.7740,2.7740,2.7740,2.7740,13,0
20190213,0501,2.7740,2.7740,2.7730,2.7730,1,0
20190213,0502,2.7730,2.7730,2.7730,2.7730,8,0
20190213,0503,2.7730,2.7730,2.7730,2.7730,0,0
20190213,0504,2.7730,2.7730,2.7730,2.7730,2,0
20190213,0505,2.7730,2.7740,2.7730,2.7740,5,0
20190213,0506,2.7740,2.7740,2.7740,2.7740,0,0
20190213,0507,2.7740,2.7740,2.7740,2.7740,0,0
20190213,0508,2.7740,2.7740,2.7730,2.7740,3,0
20190213,0509,2.7740,2.7740,2.7730,2.7740,8,0
20190213,0510,2.7740,2.7740,2.7730,2.7730,3,0
20190213,0511,2.7730,2.7730,2.7730,2.7730,1,0
20190213,0512,2.7730,2.7730,2.7730,2.7730,0,0
20190213,0513,2.7730,2.7740,2.7730,2.7740,9,0
20190213,0514,2.7740,2.7740,2.7740,2.7740,1,0
20190213,0515,2.7740,2.7740,2.7740,2.7740,2,0
20190213,0516,2.7740,2.7740,2.7740,2.7740,3,0
20190213,0517,2.7740,2.7740,2.7740,2.7740,0,0
20190213,0518,2.7740,2.7740,2.7740,2.7740,1,0
20190213,0520,2.7740,2.7740,2.7740,2.7740,3,0
20190213,0521,2.7740,2.7740,2.7740,2.7740,10,0
20190213,0523,2.7740,2.7740,2.7740,2.7740,0,0
20190213,0524,2.7740,2.7740,2.7740,2.7740,0,0
20190213,0525,2.7740,2.7740,2.7740,2.7740,3,0
20190213,0526,2.7740,2.7740,2.7740,2.7740,0,0
20190213,0527,2.7740,2.7740,2.7730,2.7730,7,0
20190213,0528,2.7730,2.7730,2.7730,2.7730,0,0
20190213,0529,2.7730,2.7730,2.7730,2.7730,4,0
20190213,0530,2.7730,2.7740,2.7730,2.7740,41,0
20190213,0531,2.7740,2.7740,2.7740,2.7740,1,0
20190213,0532,2.7740,2.7740,2.7740,2.7740,10,0
20190213,0533,2.7740,2.7740,2.7740,2.7740,4,0
20190213,0534,2.7740,2.7740,2.7740,2.7740,2,0
20190213,0535,2.7740,2.7740,2.7740,2.7740,1,0
20190213,0536,2.7740,2.7740,2.7740,2.7740,2,0
20190213,0537,2.7740,2.7740,2.7740,2.7740,6,0
20190213,0538,2.7740,2.7740,2.7740,2.7740,1,0
20190213,0539,2.7740,2.7740,2.7740,2.7740,8,0
20190213,0540,2.7740,2.7740,2.7740,2.7740,5,0
20190213,0541,2.7740,2.7740,2.7740,2.7740,9,0
20190213,0542,2.7740,2.7740,2.7740,2.7740,13,0
20190213,0543,2.7740,2.7740,2.7740,2.7740,0,0
20190213,0544,2.7740,2.7740,2.7740,2.7740,0,0
20190213,0545,2.7740,2.7740,2.7730,2.7730,20,0
20190213,0546,2.7730,2.7730,2.7730,2.7730,5,0
20190213,0547,2.7730,2.7730,2.7730,2.7730,6,0
20190213,0548,2.7730,2.7740,2.7730,2.7740,10,0
20190213,0549,2.7740,2.7740,2.7740,2.7740,5,0
20190213,0550,2.7740,2.7740,2.7740,2.7740,15,0
20190213,0551,2.7740,2.7740,2.7740,2.7740,5,0
20190213,0552,2.7740,2.7740,2.7740,2.7740,0,0
20190213,0553,2.7740,2.7740,2.7740,2.7740,1,0
20190213,0554,2.7740,2.7740,2.7740,2.7740,6,0
20190213,0555,2.7740,2.7740,2.7740,2.7740,5,0
20190213,0556,2.7740,2.7740,2.7740,2.7740,5,0
20190213,0557,2.7740,2.7740,2.7740,2.7740,2,0
20190213,0558,2.7740,2.7740,2.7740,2.7740,4,0
20190213,0559,2.7740,2.7740,2.7740,2.7740,1,0
20190213,0600,2.7740,2.7740,2.7740,2.7740,0,0
20190213,0605,2.7740,2.7740,2.7740,2.7740,0,0
20190213,0620,2.7740,2.7740,2.7740,2.7740,0,0
20190213,0700,2.7750,2.7750,2.7740,2.7740,25,0
20190213,0701,2.7740,2.7750,2.7740,2.7750,7,0
20190213,0702,2.7750,2.7760,2.7750,2.7760,10,0
20190213,0703,2.7760,2.7760,2.7760,2.7760,9,0
20190213,0704,2.7760,2.7760,2.7750,2.7750,2,0
20190213,0705,2.7750,2.7760,2.7750,2.7760,3,0
20190213,0706,2.7760,2.7760,2.7750,2.7750,8,0
20190213,0707,2.7760,2.7760,2.7750,2.7750,4,0
20190213,0708,2.7760,2.7760,2.7760,2.7760,1,0
20190213,0709,2.7760,2.7760,2.7760,2.7760,4,0
20190213,0710,2.7760,2.7760,2.7760,2.7760,1,0
20190213,0711,2.7760,2.7760,2.7760,2.7760,2,0
20190213,0712,2.7760,2.7760,2.7760,2.7760,0,0
20190213,0713,2.7760,2.7760,2.7760,2.7760,1,0
20190213,0715,2.7760,2.7760,2.7760,2.7760,1,0
20190213,0716,2.7760,2.7760,2.7760,2.7760,3,0
20190213,0717,2.7760,2.7760,2.7760,2.7760,0,0
20190213,0718,2.7760,2.7760,2.7760,2.7760,1,0
20190213,0719,2.7760,2.7760,2.7760,2.7760,7,0
20190213,0720,2.7760,2.7760,2.7760,2.7760,2,0
20190213,0721,2.7760,2.7760,2.7760,2.7760,3,0
20190213,0722,2.7760,2.7760,2.7760,2.7760,2,0
20190213,0723,2.7760,2.7760,2.7760,2.7760,2,0
20190213,0724,2.7760,2.7760,2.7760,2.7760,0,0
20190213,0725,2.7760,2.7760,2.7760,2.7760,0,0
20190213,0726,2.7760,2.7760,2.7760,2.7760,2,0
20190213,0727,2.7760,2.7760,2.7760,2.7760,0,0
20190213,0728,2.7760,2.7760,2.7760,2.7760,1,0
20190213,0729,2.7760,2.7760,2.7760,2.7760,6,0
20190213,0730,2.7760,2.7770,2.7760,2.7770,11,0
20190213,0731,2.7770,2.7770,2.7770,2.7770,0,0
20190213,0732,2.7770,2.7770,2.7770,2.7770,27,0
20190213,0733,2.7770,2.7770,2.7770,2.7770,15,0
20190213,0734,2.7770,2.7770,2.7770,2.7770,0,0
20190213,0735,2.7770,2.7770,2.7760,2.7760,2,0
20190213,0736,2.7770,2.7770,2.7770,2.7770,1,0
20190213,0737,2.7770,2.7770,2.7770,2.7770,0,0
20190213,0738,2.7770,2.7770,2.7760,2.7760,2,0
20190213,0739,2.7760,2.7760,2.7760,2.7760,1,0
20190213,0740,2.7760,2.7760,2.7760,2.7760,0,0
20190213,0741,2.7760,2.7760,2.7760,2.7760,0,0
20190213,0742,2.7760,2.7760,2.7760,2.7760,0,0
20190213,0743,2.7760,2.7760,2.7760,2.7760,1,0
20190213,0744,2.7760,2.7760,2.7760,2.7760,0,0
20190213,0745,2.7760,2.7760,2.7760,2.7760,0,0
20190213,0746,2.7760,2.7760,2.7760,2.7760,1,0
20190213,0747,2.7760,2.7760,2.7760,2.7760,0,0
20190213,0748,2.7760,2.7760,2.7760,2.7760,2,0
20190213,0749,2.7760,2.7760,2.7760,2.7760,5,0
20190213,0750,2.7760,2.7760,2.7760,2.7760,0,0
20190213,0751,2.7760,2.7760,2.7760,2.7760,0,0
20190213,0752,2.7750,2.7760,2.7750,2.7760,10,0
20190213,0753,2.7760,2.7760,2.7760,2.7760,13,0
20190213,0754,2.7760,2.7760,2.7760,2.7760,2,0
20190213,0755,2.7750,2.7760,2.7750,2.7760,15,0
20190213,0756,2.7760,2.7760,2.7750,2.7750,12,0
20190213,0757,2.7750,2.7750,2.7750,2.7750,2,0
20190213,0758,2.7750,2.7750,2.7750,2.7750,6,0
20190213,0759,2.7750,2.7750,2.7750,2.7750,3,0
20190213,0800,2.7750,2.7750,2.7750,2.7750,5,0
20190213,0801,2.7750,2.7750,2.7740,2.7750,12,0
20190213,0802,2.7740,2.7750,2.7740,2.7750,6,0
20190213,0803,2.7740,2.7740,2.7740,2.7740,2,0
20190213,0804,2.7740,2.7740,2.7730,2.7740,27,0
20190213,0805,2.7730,2.7740,2.7730,2.7740,7,0
20190213,0806,2.7740,2.7750,2.7740,2.7750,20,0
20190213,0807,2.7750,2.7750,2.7740,2.7740,1,0
20190213,0808,2.7740,2.7750,2.7740,2.7750,12,0
20190213,0809,2.7740,2.7760,2.7740,2.7760,19,0
20190213,0810,2.7760,2.7760,2.7750,2.7750,16,0
20190213,0811,2.7750,2.7750,2.7750,2.7750,2,0
20190213,0812,2.7750,2.7760,2.7750,2.7750,32,0
20190213,0813,2.7750,2.7760,2.7750,2.7760,5,0
20190213,0814,2.7760,2.7760,2.7760,2.7760,4,0
20190213,0815,2.7760,2.7760,2.7760,2.7760,15,0
20190213,0816,2.7760,2.7760,2.7760,2.7760,4,0
20190213,0817,2.7760,2.7760,2.7760,2.7760,13,0
20190213,0818,2.7760,2.7760,2.7750,2.7760,6,0
20190213,0819,2.7760,2.7760,2.7760,2.7760,3,0
20190213,0820,2.7760,2.7760,2.7750,2.7750,8,0
20190213,0821,2.7750,2.7750,2.7750,2.7750,7,0
20190213,0822,2.7750,2.7750,2.7750,2.7750,3,0
20190213,0823,2.7750,2.7760,2.7750,2.7760,2,0
20190213,0824,2.7760,2.7760,2.7750,2.7750,2,0
20190213,0825,2.7750,2.7750,2.7750,2.7750,0,0
20190213,0826,2.7750,2.7750,2.7750,2.7750,1,0
20190213,0827,2.7750,2.7750,2.7750,2.7750,8,0
20190213,0828,2.7750,2.7750,2.7750,2.7750,4,0
20190213,0829,2.7750,2.7750,2.7750,2.7750,7,0
20190213,0830,2.7750,2.7750,2.7750,2.7750,8,0
20190213,0831,2.7750,2.7760,2.7750,2.7760,6,0
20190213,0832,2.7760,2.7760,2.7760,2.7760,10,0
20190213,0833,2.7760,2.7760,2.7760,2.7760,2,0
20190213,0834,2.7760,2.7760,2.7760,2.7760,5,0
20190213,0835,2.7760,2.7760,2.7750,2.7750,1,0
20190213,0836,2.7750,2.7750,2.7750,2.7750,0,0
20190213,0837,2.7750,2.7750,2.7750,2.7750,1,0
20190213,0838,2.7760,2.7760,2.7750,2.7750,3,0
20190213,0839,2.7750,2.7750,2.7750,2.7750,0,0
20190213,0840,2.7750,2.7750,2.7750,2.7750,0,0
20190213,0841,2.7750,2.7750,2.7750,2.7750,1,0
20190213,0842,2.7750,2.7760,2.7750,2.7760,2,0
20190213,0843,2.7760,2.7760,2.7750,2.7750,9,0
20190213,0844,2.7750,2.7750,2.7750,2.7750,5,0
20190213,0845,2.7750,2.7750,2.7750,2.7750,8,0
20190213,0846,2.7760,2.7760,2.7750,2.7750,2,0
20190213,0847,2.7750,2.7750,2.7750,2.7750,4,0
20190213,0848,2.7750,2.7750,2.7750,2.7750,14,0
20190213,0849,2.7750,2.7750,2.7750,2.7750,5,0
20190213,0850,2.7750,2.7760,2.7750,2.7760,6,0
20190213,0851,2.7760,2.7760,2.7750,2.7750,9,0
20190213,0852,2.7750,2.7750,2.7750,2.7750,1,0
20190213,0853,2.7750,2.7750,2.7750,2.7750,13,0
20190213,0854,2.7750,2.7750,2.7750,2.7750,0,0
20190213,0855,2.7740,2.7740,2.7740,2.7740,2,0
20190213,0856,2.7740,2.7750,2.7740,2.7750,8,0
20190213,0857,2.7750,2.7750,2.7750,2.7750,15,0
20190213,0858,2.7750,2.7750,2.7750,2.7750,1,0
20190213,0859,2.7750,2.7750,2.7740,2.7740,14,0
20190213,0900,2.7740,2.7780,2.7740,2.7770,141,0
20190213,0901,2.7770,2.7780,2.7770,2.7780,91,0
20190213,0902,2.7780,2.7800,2.7780,2.7800,122,0
20190213,0903,2.7800,2.7800,2.7790,2.7790,43,0
20190213,0904,2.7790,2.7800,2.7790,2.7800,48,0
20190213,0905,2.7800,2.7800,2.7800,2.7800,59,0
20190213,0906,2.7800,2.7800,2.7790,2.7800,26,0
20190213,0907,2.7800,2.7800,2.7790,2.7790,22,0
20190213,0908,2.7790,2.7790,2.7780,2.7790,36,0
20190213,0909,2.7790,2.7800,2.7780,2.7780,33,0
20190213,0910,2.7780,2.7800,2.7780,2.7800,35,0
20190213,0911,2.7800,2.7800,2.7780,2.7780,31,0
20190213,0912,2.7790,2.7790,2.7780,2.7790,26,0
20190213,0913,2.7790,2.7790,2.7780,2.7780,16,0
20190213,0914,2.7780,2.7790,2.7780,2.7790,34,0
20190213,0915,2.7790,2.7790,2.7790,2.7790,38,0
20190213,0916,2.7790,2.7790,2.7780,2.7780,17,0
20190213,0917,2.7780,2.7780,2.7780,2.7780,9,0
20190213,0918,2.7780,2.7790,2.7780,2.7790,3,0
20190213,0919,2.7790,2.7790,2.7790,2.7790,61,0
20190213,0920,2.7790,2.7800,2.7790,2.7800,33,0
20190213,0921,2.7800,2.7800,2.7790,2.7800,11,0
20190213,0922,2.7800,2.7800,2.7790,2.7800,24,0
20190213,0923,2.7800,2.7810,2.7800,2.7810,34,0
20190213,0924,2.7810,2.7810,2.7810,2.7810,6,0
20190213,0925,2.7810,2.7810,2.7800,2.7800,24,0
20190213,0926,2.7800,2.7800,2.7790,2.7790,15,0
20190213,0927,2.7790,2.7800,2.7790,2.7800,8,0
20190213,0928,2.7800,2.7800,2.7790,2.7800,25,0
20190213,0929,2.7790,2.7790,2.7780,2.7780,58,0
20190213,0930,2.7780,2.7790,2.7780,2.7790,33,0
20190213,0931,2.7790,2.7790,2.7780,2.7780,47,0
20190213,0932,2.7780,2.7780,2.7770,2.7780,15,0
20190213,0933,2.7780,2.7780,2.7780,2.7780,39,0
20190213,0934,2.7780,2.7780,2.7780,2.7780,44,0
20190213,0935,2.7780,2.7780,2.7770,2.7770,11,0
20190213,0936,2.7770,2.7770,2.7770,2.7770,45,0
20190213,0937,2.7770,2.7770,2.7770,2.7770,13,0
20190213,0938,2.7770,2.7770,2.7760,2.7760,18,0
20190213,0939,2.7760,2.7770,2.7760,2.7770,31,0
20190213,0940,2.7770,2.7770,2.7770,2.7770,15,0
20190213,0941,2.7770,2.7770,2.7770,2.7770,23,0
20190213,0942,2.7770,2.7780,2.7770,2.7770,12,0
20190213,0943,2.7770,2.7780,2.7770,2.7770,23,0
20190213,0944,2.7770,2.7770,2.7760,2.7760,22,0
20190213,0945,2.7760,2.7770,2.7760,2.7770,16,0
20190213,0946,2.7770,2.7770,2.7770,2.7770,15,0
20190213,0947,2.7770,2.7770,2.7770,2.7770,8,0
20190213,0948,2.7770,2.7780,2.7770,2.7780,22,0
20190213,0949,2.7780,2.7780,2.7770,2.7780,13,0
20190213,0950,2.7780,2.7780,2.7780,2.7780,8,0
20190213,0951,2.7780,2.7780,2.7780,2.7780,6,0
20190213,0952,2.7780,2.7790,2.7780,2.7790,40,0
20190213,0953,2.7790,2.7800,2.7790,2.7790,26,0
20190213,0954,2.7790,2.7800,2.7790,2.7800,14,0
20190213,0955,2.7800,2.7820,2.7800,2.7810,51,0
20190213,0956,2.7820,2.7820,2.7810,2.7810,49,0
20190213,0957,2.7810,2.7820,2.7810,2.7820,30,0
20190213,0958,2.7820,2.7830,2.7820,2.7830,98,0
20190213,0959,2.7820,2.7830,2.7820,2.7830,34,0
20190213,1000,2.7820,2.7830,2.7820,2.7820,67,0
20190213,1001,2.7820,2.7820,2.7820,2.7820,19,0
20190213,1002,2.7820,2.7830,2.7820,2.7830,61,0
20190213,1003,2.7830,2.7830,2.7830,2.7830,49,0
20190213,1004,2.7830,2.7840,2.7830,2.7840,165,0
20190213,1005,2.7840,2.7840,2.7830,2.7830,52,0
20190213,1006,2.7830,2.7850,2.7830,2.7850,41,0
20190213,1007,2.7840,2.7850,2.7840,2.7840,51,0
20190213,1008,2.7840,2.7850,2.7840,2.7850,43,0
20190213,1009,2.7840,2.7840,2.7840,2.7840,46,0
20190213,1010,2.7840,2.7840,2.7840,2.7840,22,0
20190213,1011,2.7840,2.7840,2.7830,2.7840,22,0
20190213,1012,2.7840,2.7840,2.7830,2.7840,22,0
20190213,1013,2.7830,2.7840,2.7830,2.7840,32,0
20190213,1014,2.7840,2.7840,2.7820,2.7820,26,0
20190213,1015,2.7820,2.7830,2.7820,2.7830,6,0
20190213,1016,2.7830,2.7830,2.7820,2.7820,3,0
20190213,1017,2.7820,2.7830,2.7820,2.7830,1,0
20190213,1018,2.7830,2.7830,2.7820,2.7820,1,0
20190213,1019,2.7820,2.7830,2.7820,2.7830,14,0
20190213,1020,2.7820,2.7820,2.7820,2.7820,33,0
20190213,1021,2.7820,2.7820,2.7820,2.7820,6,0
20190213,1022,2.7820,2.7820,2.7810,2.7820,7,0
20190213,1023,2.7820,2.7820,2.7810,2.7810,32,0
20190213,1024,2.7810,2.7810,2.7810,2.7810,5,0
20190213,1025,2.7810,2.7810,2.7810,2.7810,19,0
20190213,1026,2.7810,2.7820,2.7810,2.7820,15,0
20190216,0216,2.8020,2.8030,2.8020,2.8030,23,0
20190216,0217,2.8030,2.8030,2.8020,2.8020,30,0
20190216,0218,2.8020,2.8040,2.8020,2.8040,130,0
20190216,0219,2.8040,2.8040,2.8040,2.8040,54,0
20190216,0220,2.8040,2.8060,2.8040,2.8050,146,0
20190216,0221,2.8050,2.8060,2.8050,2.8050,312,0
20190216,0222,2.8050,2.8060,2.8050,2.8050,23,0
20190216,0223,2.8050,2.8070,2.8050,2.8070,55,0
20190216,0224,2.8070,2.8070,2.8060,2.8070,194,0
20190216,0225,2.8070,2.8070,2.8070,2.8070,16,0
20190216,0226,2.8070,2.8080,2.8070,2.8080,27,0
20190216,0227,2.8070,2.8080,2.8070,2.8080,89,0
20190216,0228,2.8080,2.8100,2.8080,2.8100,454,0
20190216,0229,2.8100,2.8130,2.8100,2.8120,177,0
20190216,0230,2.8120,2.8140,2.8120,2.8140,161,0
20190216,0231,2.8140,2.8140,2.8140,2.8140,199,0
20190216,0232,2.8140,2.8140,2.8130,2.8130,46,0
20190216,0233,2.8130,2.8130,2.8130,2.8130,22,0
20190216,0234,2.8130,2.8140,2.8130,2.8140,40,0
20190216,0235,2.8140,2.8150,2.8140,2.8150,69,0
20190216,0236,2.8150,2.8160,2.8150,2.8160,130,0
20190216,0237,2.8160,2.8180,2.8150,2.8180,218,0
20190216,0238,2.8180,2.8180,2.8170,2.8170,57,0
20190216,0239,2.8170,2.8170,2.8160,2.8160,62,0
20190216,0240,2.8160,2.8170,2.8160,2.8170,25,0
20190216,0241,2.8170,2.8170,2.8160,2.8160,28,0
20190216,0242,2.8160,2.8160,2.8150,2.8150,23,0
20190216,0243,2.8150,2.8170,2.8150,2.8170,89,0
20190216,0244,2.8170,2.8170,2.8170,2.8170,35,0
20190216,0245,2.8180,2.8180,2.8170,2.8180,27,0
20190216,0246,2.8180,2.8180,2.8180,2.8180,42,0
20190216,0247,2.8180,2.8180,2.8180,2.8180,24,0
20190216,0248,2.8180,2.8190,2.8160,2.8160,264,0
20190216,0249,2.8160,2.8180,2.8160,2.8180,100,0
20190216,0250,2.8180,2.8190,2.8180,2.8180,158,0
20190216,0251,2.8180,2.8190,2.8180,2.8190,56,0
20190216,0252,2.8190,2.8200,2.8180,2.8180,55,0
20190216,0253,2.8180,2.8190,2.8170,2.8170,49,0
20190216,0254,2.8170,2.8180,2.8170,2.8180,19,0
20190216,0255,2.8190,2.8190,2.8170,2.8170,25,0
20190216,0256,2.8170,2.8180,2.8170,2.8180,14,0
20190216,0257,2.8180,2.8180,2.8170,2.8170,14,0
20190216,0258,2.8170,2.8170,2.8170,2.8170,56,0
20190216,0259,2.8170,2.8170,2.8160,2.8170,30,0
20190216,0300,2.8160,2.8170,2.8160,2.8170,41,0
20190216,0301,2.8170,2.8180,2.8170,2.8180,15,0
20190216,0302,2.8180,2.8180,2.8170,2.8180,11,0
20190216,0303,2.8180,2.8180,2.8170,2.8170,19,0
20190216,0304,2.8170,2.8180,2.8170,2.8170,20,0
20190216,0305,2.8170,2.8170,2.8170,2.8170,11,0
20190216,0306,2.8170,2.8180,2.8170,2.8170,13,0
20190216,0307,2.8170,2.8170,2.8170,2.8170,26,0
20190216,0308,2.8170,2.8170,2.8160,2.8160,8,0
20190216,0309,2.8170,2.8170,2.8170,2.8170,27,0
20190216,0310,2.8170,2.8170,2.8170,2.8170,3,0
20190216,0311,2.8170,2.8170,2.8170,2.8170,6,0
20190216,0312,2.8170,2.8170,2.8160,2.8160,21,0
20190216,0313,2.8160,2.8170,2.8160,2.8170,24,0
20190216,0314,2.8170,2.8180,2.8170,2.8170,11,0
20190216,0315,2.8170,2.8190,2.8170,2.8190,13,0
20190216,0316,2.8190,2.8190,2.8180,2.8180,51,0
20190216,0317,2.8180,2.8200,2.8180,2.8190,28,0
20190216,0318,2.8190,2.8190,2.8190,2.8190,5,0
20190216,0319,2.8190,2.8200,2.8190,2.8190,20,0
20190216,0320,2.8190,2.8190,2.8190,2.8190,18,0
20190216,0321,2.8190,2.8190,2.8190,2.8190,2,0
20190216,0322,2.8190,2.8200,2.8190,2.8200,18,0
20190216,0323,2.8200,2.8200,2.8190,2.8190,13,0
20190216,0324,2.8190,2.8220,2.8190,2.8210,179,0
20190216,0325,2.8220,2.8220,2.8210,2.8210,23,0
20190216,0326,2.8210,2.8210,2.8200,2.8200,23,0
20190216,0327,2.8200,2.8210,2.8200,2.8200,8,0
20190216,0328,2.8210,2.8210,2.8210,2.8210,20,0
20190216,0329,2.8210,2.8210,2.8210,2.8210,27,0
20190216,0330,2.8210,2.8210,2.8210,2.8210,15,0
20190216,0331,2.8210,2.8210,2.8210,2.8210,4,0
20190216,0332,2.8210,2.8210,2.8210,2.8210,16,0
20190216,0333,2.8210,2.8220,2.8210,2.8210,39,0
20190216,0334,2.8210,2.8210,2.8210,2.8210,11,0
20190216,0335,2.8210,2.8220,2.8210,2.8220,27,0
20190216,0336,2.8220,2.8220,2.8210,2.8220,7,0
20190216,0337,2.8210,2.8220,2.8210,2.8220,17,0
20190216,0338,2.8220,2.8220,2.8210,2.8210,3,0
20190216,0339,2.8210,2.8220,2.8210,2.8210,6,0
20190216,0340,2.8210,2.8210,2.8210,2.8210,1,0
20190216,0341,2.8210,2.8210,2.8210,2.8210,4,0
20190216,0342,2.8210,2.8210,2.8210,2.8210,11,0
20190216,0343,2.8210,2.8210,2.8200,2.8200,10,0
20190216,0344,2.8200,2.8200,2.8190,2.8190,63,0
20190216,0345,2.8190,2.8190,2.8180,2.8180,57,0
20190216,0346,2.8180,2.8180,2.8180,2.8180,16,0
20190216,0347,2.8180,2.8180,2.8180,2.8180,10,0
20190216,0348,2.8180,2.8190,2.8180,2.8180,11,0
20190216,0349,2.8180,2.8180,2.8180,2.8180,3,0
20190216,0350,2.8180,2.8190,2.8180,2.8180,22,0
20190216,0351,2.8180,2.8180,2.8180,2.8180,0,0
20190216,0352,2.8180,2.8190,2.8180,2.8190,23,0
20190216,0353,2.8190,2.8190,2.8190,2.8190,10,0
20190216,0354,2.8190,2.8190,2.8190,2.8190,6,0
20190216,0355,2.8190,2.8190,2.8190,2.8190,7,0
20190216,0356,2.8180,2.8180,2.8180,2.8180,6,0
20190216,0357,2.8180,2.8190,2.8180,2.8180,6,0
20190216,0358,2.8180,2.8180,2.8180,2.8180,9,0
20190216,0359,2.8180,2.8180,2.8180,2.8180,0,0
20190216,0400,2.8180,2.8180,2.8180,2.8180,9,0
20190216,0401,2.8180,2.8190,2.8180,2.8180,13,0
20190216,0402,2.8180,2.8190,2.8180,2.8180,8,0
20190216,0403,2.8180,2.8180,2.8180,2.8180,8,0
20190216,0404,2.8180,2.8180,2.8170,2.8170,15,0
20190216,0405,2.8170,2.8180,2.8170,2.8170,7,0
20190216,0406,2.8170,2.8170,2.8170,2.8170,4,0
20190216,0407,2.8170,2.8170,2.8160,2.8160,24,0
20190216,0408,2.8160,2.8160,2.8160,2.8160,15,0
20190216,0409,2.8160,2.8160,2.8160,2.8160,5,0
20190216,0410,2.8160,2.8160,2.8160,2.8160,2,0
20190216,0411,2.8160,2.8160,2.8160,2.8160,5,0
20190216,0412,2.8160,2.8160,2.8160,2.8160,3,0
20190216,0413,2.8160,2.8160,2.8160,2.8160,11,0
20190216,0414,2.8160,2.8160,2.8160,2.8160,3,0
20190216,0415,2.8160,2.8160,2.8160,2.8160,11,0
20190216,0416,2.8160,2.8160,2.8150,2.8150,2,0
20190216,0417,2.8160,2.8160,2.8150,2.8160,12,0
20190216,0418,2.8160,2.8160,2.8160,2.8160,4,0
20190216,0419,2.8160,2.8160,2.8160,2.8160,2,0
20190216,0420,2.8160,2.8160,2.8160,2.8160,7,0
20190216,0421,2.8170,2.8170,2.8170,2.8170,4,0
20190216,0422,2.8170,2.8170,2.8170,2.8170,9,0
20190216,0423,2.8170,2.8170,2.8170,2.8170,5,0
20190216,0424,2.8170,2.8170,2.8170,2.8170,4,0
20190216,0425,2.8170,2.8180,2.8170,2.8180,11,0
20190216,0426,2.8180,2.8180,2.8170,2.8170,3,0
20190216,0427,2.8170,2.8170,2.8170,2.8170,2,0
20190216,0428,2.8170,2.8170,2.8170,2.8170,1,0
20190216,0429,2.8170,2.8170,2.8170,2.8170,6,0
20190216,0430,2.8170,2.8170,2.8170,2.8170,15,0
20190216,0431,2.8170,2.8170,2.8170,2.8170,6,0
20190216,0432,2.8160,2.8170,2.8160,2.8170,2,0
20190216,0433,2.8170,2.8170,2.8170,2.8170,12,0
20190216,0434,2.8170,2.8170,2.8170,2.8170,11,0
20190216,0435,2.8170,2.8170,2.8170,2.8170,9,0
20190216,0436,2.8170,2.8170,2.8170,2.8170,1,0
20190216,0437,2.8160,2.8160,2.8160,2.8160,11,0
20190216,0438,2.8160,2.8160,2.8160,2.8160,6,0
20190216,0439,2.8160,2.8170,2.8160,2.8170,3,0
20190216,0440,2.8170,2.8170,2.8150,2.8150,50,0
20190216,0441,2.8150,2.8150,2.8150,2.8150,28,0
20190216,0442,2.8150,2.8160,2.8150,2.8160,1,0
20190216,0443,2.8160,2.8160,2.8160,2.8160,3,0
20190216,0444,2.8160,2.8170,2.8160,2.8170,6,0
20190216,0445,2.8170,2.8170,2.8160,2.8160,8,0
20190216,0446,2.8160,2.8170,2.8160,2.8160,13,0
20190216,0447,2.8160,2.8160,2.8160,2.8160,3,0
20190216,0448,2.8160,2.8160,2.8160,2.8160,12,0
20190216,0449,2.8160,2.8170,2.8160,2.8170,4,0
20190216,0450,2.8170,2.8170,2.8170,2.8170,30,0
20190216,0451,2.8170,2.8180,2.8170,2.8170,4,0
20190216,0452,2.8170,2.8170,2.8170,2.8170,0,0
20190216,0453,2.8170,2.8170,2.8160,2.8160,3,0
20190216,0454,2.8160,2.8170,2.8160,2.8170,8,0
20190216,0455,2.8170,2.8170,2.8170,2.8170,17,0
20190216,0456,2.8170,2.8190,2.8170,2.8190,140,0
20190216,0457,2.8190,2.8200,2.8190,2.8200,13,0
20190216,0458,2.8200,2.8200,2.8190,2.8190,14,0
20190216,0459,2.8190,2.8200,2.8190,2.8200,4,0
20190216,0500,2.8180,2.8210,2.8180,2.8200,93,0
20190216,0501,2.8200,2.8200,2.8200,2.8200,2,0
20190216,0502,2.8200,2.8200,2.8190,2.8200,5,0
20190216,0503,2.8200,2.8200,2.8200,2.8200,5,0
20190216,0504,2.8200,2.8200,2.8200,2.8200,1,0
20190216,0505,2.8200,2.8200,2.8200,2.8200,0,0
20190216,0506,2.8200,2.8200,2.8190,2.8190,2,0
20190216,0507,2.8190,2.8190,2.8190,2.8190,0,0
20190216,0508,2.8190,2.8200,2.8190,2.8200,4,0
20190216,0509,2.8200,2.8200,2.8190,2.8190,2,0
20190216,0510,2.8190,2.8190,2.8190,2.8190,0,0
20190216,0511,2.8190,2.8190,2.8190,2.8190,0,0
20190216,0512,2.8190,2.8190,2.8190,2.8190,5,0
20190216,0513,2.8190,2.8190,2.8190,2.8190,0,0
20190216,0514,2.8190,2.8200,2.8190,2.8200,7,0
20190216,0515,2.8200,2.8200,2.8200,2.8200,5,0
20190216,0516,2.8200,2.8200,2.8190,2.8190,2,0
20190216,0517,2.8190,2.8190,2.8190,2.8190,3,0
20190216,0518,2.8190,2.8190,2.8190,2.8190,3,0
20190216,0519,2.8190,2.8190,2.8190,2.8190,1,0
20190216,0520,2.8190,2.8190,2.8190,2.8190,8,0
20190216,0521,2.8190,2.8190,2.8190,2.8190,1,0
20190216,0522,2.8190,2.8190,2.8190,2.8190,0,0
20190216,0523,2.8200,2.8200,2.8190,2.8190,14,0
20190216,0524,2.8190,2.8200,2.8190,2.8200,1,0
20190216,0525,2.8200,2.8200,2.8190,2.8190,3,0
20190216,0526,2.8190,2.8200,2.8190,2.8200,1,0
20190216,0527,2.8190,2.8190,2.8190,2.8190,4,0
20190216,0528,2.8190,2.8190,2.8190,2.8190,0,0
20190216,0529,2.8190,2.8200,2.8190,2.8200,17,0
20190216,0530,2.8170,2.8180,2.8170,2.8170,76,0
20190216,0531,2.8170,2.8170,2.8170,2.8170,12,0
20190216,0532,2.8170,2.8170,2.8160,2.8160,2,0
20190216,0533,2.8160,2.8160,2.8160,2.8160,1,0
20190216,0534,2.8160,2.8160,2.8160,2.8160,6,0
20190216,0535,2.8160,2.8160,2.8150,2.8160,28,0
20190216,0536,2.8160,2.8160,2.8160,2.8160,23,0
20190216,0537,2.8160,2.8160,2.8160,2.8160,0,0
20190216,0538,2.8160,2.8160,2.8160,2.8160,0,0
20190216,0539,2.8160,2.8160,2.8160,2.8160,7,0
20190216,0540,2.8160,2.8160,2.8150,2.8150,16,0
20190216,0541,2.8150,2.8160,2.8150,2.8160,1,0
20190216,0542,2.8150,2.8160,2.8150,2.8160,3,0
20190216,0543,2.8160,2.8160,2.8150,2.8150,9,0
20190216,0544,2.8150,2.8150,2.8150,2.8150,1,0
20190216,0545,2.8160,2.8160,2.8150,2.8150,27,0
20190216,0546,2.8150,2.8150,2.8150,2.8150,2,0
20190216,0547,2.8150,2.8150,2.8150,2.8150,8,0
20190216,0548,2.8150,2.8150,2.8150,2.8150,10,0
20190216,0549,2.8150,2.8150,2.8150,2.8150,20,0
20190216,0550,2.8150,2.8150,2.8150,2.8150,5,0
20190216,0551,2.8160,2.8160,2.8150,2.8150,3,0
20190216,0552,2.8150,2.8150,2.8150,2.8150,4,0
20190216,0553,2.8150,2.8150,2.8150,2.8150,0,0
20190216,0554,2.8150,2.8150,2.8150,2.8150,0,0
20190216,0555,2.8160,2.8160,2.8150,2.8150,13,0
20190216,0556,2.8150,2.8150,2.8150,2.8150,1,0
20190216,0557,2.8150,2.8160,2.8150,2.8150,8,0
20190216,0558,2.8150,2.8160,2.8150,2.8160,4,0
20190216,0559,2.8160,2.8160,2.8150,2.8150,21,0
20190218,0700,2.8140,2.8150,2.8130,2.8130,53,0
20190218,0701,2.8130,2.8130,2.8120,2.8130,56,0
20190218,0702,2.8130,2.8140,2.8120,2.8140,56,0
20190218,0703,2.8130,2.8130,2.8120,2.8130,50,0
20190218,0704,2.8130,2.8130,2.8110,2.8110,73,0
20190218,0705,2.8110,2.8120,2.8110,2.8110,63,0
20190218,0706,2.8110,2.8120,2.8110,2.8120,21,0
20190218,0707,2.8120,2.8120,2.8110,2.8120,13,0
20190218,0708,2.8120,2.8120,2.8120,2.8120,12,0
20190218,0709,2.8120,2.8120,2.8120,2.8120,6,0
20190218,0710,2.8120,2.8120,2.8120,2.8120,0,0
20190218,0711,2.8120,2.8130,2.8120,2.8130,13,0
20190218,0712,2.8130,2.8140,2.8130,2.8140,16,0
20190218,0713,2.8140,2.8150,2.8140,2.8150,41,0
20190218,0714,2.8150,2.8160,2.8150,2.8150,65,0
20190218,0715,2.8150,2.8150,2.8150,2.8150,27,0
20190218,0716,2.8150,2.8160,2.8150,2.8150,5,0
20190218,0717,2.8150,2.8160,2.8150,2.8150,35,0
20190218,0718,2.8150,2.8160,2.8150,2.8160,22,0
20190218,0719,2.8160,2.8160,2.8150,2.8150,43,0
20190218,0720,2.8150,2.8150,2.8150,2.8150,4,0
20190218,0721,2.8140,2.8140,2.8130,2.8130,11,0
20190218,0722,2.8130,2.8130,2.8130,2.8130,7,0
20190218,0723,2.8130,2.8140,2.8130,2.8140,9,0
20190218,0724,2.8130,2.8140,2.8130,2.8140,7,0
20190218,0725,2.8140,2.8150,2.8140,2.8150,43,0
20190218,0726,2.8150,2.8150,2.8150,2.8150,79,0
20190218,0727,2.8150,2.8150,2.8150,2.8150,2,0
20190218,0728,2.8150,2.8150,2.8150,2.8150,0,0
20190218,0729,2.8150,2.8150,2.8140,2.8140,6,0
20190218,0730,2.8140,2.8140,2.8140,2.8140,1,0
20190218,0731,2.8140,2.8140,2.8140,2.8140,6,0
20190218,0732,2.8140,2.8150,2.8140,2.8150,1,0
20190218,0733,2.8150,2.8150,2.8150,2.8150,11,0
20190218,0734,2.8150,2.8150,2.8150,2.8150,10,0
20190218,0735,2.8150,2.8170,2.8150,2.8170,23,0
20190218,0736,2.8160,2.8160,2.8160,2.8160,17,0
20190218,0737,2.8160,2.8160,2.8160,2.8160,8,0
20190218,0738,2.8160,2.8170,2.8160,2.8170,19,0
20190218,0739,2.8170,2.8170,2.8170,2.8170,5,0
20190218,0740,2.8170,2.8170,2.8160,2.8170,11,0
20190218,0741,2.8160,2.8160,2.8160,2.8160,1,0
20190218,0742,2.8160,2.8160,2.8160,2.8160,7,0
20190218,0743,2.8160,2.8160,2.8160,2.8160,0,0
20190218,0744,2.8160,2.8160,2.8160,2.8160,6,0
20190218,0745,2.8160,2.8160,2.8160,2.8160,6,0
20190218,0746,2.8160,2.8160,2.8150,2.8160,25,0
20190218,0747,2.8160,2.8160,2.8160,2.8160,53,0
20190218,0748,2.8160,2.8160,2.8160,2.8160,0,0
20190218,0749,2.8160,2.8160,2.8160,2.8160,0,0
20190218,0750,2.8160,2.8160,2.8160,2.8160,13,0
20190218,0751,2.8160,2.8160,2.8160,2.8160,0,0
20190218,0752,2.8160,2.8160,2.8160,2.8160,0,0
20190218,0753,2.8160,2.8160,2.8150,2.8150,7,0
20190218,0754,2.8150,2.8160,2.8150,2.8160,2,0
20190218,0755,2.8160,2.8160,2.8160,2.8160,5,0
20190218,0756,2.8160,2.8160,2.8160,2.8160,3,0
20190218,0757,2.8160,2.8170,2.8160,2.8170,4,0
20190218,0758,2.8160,2.8160,2.8160,2.8160,2,0
20190218,0759,2.8160,2.8160,2.8160,2.8160,1,0
20190218,0800,2.8170,2.8170,2.8160,2.8160,19,0
20190218,0801,2.8160,2.8160,2.8150,2.8150,31,0
20190218,0802,2.8150,2.8150,2.8150,2.8150,1,0
20190218,0803,2.8150,2.8150,2.8150,2.8150,2,0
20190218,0804,2.8150,2.8150,2.8140,2.8140,14,0
20190218,0805,2.8140,2.8150,2.8140,2.8140,6,0
20190218,0806,2.8140,2.8140,2.8140,2.8140,7,0
20190218,0807,2.8140,2.8140,2.8140,2.8140,33,0
20190218,0808,2.8140,2.8150,2.8140,2.8150,3,0
20190218,0809,2.8150,2.8150,2.8140,2.8140,2,0
20190218,0810,2.8140,2.8150,2.8140,2.8150,1,0
20190218,0811,2.8150,2.8150,2.8150,2.8150,11,0
20190218,0812,2.8150,2.8150,2.8150,2.8150,168,0
20190218,0813,2.8150,2.8150,2.8150,2.8150,2,0
20190218,0814,2.8150,2.8160,2.8150,2.8160,12,0
20190218,0815,2.8160,2.8160,2.8150,2.8160,8,0
20190218,0816,2.8160,2.8160,2.8150,2.8150,7,0
20190218,0817,2.8150,2.8150,2.8150,2.8150,4,0
20190218,0818,2.8150,2.8150,2.8150,2.8150,17,0
20190218,0819,2.8150,2.8150,2.8140,2.8150,12,0
20190218,0820,2.8150,2.8150,2.8150,2.8150,5,0
20190218,0821,2.8150,2.8150,2.8150,2.8150,17,0
20190218,0822,2.8150,2.8150,2.8150,2.8150,1,0
20190218,0823,2.8150,2.8150,2.8150,2.8150,5,0
20190218,0824,2.8150,2.8150,2.8150,2.8150,1,0
20190218,0825,2.8150,2.8150,2.8150,2.8150,0,0
20190218,0826,2.8150,2.8150,2.8150,2.8150,6,0
20190218,0827,2.8150,2.8150,2.8140,2.8140,11,0
20190218,0828,2.8140,2.8150,2.8140,2.8150,3,0
20190218,0829,2.8150,2.8150,2.8140,2.8150,15,0
20190218,0830,2.8150,2.8150,2.8150,2.8150,1,0
20190218,0831,2.8140,2.8140,2.8140,2.8140,17,0
20190218,0832,2.8140,2.8140,2.8130,2.8140,2,0
20190218,0833,2.8140,2.8140,2.8130,2.8140,21,0
20190218,0834,2.8140,2.8140,2.8140,2.8140,21,0
20190218,0835,2.8140,2.8140,2.8130,2.8140,43,0
20190218,0836,2.8140,2.8140,2.8140,2.8140,25,0
20190218,0837,2.8140,2.8140,2.8140,2.8140,0,0
20190218,0838,2.8140,2.8140,2.8140,2.8140,3,0
20190218,0839,2.8140,2.8140,2.8140,2.8140,0,0
20190218,0840,2.8140,2.8140,2.8140,2.8140,0,0
20190218,0841,2.8140,2.8140,2.8140,2.8140,0,0
20190218,0842,2.8140,2.8140,2.8140,2.8140,4,0
20190218,0843,2.8140,2.8140,2.8140,2.8140,0,0
20190218,0844,2.8140,2.8140,2.8140,2.8140,1,0
20190218,0845,2.8140,2.8140,2.8140,2.8140,3,0
20190218,0846,2.8140,2.8140,2.8140,2.8140,13,0
20190218,0847,2.8140,2.8140,2.8140,2.8140,17,0
20190218,0848,2.8140,2.8140,2.8140,2.8140,4,0
20190218,0849,2.8140,2.8140,2.8130,2.8130,36,0
20190218,0850,2.8130,2.8130,2.8130,2.8130,25,0
20190218,0851,2.8130,2.8130,2.8120,2.8120,67,0
20190218,0852,2.8120,2.8120,2.8110,2.8120,41,0
20190218,0853,2.8120,2.8120,2.8120,2.8120,33,0
20190218,0854,2.8120,2.8130,2.8120,2.8130,3,0
20190218,0855,2.8130,2.8130,2.8120,2.8120,15,0
20190218,0856,2.8120,2.8120,2.8120,2.8120,28,0
20190218,0857,2.8120,2.8120,2.8120,2.8120,4,0
20190218,0858,2.8120,2.8120,2.8120,2.8120,11,0
20190218,0859,2.8120,2.8120,2.8120,2.8120,14,0
20190218,0900,2.8120,2.8120,2.8100,2.8110,595,0
20190218,0901,2.8100,2.8100,2.8090,2.8090,279,0
20190218,0902,2.8090,2.8110,2.8090,2.8110,165,0
20190218,0903,2.8110,2.8130,2.8100,2.8130,235,0
20190218,0904,2.8130,2.8140,2.8120,2.8130,244,0
20190218,0905,2.8130,2.8130,2.8110,2.8110,158,0
20190218,0906,2.8110,2.8110,2.8100,2.8100,103,0
20190218,0907,2.8100,2.8100,2.8100,2.8100,45,0
20190218,0908,2.8100,2.8100,2.8100,2.8100,73,0
20190218,0909,2.8100,2.8110,2.8100,2.8100,54,0
20190218,0910,2.8100,2.8100,2.8080,2.8090,91,0
20190218,0911,2.8090,2.8100,2.8090,2.8100,60,0
20190218,0912,2.8100,2.8100,2.8090,2.8090,28,0
20190218,0913,2.8090,2.8090,2.8090,2.8090,29,0
20190218,0914,2.8090,2.8090,2.8090,2.8090,23,0
20190218,0915,2.8090,2.8100,2.8090,2.8090,71,0
20190218,0916,2.8090,2.8100,2.8090,2.8090,35,0
20190218,0917,2.8090,2.8090,2.8080,2.8080,36,0
20190218,0918,2.8080,2.8090,2.8080,2.8080,25,0
20190218,0919,2.8080,2.8080,2.8070,2.8070,139,0
20190218,0920,2.8070,2.8080,2.8070,2.8080,42,0
20190218,0921,2.8080,2.8080,2.8060,2.8060,65,0
20190218,0922,2.8060,2.8060,2.8040,2.8050,276,0
20190218,0923,2.8050,2.8060,2.8050,2.8050,42,0
20190218,0924,2.8050,2.8060,2.8050,2.8060,55,0
20190218,0925,2.8050,2.8060,2.8050,2.8050,27,0
20190218,0926,2.8050,2.8050,2.8040,2.8050,32,0
20190218,0927,2.8050,2.8050,2.8040,2.8040,60,0
20190218,0928,2.8040,2.8060,2.8040,2.8060,84,0
20190218,0929,2.8060,2.8060,2.8060,2.8060,41,0
20190218,0930,2.8060,2.8060,2.8050,2.8050,33,0
20190218,0931,2.8050,2.8060,2.8050,2.8050,42,0
20190218,0932,2.8050,2.8050,2.8040,2.8050,35,0
20190218,0933,2.8050,2.8060,2.8050,2.8060,45,0
20190218,0934,2.8050,2.8060,2.8050,2.8060,18,0
20190218,0935,2.8060,2.8070,2.8060,2.8070,34,0
20190218,0936,2.8070,2.8080,2.8070,2.8070,31,0
20190218,0937,2.8070,2.8080,2.8070,2.8070,15,0
20190218,0938,2.8070,2.8070,2.8060,2.8060,53,0
20190218,0939,2.8060,2.8080,2.8060,2.8070,24,0
20190218,0940,2.8080,2.8080,2.8080,2.8080,20,0
20190218,0941,2.8080,2.8080,2.8080,2.8080,16,0
20190218,0942,2.8080,2.8080,2.8070,2.8070,44,0
20190218,0943,2.8070,2.8080,2.8070,2.8070,11,0
20190218,0944,2.8070,2.8070,2.8070,2.8070,17,0
20190218,0945,2.8070,2.8080,2.8070,2.8070,35,0
20190218,0946,2.8070,2.8070,2.8060,2.8060,13,0
20190218,0947,2.8060,2.8070,2.8060,2.8070,16,0
20190218,0948,2.8070,2.8070,2.8070,2.8070,1,0
20190218,0949,2.8070,2.8070,2.8070,2.8070,2,0
20190218,0950,2.8070,2.8070,2.8070,2.8070,5,0
20190218,0951,2.8070,2.8070,2.8070,2.8070,20,0
20190218,0952,2.8070,2.8080,2.8070,2.8080,9,0
20190218,0953,2.8080,2.8080,2.8080,2.8080,1,0
20190218,0954,2.8080,2.8080,2.8080,2.8080,13,0
20190218,0955,2.8080,2.8090,2.8080,2.8090,13,0
20190218,0956,2.8090,2.8090,2.8080,2.8080,10,0
20190218,0957,2.8080,2.8080,2.8070,2.8080,7,0
20190218,0958,2.8080,2.8080,2.8080,2.8080,7,0
20190218,0959,2.8080,2.8080,2.8080,2.8080,29,0
20190218,1000,2.8080,2.8080,2.8080,2.8080,16,0
20190218,1001,2.8080,2.8080,2.8070,2.8070,27,0
20190218,1002,2.8070,2.8070,2.8060,2.8060,54,0
20190218,1003,2.8070,2.8070,2.8060,2.8060,39,0
20190218,1004,2.8060,2.8070,2.8060,2.8060,26,0
20190218,1005,2.8060,2.8070,2.8060,2.8070,10,0
20190218,1006,2.8070,2.8070,2.8070,2.8070,21,0
20190218,1007,2.8070,2.8080,2.8070,2.8080,12,0
20190218,1008,2.8080,2.8080,2.8080,2.8080,13,0
20190218,1009,2.8080,2.8080,2.8080,2.8080,21,0
20190218,1010,2.8080,2.8080,2.8080,2.8080,23,0
20190218,1011,2.8080,2.8080,2.8070,2.8080,20,0
20190218,1012,2.8080,2.8080,2.8070,2.8070,12,0
20190218,1013,2.8070,2.8070,2.8070,2.8070,13,0
20190218,1014,2.8070,2.8070,2.8070,2.8070,2,0
20190218,1015,2.8070,2.8070,2.8070,2.8070,2,0
20190218,1016,2.8070,2.8070,2.8070,2.8070,0,0
20190218,1017,2.8070,2.8080,2.8070,2.8080,14,0
20190218,1018,2.8080,2.8080,2.8070,2.8070,6,0
20190218,1019,2.8070,2.8070,2.8070,2.8070,5,0
20190218,1020,2.8070,2.8070,2.8070,2.8070,9,0
20190218,1021,2.8070,2.8070,2.8070,2.8070,4,0
20190218,1022,2.8070,2.8070,2.8070,2.8070,2,0
20190218,1023,2.8070,2.8080,2.8070,2.8080,10,0
20190218,1024,2.8080,2.8080,2.8070,2.8070,15,0
20190218,1025,2.8070,2.8070,2.8070,2.8070,2,0
20190218,1026,2.8070,2.8070,2.8070,2.8070,0,0
20190218,1027,2.8070,2.8070,2.8070,2.8070,0,0
20190218,1028,2.8070,2.8070,2.8070,2.8070,13,0
20190218,1029,2.8070,2.8070,2.8070,2.8070,1,0
20190218,1030,2.8070,2.8080,2.8070,2.8080,15,0
20190218,1031,2.8080,2.8090,2.8070,2.8080,21,0
20190218,1032,2.8080,2.8090,2.8080,2.8090,52,0
20190218,1033,2.8090,2.8090,2.8090,2.8090,26,0
20190218,1034,2.8090,2.8090,2.8090,2.8090,2,0
20190218,1035,2.8090,2.8090,2.8080,2.8080,13,0
20190218,1036,2.8080,2.8090,2.8080,2.8090,6,0
20190218,1037,2.8090,2.8090,2.8080,2.8080,15,0
20190218,1038,2.8080,2.8090,2.8080,2.8090,10,0
20190218,1039,2.8090,2.8090,2.8090,2.8090,21,0
20190218,1040,2.8090,2.8090,2.8090,2.8090,1,0
20190218,1041,2.8090,2.8100,2.8090,2.8090,15,0
20190218,1042,2.8090,2.8090,2.8090,2.8090,14,0
20190218,1043,2.8090,2.8100,2.8090,2.8100,27,0
20190218,1044,2.8100,2.8100,2.8090,2.8090,2,0
20190218,1045,2.8100,2.8110,2.8100,2.8100,52,0
20190218,1046,2.8110,2.8110,2.8110,2.8110,66,0
20190218,1047,2.8110,2.8120,2.8110,2.8120,67,0
20190218,1048,2.8120,2.8130,2.8110,2.8120,66,0
20190218,1049,2.8120,2.8140,2.8120,2.8140,67,0
20190218,1050,2.8130,2.8140,2.8130,2.8130,93,0
20190218,1051,2.8130,2.8140,2.8130,2.8130,46,0
20190218,1052,2.8130,2.8140,2.8130,2.8130,14,0
20190218,1053,2.8130,2.8140,2.8130,2.8140,21,0
20190218,1054,2.8140,2.8140,2.8140,2.8140,23,0
20190218,1055,2.8140,2.8150,2.8140,2.8140,20,0
20190218,1056,2.8150,2.8160,2.8140,2.8160,87,0
20190218,1057,2.8160,2.8160,2.8150,2.8150,15,0
20190218,1058,2.8150,2.8160,2.8150,2.8160,12,0
20190218,1059,2.8150,2.8150,2.8150,2.8150,11,0
20190218,1100,2.8150,2.8160,2.8150,2.8160,27,0
20190218,1101,2.8160,2.8160,2.8160,2.8160,13,0
20190218,1102,2.8160,2.8160,2.8160,2.8160,19,0
20190218,1103,2.8160,2.8160,2.8140,2.8140,35,0
20190218,1104,2.8140,2.8150,2.8140,2.8140,6,0
20190218,1105,2.8140,2.8150,2.8140,2.8140,18,0
20190218,1106,2.8140,2.8140,2.8130,2.8140,50,0
20190218,1107,2.8140,2.8140,2.8130,2.8140,30,0
20190218,1108,2.8140,2.8140,2.8140,2.8140,38,0
20190218,1109,2.8140,2.8140,2.8140,2.8140,34,0
20190218,1110,2.8140,2.8140,2.8140,2.8140,46,0
20190218,1111,2.8140,2.8150,2.8140,2.8150,11,0
20190218,1112,2.8150,2.8170,2.8150,2.8170,127,0
20190218,1113,2.8170,2.8170,2.8170,2.8170,15,0
20190218,1114,2.8170,2.8170,2.8160,2.8170,31,0
20190218,1115,2.8170,2.8190,2.8170,2.8170,91,0
20190218,1116,2.8170,2.8180,2.8170,2.8170,25,0
20190218,1117,2.8170,2.8170,2.8160,2.8170,10,0
20190218,1118,2.8170,2.8170,2.8160,2.8170,11,0
20190218,1119,2.8170,2.8170,2.8170,2.8170,19,0
20190218,1120,2.8170,2.8180,2.8170,2.8180,35,0
20190218,1121,2.8180,2.8180,2.8170,2.8170,40,0
20190218,1122,2.8170,2.8170,2.8170,2.8170,20,0
20190218,1123,2.8170,2.8170,2.8160,2.8160,9,0
20190218,1124,2.8160,2.8160,2.8160,2.8160,17,0
20190218,1125,2.8160,2.8170,2.8160,2.8170,8,0
20190218,1126,2.8170,2.8170,2.8170,2.8170,16,0
20190218,1127,2.8170,2.8170,2.8160,2.8170,79,0
20190218,1128,2.8170,2.8180,2.8170,2.8180,43,0
20190218,1129,2.8180,2.8180,2.8170,2.8180,38,0
20190218,1130,2.8180,2.8180,2.8170,2.8170,19,0
20190218,1131,2.8170,2.8170,2.8170,2.8170,5,0
20190218,1132,2.8170,2.8180,2.8170,2.8180,31,0
20190218,1133,2.8180,2.8200,2.8180,2.8190,112,0
20190218,1134,2.8190,2.8200,2.8190,2.8190,47,0
20190218,2202,2.8410,2.8410,2.8400,2.8410,80,0
20190218,2203,2.8410,2.8420,2.8410,2.8410,69,0
20190218,2204,2.8410,2.8420,2.8410,2.8410,20,0
20190218,2205,2.8410,2.8430,2.8410,2.8430,86,0
20190218,2206,2.8430,2.8430,2.8420,2.8420,18,0
20190218,2207,2.8420,2.8430,2.8420,2.8430,4,0
20190218,2208,2.8430,2.8460,2.8430,2.8460,252,0
20190218,2209,2.8450,2.8470,2.8450,2.8470,184,0
20190218,2210,2.8470,2.8480,2.8470,2.8470,207,0
20190218,2211,2.8470,2.8470,2.8460,2.8470,50,0
20190218,2212,2.8470,2.8480,2.8470,2.8470,117,0
20190218,2213,2.8470,2.8470,2.8460,2.8460,85,0
20190218,2214,2.8460,2.8470,2.8450,2.8450,47,0
20190218,2215,2.8460,2.8460,2.8450,2.8450,63,0
20190218,2216,2.8450,2.8450,2.8430,2.8430,103,0
20190218,2217,2.8430,2.8430,2.8430,2.8430,61,0
20190218,2218,2.8430,2.8430,2.8430,2.8430,61,0
20190218,2219,2.8430,2.8430,2.8420,2.8420,39,0
20190218,2220,2.8420,2.8420,2.8410,2.8410,101,0
20190218,2221,2.8400,2.8410,2.8400,2.8400,90,0
20190218,2222,2.8400,2.8410,2.8400,2.8410,47,0
20190218,2223,2.8410,2.8420,2.8410,2.8420,62,0
20190218,2224,2.8420,2.8420,2.8410,2.8420,44,0
20190218,2225,2.8420,2.8420,2.8420,2.8420,12,0
20190218,2226,2.8420,2.8430,2.8420,2.8430,50,0
20190218,2227,2.8430,2.8430,2.8420,2.8430,30,0
20190218,2228,2.8430,2.8430,2.8400,2.8400,51,0
20190218,2229,2.8400,2.8400,2.8390,2.8390,102,0
20190218,2230,2.8390,2.8400,2.8390,2.8400,61,0
20190218,2231,2.8400,2.8410,2.8400,2.8410,41,0
20190218,2232,2.8410,2.8420,2.8400,2.8410,30,0
20190218,2233,2.8410,2.8420,2.8410,2.8420,67,0
20190218,2234,2.8420,2.8420,2.8420,2.8420,21,0
20190218,2235,2.8420,2.8440,2.8420,2.8420,47,0
20190218,2236,2.8420,2.8440,2.8420,2.8440,72,0
20190218,2237,2.8440,2.8440,2.8440,2.8440,45,0
20190218,2238,2.8440,2.8440,2.8420,2.8430,78,0
20190218,2239,2.8430,2.8450,2.8420,2.8440,52,0
20190218,2240,2.8440,2.8450,2.8440,2.8440,25,0
20190218,2241,2.8440,2.8450,2.8440,2.8450,49,0
20190218,2242,2.8450,2.8450,2.8440,2.8440,54,0
20190218,2243,2.8440,2.8440,2.8440,2.8440,37,0
20190218,2244,2.8440,2.8440,2.8420,2.8430,56,0
20190218,2245,2.8430,2.8440,2.8430,2.8440,27,0
20190218,2246,2.8440,2.8440,2.8440,2.8440,19,0
20190218,2247,2.8440,2.8450,2.8440,2.8450,67,0
20190218,2248,2.8450,2.8450,2.8450,2.8450,130,0
20190218,2249,2.8450,2.8450,2.8440,2.8450,29,0
20190218,2250,2.8450,2.8450,2.8440,2.8440,12,0
20190218,2251,2.8450,2.8450,2.8450,2.8450,4,0
20190218,2252,2.8450,2.8450,2.8440,2.8440,36,0
20190218,2253,2.8440,2.8440,2.8430,2.8430,43,0
20190218,2254,2.8430,2.8440,2.8430,2.8440,46,0
20190218,2255,2.8440,2.8450,2.8430,2.8430,48,0
20190218,2256,2.8430,2.8430,2.8420,2.8420,30,0
20190218,2257,2.8420,2.8430,2.8420,2.8430,73,0
20190218,2258,2.8430,2.8440,2.8430,2.8430,58,0
20190218,2259,2.8430,2.8430,2.8420,2.8430,40,0
20190218,2300,2.8430,2.8430,2.8430,2.8430,29,0
20190218,2301,2.8430,2.8440,2.8430,2.8440,38,0
20190218,2302,2.8430,2.8430,2.8420,2.8430,37,0
20190218,2303,2.8430,2.8430,2.8420,2.8420,41,0
20190218,2304,2.8420,2.8430,2.8420,2.8430,17,0
20190218,2305,2.8430,2.8430,2.8430,2.8430,19,0
20190218,2306,2.8430,2.8430,2.8430,2.8430,30,0
20190218,2307,2.8430,2.8440,2.8430,2.8440,38,0
20190218,2308,2.8440,2.8440,2.8440,2.8440,34,0
20190218,2309,2.8440,2.8450,2.8440,2.8450,31,0
20190218,2310,2.8450,2.8460,2.8450,2.8450,311,0
20190218,2311,2.8450,2.8460,2.8450,2.8460,82,0
20190218,2312,2.8460,2.8470,2.8460,2.8460,71,0
20190218,2313,2.8460,2.8460,2.8450,2.8450,67,0
20190218,2314,2.8450,2.8450,2.8440,2.8440,30,0
20190218,2315,2.8440,2.8450,2.8440,2.8450,21,0
20190218,2316,2.8450,2.8450,2.8440,2.8440,12,0
20190218,2317,2.8440,2.8450,2.8440,2.8450,19,0
20190218,2318,2.8450,2.8450,2.8440,2.8440,16,0
20190218,2319,2.8450,2.8450,2.8440,2.8450,80,0
20190218,2320,2.8450,2.8450,2.8450,2.8450,32,0
20190218,2321,2.8450,2.8450,2.8450,2.8450,22,0
20190218,2322,2.8450,2.8450,2.8450,2.8450,20,0
20190218,2323,2.8450,2.8460,2.8450,2.8460,23,0
20190218,2324,2.8460,2.8460,2.8450,2.8450,41,0
20190218,2325,2.8450,2.8450,2.8430,2.8430,48,0
20190218,2326,2.8440,2.8440,2.8430,2.8440,65,0
20190218,2327,2.8430,2.8440,2.8430,2.8440,19,0
20190218,2328,2.8440,2.8450,2.8430,2.8450,53,0
20190218,2329,2.8450,2.8450,2.8440,2.8440,29,0
20190218,2330,2.8440,2.8440,2.8430,2.8430,45,0
20190218,2331,2.8430,2.8440,2.8430,2.8440,31,0
20190218,2332,2.8440,2.8440,2.8440,2.8440,9,0
20190218,2333,2.8440,2.8450,2.8430,2.8430,27,0
20190218,2334,2.8430,2.8430,2.8420,2.8420,38,0
20190218,2335,2.8420,2.8430,2.8420,2.8430,54,0
20190218,2336,2.8430,2.8430,2.8420,2.8420,37,0
20190218,2337,2.8420,2.8420,2.8420,2.8420,37,0
20190218,2338,2.8420,2.8420,2.8410,2.8420,37,0
20190218,2339,2.8420,2.8420,2.8420,2.8420,8,0
20190218,2340,2.8420,2.8430,2.8420,2.8430,68,0
20190218,2341,2.8430,2.8440,2.8430,2.8430,30,0
20190218,2342,2.8430,2.8430,2.8430,2.8430,21,0
20190218,2343,2.8430,2.8440,2.8430,2.8440,23,0
20190218,2344,2.8430,2.8440,2.8430,2.8430,13,0
20190218,2345,2.8430,2.8440,2.8430,2.8440,49,0
20190218,2346,2.8440,2.8450,2.8440,2.8450,34,0
20190218,2347,2.8450,2.8450,2.8440,2.8450,13,0
20190218,2348,2.8450,2.8450,2.8440,2.8450,20,0
20190218,2349,2.8450,2.8450,2.8440,2.8440,5,0
20190218,2350,2.8440,2.8450,2.8440,2.8450,160,0
20190218,2351,2.8450,2.8450,2.8440,2.8440,31,0
20190218,2352,2.8440,2.8440,2.8440,2.8440,77,0
20190218,2353,2.8440,2.8440,2.8420,2.8420,40,0
20190218,2354,2.8420,2.8420,2.8410,2.8410,67,0
20190218,2355,2.8410,2.8420,2.8410,2.8420,19,0
20190218,2356,2.8420,2.8420,2.8410,2.8410,18,0
20190218,2357,2.8400,2.8410,2.8400,2.8410,245,0
20190218,2358,2.8410,2.8420,2.8410,2.8420,49,0
20190218,2359,2.8420,2.8420,2.8410,2.8410,13,0
20190219,0000,2.8410,2.8410,2.8390,2.8390,55,0
20190219,0001,2.8400,2.8400,2.8390,2.8400,60,0
20190219,0002,2.8400,2.8410,2.8400,2.8410,21,0
20190219,0003,2.8410,2.8410,2.8400,2.8400,21,0
20190219,0004,2.8400,2.8410,2.8400,2.8400,18,0
20190219,0005,2.8400,2.8410,2.8400,2.8410,8,0
20190219,0006,2.8410,2.8410,2.8410,2.8410,5,0
20190219,0007,2.8410,2.8420,2.8410,2.8420,24,0
20190219,0008,2.8420,2.8420,2.8410,2.8410,18,0
20190219,0009,2.8410,2.8420,2.8410,2.8420,23,0
20190219,0010,2.8410,2.8420,2.8410,2.8420,42,0
20190219,0011,2.8420,2.8420,2.8420,2.8420,28,0
20190219,0012,2.8420,2.8420,2.8420,2.8420,14,0
20190219,0013,2.8420,2.8430,2.8420,2.8420,31,0
20190219,0014,2.8420,2.8420,2.8420,2.8420,12,0
20190219,0015,2.8420,2.8420,2.8410,2.8410,17,0
20190219,0016,2.8410,2.8410,2.8400,2.8400,18,0
20190219,0017,2.8410,2.8410,2.8400,2.8410,29,0
20190219,0018,2.8410,2.8410,2.8390,2.8390,106,0
20190219,0019,2.8390,2.8400,2.8390,2.8400,78,0
20190219,0020,2.8400,2.8400,2.8390,2.8400,26,0
20190219,0021,2.8400,2.8400,2.8390,2.8390,6,0
20190219,0022,2.8390,2.8390,2.8380,2.8390,44,0
20190219,0023,2.8390,2.8400,2.8390,2.8390,41,0
20190219,0024,2.8390,2.8400,2.8390,2.8390,56,0
20190219,0025,2.8390,2.8390,2.8390,2.8390,20,0
20190219,0026,2.8390,2.8400,2.8390,2.8400,18,0
20190219,0027,2.8400,2.8410,2.8400,2.8410,55,0
20190219,0028,2.8410,2.8410,2.8400,2.8410,26,0
20190219,0029,2.8410,2.8410,2.8390,2.8390,33,0
20190219,0030,2.8390,2.8390,2.8380,2.8390,44,0
20190219,0031,2.8390,2.8390,2.8390,2.8390,8,0
20190219,0032,2.8390,2.8390,2.8380,2.8390,70,0
20190219,0033,2.8390,2.8410,2.8390,2.8400,45,0
20190219,0034,2.8400,2.8430,2.8400,2.8430,80,0
20190219,0035,2.8430,2.8430,2.8410,2.8420,127,0
20190219,0036,2.8420,2.8440,2.8420,2.8440,139,0
20190219,0037,2.8440,2.8440,2.8430,2.8440,35,0
20190219,0038,2.8440,2.8440,2.8430,2.8430,20,0
20190219,0039,2.8430,2.8440,2.8430,2.8430,78,0
20190219,0040,2.8430,2.8440,2.8430,2.8430,31,0
20190219,0041,2.8430,2.8430,2.8430,2.8430,17,0
20190219,0042,2.8430,2.8430,2.8430,2.8430,32,0
20190219,0043,2.8430,2.8430,2.8430,2.8430,22,0
20190219,0044,2.8430,2.8440,2.8430,2.8430,33,0
20190219,0045,2.8430,2.8440,2.8430,2.8430,18,0
20190219,0046,2.8430,2.8430,2.8430,2.8430,8,0
20190219,0047,2.8430,2.8440,2.8430,2.8430,37,0
20190219,0048,2.8430,2.8440,2.8430,2.8440,15,0
20190219,0049,2.8440,2.8440,2.8440,2.8440,0,0
20190219,0050,2.8440,2.8440,2.8430,2.8430,62,0
20190219,0051,2.8430,2.8430,2.8430,2.8430,4,0
20190219,0052,2.8430,2.8430,2.8420,2.8430,23,0
20190219,0053,2.8430,2.8430,2.8430,2.8430,4,0
20190219,0054,2.8430,2.8430,2.8430,2.8430,17,0
20190219,0055,2.8430,2.8430,2.8430,2.8430,342,0
20190219,0056,2.8430,2.8430,2.8430,2.8430,25,0
20190219,0057,2.8430,2.8430,2.8430,2.8430,5,0
20190219,0058,2.8430,2.8430,2.8430,2.8430,41,0
20190219,0059,2.8430,2.8430,2.8430,2.8430,159,0
20190219,0100,2.8430,2.8430,2.8410,2.8410,80,0
20190219,0101,2.8410,2.8410,2.8400,2.8410,42,0
20190219,0102,2.8410,2.8410,2.8400,2.8400,30,0
20190219,0103,2.8400,2.8410,2.8400,2.8410,26,0
20190219,0104,2.8410,2.8410,2.8410,2.8410,2,0
20190219,0105,2.8410,2.8410,2.8410,2.8410,16,0
20190219,0106,2.8410,2.8420,2.8410,2.8420,8,0
20190219,0107,2.8420,2.8420,2.8420,2.8420,6,0
20190219,0108,2.8420,2.8420,2.8410,2.8410,10,0
20190219,0109,2.8410,2.8420,2.8410,2.8420,2,0
20190219,0110,2.8420,2.8420,2.8410,2.8410,6,0
20190219,0111,2.8410,2.8410,2.8410,2.8410,0,0
20190219,0112,2.8410,2.8410,2.8400,2.8400,24,0
20190219,0113,2.8400,2.8400,2.8390,2.8400,19,0
20190219,0114,2.8400,2.8400,2.8400,2.8400,39,0
20190219,0115,2.8400,2.8400,2.8390,2.8400,5,0
20190219,0116,2.8390,2.8400,2.8390,2.8390,55,0
20190219,0117,2.8390,2.8390,2.8390,2.8390,10,0
20190219,0118,2.8390,2.8400,2.8390,2.8390,15,0
20190219,0119,2.8390,2.8390,2.8390,2.8390,6,0
20190219,0120,2.8390,2.8390,2.8380,2.8390,40,0
20190219,0121,2.8390,2.8390,2.8370,2.8380,82,0
20190219,0122,2.8380,2.8380,2.8380,2.8380,28,0
20190219,0123,2.8380,2.8380,2.8380,2.8380,17,0
20190219,0124,2.8380,2.8380,2.8380,2.8380,27,0
20190219,0125,2.8380,2.8380,2.8380,2.8380,2,0
20190219,0126,2.8380,2.8380,2.8370,2.8380,25,0
20190219,0127,2.8380,2.8380,2.8370,2.8380,7,0
20190219,0128,2.8380,2.8380,2.8360,2.8370,46,0
20190219,0129,2.8370,2.8370,2.8360,2.8360,46,0
20190219,0130,2.8360,2.8370,2.8360,2.8360,43,0
20190219,0131,2.8360,2.8360,2.8350,2.8350,29,0
20190219,0132,2.8360,2.8360,2.8360,2.8360,13,0
20190219,0133,2.8360,2.8370,2.8360,2.8370,13,0
20190219,0134,2.8370,2.8370,2.8360,2.8370,15,0
20190219,0135,2.8370,2.8370,2.8360,2.8360,4,0
20190219,0136,2.8360,2.8370,2.8360,2.8370,1,0
20190219,0137,2.8370,2.8370,2.8360,2.8360,17,0
20190219,0138,2.8360,2.8370,2.8360,2.8370,4,0
20190219,0139,2.8370,2.8370,2.8360,2.8360,12,0
20190219,0140,2.8360,2.8360,2.8360,2.8360,44,0
20190219,0141,2.8360,2.8360,2.8350,2.8350,12,0
20190219,0142,2.8350,2.8360,2.8350,2.8350,31,0
20190219,0143,2.8350,2.8350,2.8350,2.8350,5,0
20190219,0144,2.8360,2.8360,2.8350,2.8350,7,0
20190219,0145,2.8360,2.8360,2.8360,2.8360,31,0
20190219,0146,2.8360,2.8360,2.8350,2.8360,15,0
20190219,0147,2.8360,2.8360,2.8350,2.8360,19,0
20190219,0148,2.8360,2.8360,2.8360,2.8360,24,0
20190219,0149,2.8360,2.8370,2.8360,2.8360,19,0
20190219,0150,2.8370,2.8370,2.8350,2.8360,110,0
20190219,0151,2.8360,2.8360,2.8350,2.8360,18,0
20190219,0152,2.8360,2.8360,2.8360,2.8360,7,0
20190219,0153,2.8370,2.8370,2.8360,2.8360,33,0
20190219,0154,2.8370,2.8370,2.8360,2.8360,16,0
20190219,0155,2.8360,2.8370,2.8360,2.8360,50,0
20190219,0156,2.8360,2.8360,2.8360,2.8360,8,0
20190219,0157,2.8360,2.8370,2.8360,2.8360,11,0
20190219,0158,2.8360,2.8370,2.8360,2.8370,13,0
20190219,0159,2.8370,2.8370,2.8360,2.8360,11,0
20190219,0200,2.8360,2.8360,2.8360,2.8360,0,0
20190219,0201,2.8360,2.8360,2.8360,2.8360,0,0
20190219,0202,2.8360,2.8360,2.8360,2.8360,0,0
20190219,0204,2.8360,2.8360,2.8360,2.8360,0,0
20190219,0205,2.8360,2.8360,2.8360,2.8360,0,0
20190219,0206,2.8360,2.8360,2.8360,2.8360,0,0
20190219,0207,2.8360,2.8360,2.8360,2.8360,0,0
20190219,0208,2.8360,2.8360,2.8360,2.8360,0,0
20190219,0209,2.8360,2.8360,2.8360,2.8360,0,0
20190219,0212,2.8360,2.8360,2.8360,2.8360,0,0
20190219,0218,2.8360,2.8360,2.8360,2.8360,0,0
20190219,0219,2.8360,2.8360,2.8360,2.8360,0,0
20190219,0221,2.8360,2.8360,2.8360,2.8360,0,0
20190219,0222,2.8360,2.8360,2.8360,2.8360,0,0
20190219,0223,2.8360,2.8360,2.8360,2.8360,0,0
20190219,0224,2.8360,2.8360,2.8360,2.8360,0,0
20190219,0229,2.8360,2.8360,2.8360,2.8360,0,0
20190219,0230,2.8360,2.8360,2.8360,2.8360,0,0
20190219,0237,2.8360,2.8360,2.8360,2.8360,0,0
20190219,0238,2.8360,2.8360,2.8360,2.8360,0,0
20190219,0241,2.8360,2.8360,2.8360,2.8360,0,0
20190219,0242,2.8360,2.8360,2.8360,2.8360,0,0
20190219,0259,2.8360,2.8360,2.8360,2.8360,0,0
20190219,0329,2.8360,2.8360,2.8360,2.8360,0,0
20190219,0345,2.8360,2.8360,2.8360,2.8360,0,0
20190219,0346,2.8360,2.8360,2.8360,2.8360,0,0
20190219,0347,2.8360,2.8360,2.8360,2.8360,0,0
20190219,0355,2.8360,2.8360,2.8360,2.8360,0,0
20190219,0359,2.8360,2.8360,2.8360,2.8360,0,0
20190219,0429,2.8360,2.8360,2.8360,2.8360,0,0
20190219,0459,2.8360,2.8360,2.8360,2.8360,0,0
20190219,0515,2.8360,2.8360,2.8360,2.8360,0,0
20190219,0518,2.8360,2.8360,2.8360,2.8360,0,0
20190219,0525,2.8360,2.8360,2.8360,2.8360,0,0
20190219,0526,2.8360,2.8360,2.8360,2.8360,0,0
20190219,0527,2.8360,2.8360,2.8360,2.8360,0,0
20190219,0528,2.8360,2.8360,2.8360,2.8360,0,0
20190219,0529,2.8360,2.8360,2.8360,2.8360,0,0
20190219,0530,2.8360,2.8360,2.8360,2.8360,0,0
20190219,0531,2.8360,2.8360,2.8360,2.8360,0,0
20190219,0532,2.8360,2.8360,2.8360,2.8360,0,0
20190219,0533,2.8360,2.8360,2.8360,2.8360,0,0
20190219,0534,2.8360,2.8360,2.8360,2.8360,0,0
20190219,0535,2.8360,2.8360,2.8360,2.8360,0,0
20190219,0536,2.8360,2.8360,2.8360,2.8360,0,0
20190219,0537,2.8360,2.8360,2.8360,2.8360,0,0
20190219,0538,2.8360,2.8360,2.8360,2.8360,0,0
20190219,0539,2.8360,2.8360,2.8360,2.8360,0,0
20190219,0540,2.8360,2.8360,2.8360,2.8360,0,0
20190219,0541,2.8360,2.8360,2.8360,2.8360,0,0
20190219,0542,2.8360,2.8360,2.8360,2.8360,0,0
20190219,0543,2.8360,2.8360,2.8360,2.8360,0,0
20190219,0544,2.8360,2.8360,2.8360,2.8360,0,0
20190219,0545,2.8360,2.8360,2.8360,2.8360,0,0
20190219,0546,2.8360,2.8360,2.8360,2.8360,0,0
20190219,0547,2.8360,2.8360,2.8360,2.8360,0,0
20190219,0548,2.8360,2.8360,2.8360,2.8360,0,0
20190219,0549,2.8360,2.8360,2.8360,2.8360,0,0
20190219,0550,2.8360,2.8360,2.8360,2.8360,0,0
20190219,0551,2.8360,2.8360,2.8360,2.8360,0,0
20190219,0552,2.8360,2.8360,2.8360,2.8360,0,0
20190219,0553,2.8360,2.8360,2.8360,2.8360,0,0
20190219,0554,2.8360,2.8360,2.8360,2.8360,0,0
20190219,0555,2.8360,2.8360,2.8360,2.8360,0,0
20190219,0556,2.8360,2.8360,2.8360,2.8360,0,0
20190219,0557,2.8360,2.8360,2.8360,2.8360,0,0
20190219,0558,2.8360,2.8360,2.8360,2.8360,0,0
20190219,0559,2.8360,2.8360,2.8360,2.8360,0,0
20190219,0600,2.8360,2.8360,2.8360,2.8360,0,0
20190219,0601,2.8360,2.8360,2.8360,2.8360,0,0
20190219,0602,2.8360,2.8360,2.8360,2.8360,0,0
20190219,0605,2.8360,2.8360,2.8360,2.8360,0,0
20190219,0610,2.8360,2.8360,2.8360,2.8360,0,0
20190219,0615,2.8360,2.8360,2.8360,2.8360,0,0
20190219,0620,2.8360,2.8360,2.8360,2.8360,0,0
20190219,0700,2.8340,2.8380,2.8340,2.8380,46,0
20190219,0701,2.8380,2.8390,2.8380,2.8390,25,0
20190219,0702,2.8390,2.8390,2.8380,2.8380,40,0
20190219,0703,2.8380,2.8380,2.8380,2.8380,9,0
20190219,0704,2.8380,2.8390,2.8380,2.8380,15,0
20190219,0705,2.8380,2.8390,2.8370,2.8380,23,0
20190219,0706,2.8370,2.8370,2.8370,2.8370,13,0
20190219,0707,2.8370,2.8370,2.8370,2.8370,14,0
20190219,0708,2.8370,2.8370,2.8370,2.8370,10,0
20190219,0709,2.8360,2.8370,2.8360,2.8370,2,0
20190219,0710,2.8370,2.8370,2.8360,2.8360,3,0
20190219,0711,2.8360,2.8360,2.8360,2.8360,0,0
20190219,0712,2.8360,2.8360,2.8360,2.8360,1,0
20190219,0713,2.8360,2.8360,2.8360,2.8360,0,0
20190219,0714,2.8370,2.8370,2.8370,2.8370,7,0
20190219,0715,2.8370,2.8370,2.8370,2.8370,0,0
20190219,0716,2.8370,2.8370,2.8370,2.8370,4,0
20190219,0717,2.8370,2.8370,2.8370,2.8370,4,0
20190219,0718,2.8370,2.8380,2.8370,2.8380,2,0
20190219,0719,2.8380,2.8380,2.8380,2.8380,0,0
20190219,0720,2.8380,2.8380,2.8370,2.8370,11,0
20190219,0721,2.8370,2.8370,2.8370,2.8370,2,0
20190219,0722,2.8370,2.8370,2.8370,2.8370,7,0
20190219,0723,2.8370,2.8370,2.8360,2.8370,8,0
20190219,0724,2.8360,2.8360,2.8360,2.8360,1,0
20190219,0725,2.8360,2.8370,2.8360,2.8370,4,0
20190219,0726,2.8370,2.8370,2.8370,2.8370,6,0
20190219,0727,2.8370,2.8370,2.8370,2.8370,0,0
20190219,0728,2.8370,2.8370,2.8370,2.8370,0,0
20190219,0729,2.8370,2.8380,2.8370,2.8380,1,0
20190219,0730,2.8380,2.8380,2.8380,2.8380,0,0
20190219,0731,2.8380,2.8390,2.8380,2.8380,19,0
20190219,0732,2.8380,2.8380,2.8380,2.8380,2,0
20190219,0733,2.8380,2.8380,2.8380,2.8380,3,0
20190219,0734,2.8380,2.8390,2.8380,2.8380,6,0
20190219,0735,2.8380,2.8380,2.8380,2.8380,0,0
20190219,0736,2.8380,2.8390,2.8380,2.8390,3,0
20190219,0737,2.8390,2.8390,2.8390,2.8390,3,0
20190219,0738,2.8390,2.8390,2.8390,2.8390,0,0
20190219,0739,2.8390,2.8390,2.8380,2.8380,5,0
20190219,0740,2.8380,2.8380,2.8380,2.8380,0,0
20190219,0741,2.8380,2.8380,2.8380,2.8380,2,0
20190219,0742,2.8380,2.8390,2.8380,2.8380,6,0
20190219,0743,2.8380,2.8380,2.8380,2.8380,0,0
20190219,0744,2.8380,2.8380,2.8380,2.8380,0,0
20190219,0745,2.8380,2.8390,2.8380,2.8380,3,0
20190219,0746,2.8390,2.8390,2.8380,2.8380,10,0
20190219,0747,2.8380,2.8380,2.8380,2.8380,9,0
20190219,0748,2.8380,2.8380,2.8380,2.8380,1,0
20190219,0749,2.8380,2.8380,2.8380,2.8380,2,0
20190219,0750,2.8380,2.8390,2.8380,2.8390,4,0
20190219,0751,2.8390,2.8400,2.8390,2.8390,11,0
20190219,0752,2.8390,2.8390,2.8390,2.8390,0,0
20190219,0753,2.8390,2.8390,2.8390,2.8390,8,0
20190219,0754,2.8390,2.8390,2.8390,2.8390,4,0
20190219,0755,2.8390,2.8390,2.8390,2.8390,0,0
20190219,0756,2.8390,2.8390,2.8390,2.8390,0,0
20190219,0757,2.8390,2.8390,2.8390,2.8390,1,0
20190219,0758,2.8390,2.8390,2.8390,2.8390,0,0
20190219,0759,2.8380,2.8380,2.8380,2.8380,6,0
20190219,0800,2.8380,2.8380,2.8380,2.8380,2,0
20190219,0801,2.8380,2.8380,2.8380,2.8380,0,0
20190219,0802,2.8380,2.8380,2.8380,2.8380,5,0
20190219,0803,2.8380,2.8380,2.8380,2.8380,0,0
20190219,0804,2.8380,2.8380,2.8380,2.8380,0,0
20190219,0805,2.8380,2.8380,2.8380,2.8380,0,0
20190219,0806,2.8380,2.8380,2.8380,2.8380,2,0
20190219,0807,2.8380,2.8380,2.8380,2.8380,1,0
20190219,0808,2.8380,2.8380,2.8380,2.8380,1,0
20190219,0809,2.8380,2.8380,2.8380,2.8380,2,0
20190219,0810,2.8380,2.8380,2.8370,2.8370,6,0
20190219,0811,2.8370,2.8380,2.8370,2.8370,7,0
20190219,0812,2.8370,2.8370,2.8370,2.8370,4,0
20190219,0813,2.8370,2.8370,2.8370,2.8370,0,0
20190219,0814,2.8370,2.8370,2.8370,2.8370,1,0
20190219,0815,2.8370,2.8370,2.8370,2.8370,2,0
20190219,0816,2.8370,2.8370,2.8350,2.8350,66,0
20190219,0817,2.8350,2.8360,2.8350,2.8360,6,0
20190219,0818,2.8360,2.8360,2.8360,2.8360,1,0
20190219,0819,2.8360,2.8360,2.8360,2.8360,1,0
20190219,0820,2.8360,2.8360,2.8350,2.8360,11,0
20190219,0821,2.8360,2.8370,2.8360,2.8370,26,0
20190219,0822,2.8370,2.8370,2.8370,2.8370,9,0
20190219,0823,2.8370,2.8370,2.8370,2.8370,4,0
20190219,0824,2.8370,2.8370,2.8370,2.8370,13,0
20190219,0825,2.8360,2.8360,2.8360,2.8360,1,0
20190219,0826,2.8360,2.8370,2.8360,2.8370,3,0
20190219,0827,2.8370,2.8370,2.8360,2.8360,1,0
20190219,0828,2.8360,2.8370,2.8360,2.8370,17,0
20190219,0829,2.8370,2.8370,2.8370,2.8370,0,0
20190219,0830,2.8370,2.8390,2.8370,2.8380,38,0
20190219,0831,2.8380,2.8390,2.8380,2.8390,1,0
20190219,0832,2.8390,2.8390,2.8380,2.8380,16,0
20190219,0833,2.8380,2.8380,2.8370,2.8370,18,0
20190219,0834,2.8370,2.8370,2.8360,2.8370,9,0
20190219,0835,2.8370,2.8370,2.8360,2.8360,21,0
20190219,0836,2.8360,2.8360,2.8360,2.8360,18,0
20190219,0837,2.8360,2.8360,2.8350,2.8350,18,0
20190219,0838,2.8350,2.8350,2.8350,2.8350,3,0
20190219,0839,2.8350,2.8350,2.8350,2.8350,22,0
20190219,0840,2.8350,2.8350,2.8340,2.8350,15,0
20190219,0841,2.8350,2.8350,2.8340,2.8340,5,0
20190219,0842,2.8340,2.8340,2.8340,2.8340,7,0
20190219,0843,2.8340,2.8340,2.8330,2.8340,9,0
20190219,0844,2.8340,2.8340,2.8330,2.8340,53,0
20190219,0845,2.8340,2.8340,2.8330,2.8340,13,0
20190219,0846,2.8340,2.8340,2.8330,2.8330,17,0
20190219,0847,2.8330,2.8330,2.8330,2.8330,7,0
20190219,0848,2.8330,2.8330,2.8330,2.8330,10,0
20190219,0849,2.8330,2.8340,2.8330,2.8330,8,0
20190219,0850,2.8330,2.8340,2.8330,2.8330,22,0
20190219,0851,2.8330,2.8340,2.8330,2.8340,4,0
20190219,0852,2.8340,2.8340,2.8330,2.8330,32,0
20190219,0853,2.8330,2.8340,2.8330,2.8340,29,0
20190219,0854,2.8340,2.8340,2.8340,2.8340,21,0
20190219,0855,2.8340,2.8350,2.8340,2.8340,24,0
20190219,0856,2.8340,2.8340,2.8340,2.8340,2,0
20190219,0857,2.8340,2.8340,2.8340,2.8340,2,0
20190219,0858,2.8340,2.8350,2.8340,2.8350,7,0
20190219,0859,2.8350,2.8350,2.8350,2.8350,21,0
20190219,0900,2.8350,2.8360,2.8330,2.8330,105,0
20190219,0901,2.8340,2.8350,2.8330,2.8350,61,0
20190219,0902,2.8350,2.8350,2.8340,2.8340,41,0
20190219,0903,2.8340,2.8350,2.8340,2.8340,31,0
20190219,0904,2.8340,2.8340,2.8340,2.8340,20,0
20190219,0905,2.8340,2.8340,2.8330,2.8330,85,0
20190219,0906,2.8330,2.8330,2.8320,2.8320,33,0
20190219,0907,2.8330,2.8340,2.8320,2.8340,33,0
20190219,0908,2.8340,2.8340,2.8330,2.8330,28,0
20190219,0909,2.8330,2.8340,2.8330,2.8340,15,0
20190219,0910,2.8340,2.8340,2.8340,2.8340,11,0
20190219,0911,2.8340,2.8340,2.8340,2.8340,41,0
20190219,0912,2.8340,2.8350,2.8340,2.8350,31,0
20190219,0913,2.8350,2.8350,2.8340,2.8340,5,0
20190219,0914,2.8340,2.8340,2.8340,2.8340,20,0
20190219,0915,2.8340,2.8340,2.8340,2.8340,36,0
20190219,0916,2.8340,2.8350,2.8340,2.8350,10,0
20190219,0917,2.8350,2.8350,2.8350,2.8350,16,0
20190219,0918,2.8350,2.8350,2.8340,2.8340,12,0
20190219,0919,2.8340,2.8340,2.8340,2.8340,15,0
20190219,0920,2.8340,2.8340,2.8330,2.8330,19,0
20190219,0921,2.8330,2.8330,2.8330,2.8330,13,0
20190219,0922,2.8330,2.8340,2.8330,2.8330,53,0
20190219,0923,2.8330,2.8340,2.8330,2.8330,32,0
20190219,0924,2.8330,2.8330,2.8320,2.8320,37,0
20190219,0925,2.8320,2.8330,2.8320,2.8330,14,0
20190219,0926,2.8330,2.8330,2.8320,2.8320,15,0
20190219,0927,2.8320,2.8320,2.8320,2.8320,12,0
20190219,0928,2.8320,2.8320,2.8310,2.8310,23,0
20190219,0929,2.8310,2.8320,2.8310,2.8320,15,0
20190219,0930,2.8320,2.8330,2.8320,2.8320,25,0
20190219,0931,2.8320,2.8320,2.8310,2.8310,66,0
20190219,0932,2.8300,2.8310,2.8300,2.8300,103,0
20190219,0933,2.8300,2.8310,2.8300,2.8310,87,0
20190219,0934,2.8310,2.8310,2.8300,2.8310,32,0
20190219,0935,2.8310,2.8310,2.8310,2.8310,67,0
20190219,0936,2.8310,2.8310,2.8290,2.8300,107,0
20190219,0937,2.8300,2.8310,2.8300,2.8310,18,0
20190219,0938,2.8310,2.8320,2.8310,2.8320,40,0
20190219,0939,2.8320,2.8340,2.8320,2.8330,71,0
20190219,0940,2.8330,2.8340,2.8330,2.8340,33,0
20190219,0941,2.8340,2.8340,2.8340,2.8340,43,0
20190219,0942,2.8340,2.8350,2.8340,2.8340,23,0
20190219,0943,2.8350,2.8350,2.8350,2.8350,61,0
20190219,0944,2.8350,2.8350,2.8350,2.8350,16,0
20190219,0945,2.8350,2.8350,2.8340,2.8340,21,0
20190219,0946,2.8340,2.8340,2.8340,2.8340,22,0
20190219,0947,2.8340,2.8340,2.8330,2.8330,25,0
20190219,0948,2.8330,2.8340,2.8330,2.8330,67,0
20190219,0949,2.8330,2.8340,2.8330,2.8340,16,0
20190219,0950,2.8340,2.8350,2.8340,2.8350,13,0
20190219,0951,2.8350,2.8350,2.8350,2.8350,27,0
20190219,0952,2.8350,2.8350,2.8350,2.8350,37,0
20190219,0953,2.8350,2.8350,2.8350,2.8350,25,0
20190219,0954,2.8350,2.8360,2.8350,2.8360,25,0
20190219,0955,2.8360,2.8370,2.8360,2.8360,85,0
20190219,0956,2.8370,2.8370,2.8360,2.8370,32,0
20190219,0957,2.8360,2.8360,2.8360,2.8360,18,0
20190219,0958,2.8360,2.8360,2.8360,2.8360,46,0
20190219,0959,2.8360,2.8370,2.8360,2.8360,38,0
20190219,1000,2.8370,2.8370,2.8360,2.8370,16,0
20190219,1001,2.8370,2.8370,2.8360,2.8360,26,0
20190219,1002,2.8360,2.8360,2.8360,2.8360,18,0
20190219,1003,2.8360,2.8360,2.8350,2.8350,31,0
20190219,1004,2.8350,2.8360,2.8350,2.8360,10,0
20190219,1005,2.8360,2.8360,2.8350,2.8350,13,0
20190222,0440,2.9000,2.9000,2.9000,2.9000,27,0
20190222,0441,2.9000,2.9030,2.9000,2.9030,25,0
20190222,0442,2.9010,2.9040,2.9010,2.9040,123,0
20190222,0443,2.9040,2.9050,2.9040,2.9040,158,0
20190222,0444,2.9040,2.9040,2.9040,2.9040,52,0
20190222,0445,2.9050,2.9050,2.9050,2.9050,71,0
20190222,0446,2.9060,2.9060,2.9040,2.9040,50,0
20190222,0447,2.9040,2.9050,2.9040,2.9050,23,0
20190222,0448,2.9050,2.9050,2.9050,2.9050,11,0
20190222,0449,2.9050,2.9050,2.9040,2.9040,16,0
20190222,0450,2.9050,2.9050,2.9050,2.9050,36,0
20190222,0451,2.9050,2.9050,2.9040,2.9040,14,0
20190222,0452,2.9040,2.9040,2.9040,2.9040,12,0
20190222,0453,2.9040,2.9040,2.9040,2.9040,16,0
20190222,0454,2.9040,2.9050,2.9040,2.9040,12,0
20190222,0455,2.9040,2.9050,2.9040,2.9050,38,0
20190222,0456,2.9050,2.9050,2.9050,2.9050,6,0
20190222,0457,2.9050,2.9050,2.9050,2.9050,23,0
20190222,0458,2.9050,2.9050,2.9040,2.9040,44,0
20190222,0459,2.9040,2.9050,2.9040,2.9040,32,0
20190222,0500,2.9050,2.9050,2.9040,2.9040,37,0
20190222,0501,2.9040,2.9040,2.9030,2.9030,10,0
20190222,0502,2.9030,2.9040,2.9020,2.9020,20,0
20190222,0503,2.9020,2.9020,2.9020,2.9020,13,0
20190222,0504,2.9020,2.9020,2.9020,2.9020,2,0
20190222,0505,2.9020,2.9020,2.9020,2.9020,2,0
20190222,0506,2.9020,2.9020,2.9020,2.9020,3,0
20190222,0507,2.9020,2.9020,2.9020,2.9020,0,0
20190222,0508,2.9020,2.9020,2.9020,2.9020,0,0
20190222,0509,2.9020,2.9020,2.9020,2.9020,7,0
20190222,0510,2.9020,2.9020,2.9020,2.9020,6,0
20190222,0511,2.9020,2.9020,2.9020,2.9020,3,0
20190222,0512,2.9020,2.9020,2.9020,2.9020,0,0
20190222,0513,2.9020,2.9020,2.9020,2.9020,0,0
20190222,0514,2.9020,2.9020,2.9020,2.9020,3,0
20190222,0515,2.9020,2.9020,2.9020,2.9020,0,0
20190222,0516,2.9020,2.9020,2.9020,2.9020,0,0
20190222,0518,2.9020,2.9020,2.9020,2.9020,1,0
20190222,0519,2.9020,2.9020,2.9010,2.9010,3,0
20190222,0520,2.9010,2.9020,2.9010,2.9020,6,0
20190222,0521,2.9020,2.9020,2.9020,2.9020,0,0
20190222,0522,2.9020,2.9020,2.9010,2.9010,11,0
20190222,0523,2.9010,2.9010,2.9010,2.9010,37,0
20190222,0524,2.9010,2.9010,2.9010,2.9010,2,0
20190222,0525,2.9010,2.9010,2.9000,2.9000,3,0
20190222,0526,2.9000,2.9000,2.9000,2.9000,40,0
20190222,0527,2.9000,2.9000,2.9000,2.9000,0,0
20190222,0528,2.9000,2.9010,2.9000,2.9000,8,0
20190222,0529,2.9000,2.9000,2.9000,2.9000,2,0
20190222,0530,2.9010,2.9010,2.9010,2.9010,33,0
20190222,0531,2.9010,2.9010,2.9010,2.9010,1,0
20190222,0532,2.9010,2.9010,2.9010,2.9010,8,0
20190222,0533,2.9010,2.9010,2.9010,2.9010,0,0
20190222,0534,2.9010,2.9010,2.9000,2.9000,11,0
20190222,0535,2.9000,2.9000,2.9000,2.9000,5,0
20190222,0536,2.9000,2.9000,2.9000,2.9000,6,0
20190222,0537,2.9000,2.9010,2.9000,2.9000,11,0
20190222,0538,2.9000,2.9000,2.9000,2.9000,0,0
20190222,0539,2.9000,2.9000,2.9000,2.9000,6,0
20190222,0540,2.9010,2.9010,2.9010,2.9010,3,0
20190222,0541,2.9000,2.9000,2.9000,2.9000,1,0
20190222,0542,2.9000,2.9010,2.9000,2.9010,2,0
20190222,0543,2.9010,2.9010,2.9010,2.9010,0,0
20190222,0544,2.9000,2.9000,2.9000,2.9000,5,0
20190222,0545,2.9010,2.9010,2.9010,2.9010,11,0
20190222,0546,2.9010,2.9010,2.9010,2.9010,3,0
20190222,0547,2.9010,2.9010,2.9010,2.9010,0,0
20190222,0548,2.9010,2.9010,2.9010,2.9010,0,0
20190222,0549,2.9010,2.9010,2.9000,2.9010,14,0
20190222,0550,2.9010,2.9010,2.9000,2.9010,24,0
20190222,0551,2.9010,2.9010,2.9010,2.9010,2,0
20190222,0552,2.9010,2.9010,2.9010,2.9010,3,0
20190222,0553,2.9010,2.9010,2.9000,2.9010,7,0
20190222,0554,2.9010,2.9010,2.9010,2.9010,0,0
20190222,0555,2.9010,2.9010,2.9000,2.9000,27,0
20190222,0556,2.9010,2.9010,2.9010,2.9010,2,0
20190222,0557,2.9010,2.9010,2.9000,2.9000,19,0
20190222,0558,2.9000,2.9000,2.9000,2.9000,8,0
20190222,0559,2.9000,2.9010,2.8990,2.8990,15,0
20190222,0600,2.9000,2.9000,2.9000,2.9000,2,0
20190222,0605,2.9000,2.9000,2.9000,2.9000,0,0
20190222,0620,2.9000,2.9000,2.9000,2.9000,0,0
20190222,0700,2.9030,2.9030,2.9030,2.9030,8,0
20190222,0701,2.9030,2.9040,2.9030,2.9030,5,0
20190222,0702,2.9030,2.9030,2.9030,2.9030,0,0
20190222,0703,2.9030,2.9040,2.9030,2.9040,1,0
20190222,0704,2.9040,2.9040,2.9030,2.9030,4,0
20190222,0705,2.9030,2.9030,2.9030,2.9030,0,0
20190222,0706,2.9030,2.9030,2.9030,2.9030,1,0
20190222,0707,2.9030,2.9030,2.9030,2.9030,0,0
20190222,0708,2.9030,2.9030,2.9030,2.9030,0,0
20190222,0709,2.9030,2.9030,2.9030,2.9030,0,0
20190222,0710,2.9030,2.9030,2.9030,2.9030,0,0
20190222,0711,2.9040,2.9040,2.9040,2.9040,2,0
20190222,0714,2.9040,2.9040,2.9040,2.9040,0,0
20190222,0715,2.9040,2.9040,2.9040,2.9040,0,0
20190222,0716,2.9040,2.9040,2.9040,2.9040,3,0
20190222,0717,2.9040,2.9040,2.9040,2.9040,0,0
20190222,0718,2.9040,2.9040,2.9040,2.9040,0,0
20190222,0719,2.9040,2.9040,2.9040,2.9040,0,0
20190222,0720,2.9040,2.9040,2.9040,2.9040,0,0
20190222,0722,2.9040,2.9040,2.9040,2.9040,0,0
20190222,0723,2.9040,2.9040,2.9040,2.9040,0,0
20190222,0724,2.9040,2.9050,2.9040,2.9050,8,0
20190222,0725,2.9050,2.9050,2.9050,2.9050,0,0
20190222,0726,2.9050,2.9050,2.9050,2.9050,1,0
20190222,0728,2.9050,2.9050,2.9050,2.9050,5,0
20190222,0729,2.9050,2.9050,2.9040,2.9040,3,0
20190222,0730,2.9040,2.9040,2.9040,2.9040,0,0
20190222,0731,2.9040,2.9040,2.9040,2.9040,0,0
20190222,0732,2.9040,2.9040,2.9040,2.9040,1,0
20190222,0733,2.9040,2.9040,2.9040,2.9040,0,0
20190222,0734,2.9040,2.9040,2.9040,2.9040,0,0
20190222,0735,2.9040,2.9040,2.9040,2.9040,0,0
20190222,0736,2.9040,2.9040,2.9040,2.9040,0,0
20190222,0737,2.9040,2.9040,2.9040,2.9040,0,0
20190222,0738,2.9040,2.9040,2.9040,2.9040,0,0
20190222,0739,2.9040,2.9040,2.9040,2.9040,0,0
20190222,0740,2.9040,2.9040,2.9040,2.9040,0,0
20190222,0741,2.9040,2.9040,2.9040,2.9040,0,0
20190222,0742,2.9040,2.9040,2.9040,2.9040,0,0
20190222,0743,2.9040,2.9040,2.9040,2.9040,0,0
20190222,0744,2.9040,2.9040,2.9040,2.9040,0,0
20190222,0745,2.9040,2.9040,2.9040,2.9040,0,0
20190222,0746,2.9040,2.9040,2.9040,2.9040,0,0
20190222,0747,2.9040,2.9040,2.9040,2.9040,0,0
20190222,0748,2.9040,2.9050,2.9040,2.9050,1,0
20190222,0749,2.9050,2.9050,2.9050,2.9050,0,0
20190222,0750,2.9050,2.9050,2.9050,2.9050,0,0
20190222,0751,2.9050,2.9050,2.9050,2.9050,0,0
20190222,0752,2.9050,2.9050,2.9050,2.9050,0,0
20190222,0753,2.9050,2.9050,2.9050,2.9050,0,0
20190222,0754,2.9050,2.9050,2.9050,2.9050,0,0
20190222,0755,2.9050,2.9050,2.9050,2.9050,0,0
20190222,0756,2.9050,2.9050,2.9050,2.9050,0,0
20190222,0757,2.9050,2.9050,2.9050,2.9050,0,0
20190222,0758,2.9050,2.9050,2.9050,2.9050,0,0
20190222,0759,2.9050,2.9060,2.9050,2.9060,1,0
20190222,0800,2.9060,2.9060,2.9050,2.9050,1,0
20190222,0801,2.9050,2.9050,2.9050,2.9050,0,0
20190222,0802,2.9050,2.9060,2.9050,2.9060,2,0
20190222,0803,2.9060,2.9060,2.9060,2.9060,0,0
20190222,0804,2.9060,2.9060,2.9050,2.9050,1,0
20190222,0805,2.9060,2.9060,2.9060,2.9060,2,0
20190222,0806,2.9050,2.9060,2.9050,2.9060,2,0
20190222,0807,2.9050,2.9050,2.9050,2.9050,3,0
20190222,0808,2.9050,2.9050,2.9050,2.9050,0,0
20190222,0809,2.9050,2.9050,2.9050,2.9050,2,0
20190222,0810,2.9050,2.9050,2.9050,2.9050,2,0
20190222,0811,2.9050,2.9050,2.9050,2.9050,0,0
20190222,0812,2.9050,2.9060,2.9050,2.9060,11,0
20190222,0813,2.9060,2.9060,2.9060,2.9060,2,0
20190222,0814,2.9060,2.9060,2.9060,2.9060,0,0
20190222,0815,2.9050,2.9050,2.9050,2.9050,2,0
20190222,0816,2.9050,2.9050,2.9040,2.9050,5,0
20190222,0817,2.9050,2.9050,2.9050,2.9050,2,0
20190222,0818,2.9050,2.9050,2.9050,2.9050,1,0
20190222,0819,2.9050,2.9050,2.9050,2.9050,0,0
20190222,0820,2.9050,2.9050,2.9050,2.9050,1,0
20190222,0821,2.9050,2.9050,2.9050,2.9050,1,0
20190222,0822,2.9050,2.9050,2.9050,2.9050,1,0
20190222,0823,2.9050,2.9050,2.9050,2.9050,1,0
20190222,0824,2.9050,2.9050,2.9050,2.9050,3,0
20190222,0825,2.9050,2.9050,2.9040,2.9040,6,0
20190222,0826,2.9040,2.9050,2.9040,2.9050,3,0
20190222,0827,2.9050,2.9050,2.9040,2.9050,26,0
20190222,0828,2.9050,2.9050,2.9040,2.9040,2,0
20190222,0829,2.9040,2.9040,2.9040,2.9040,11,0
20190222,0830,2.9040,2.9040,2.9040,2.9040,0,0
20190222,0831,2.9040,2.9040,2.9040,2.9040,0,0
20190222,0832,2.9040,2.9040,2.9040,2.9040,2,0
20190222,0833,2.9040,2.9040,2.9040,2.9040,2,0
20190222,0834,2.9040,2.9040,2.9040,2.9040,1,0
20190222,0835,2.9040,2.9040,2.9040,2.9040,1,0
20190222,0836,2.9040,2.9040,2.9040,2.9040,0,0
20190222,0837,2.9030,2.9040,2.9030,2.9040,6,0
20190222,0838,2.9040,2.9050,2.9040,2.9050,54,0
20190222,0839,2.9050,2.9050,2.9050,2.9050,1,0
20190222,0840,2.9050,2.9050,2.9050,2.9050,3,0
20190222,0841,2.9050,2.9050,2.9050,2.9050,0,0
20190222,0842,2.9050,2.9050,2.9050,2.9050,1,0
20190222,0843,2.9050,2.9050,2.9050,2.9050,2,0
20190222,0844,2.9050,2.9050,2.9050,2.9050,0,0
20190222,0845,2.9050,2.9050,2.9050,2.9050,0,0
20190222,0846,2.9050,2.9050,2.9050,2.9050,0,0
20190222,0847,2.9050,2.9050,2.9050,2.9050,0,0
20190222,0848,2.9050,2.9050,2.9040,2.9040,1,0
20190222,0849,2.9040,2.9050,2.9040,2.9050,1,0
20190222,0850,2.9050,2.9050,2.9050,2.9050,0,0
20190222,0851,2.9050,2.9050,2.9050,2.9050,7,0
20190222,0852,2.9050,2.9050,2.9050,2.9050,1,0
20190222,0853,2.9050,2.9060,2.9050,2.9060,4,0
20190222,0854,2.9060,2.9060,2.9060,2.9060,3,0
20190222,0855,2.9060,2.9070,2.9060,2.9070,3,0
20190222,0856,2.9070,2.9070,2.9060,2.9060,1,0
20190222,0857,2.9060,2.9060,2.9060,2.9060,3,0
20190222,0858,2.9060,2.9070,2.9060,2.9070,6,0
20190222,0859,2.9070,2.9070,2.9070,2.9070,1,0
20190222,0900,2.9070,2.9070,2.9050,2.9050,35,0
20190222,0901,2.9050,2.9050,2.9050,2.9050,11,0
20190222,0902,2.9050,2.9050,2.9050,2.9050,5,0
20190222,0903,2.9050,2.9060,2.9040,2.9060,11,0
20190222,0904,2.9060,2.9060,2.9050,2.9060,3,0
20190222,0905,2.9060,2.9060,2.9050,2.9050,10,0
20190222,0906,2.9050,2.9050,2.9050,2.9050,7,0
20190222,0907,2.9050,2.9070,2.9050,2.9060,6,0
20190222,0908,2.9060,2.9060,2.9060,2.9060,5,0
20190222,0909,2.9060,2.9060,2.9060,2.9060,12,0
20190222,0910,2.9060,2.9060,2.9050,2.9050,20,0
20190222,0911,2.9050,2.9050,2.9040,2.9040,6,0
20190222,0912,2.9040,2.9040,2.9040,2.9040,1,0
20190222,0913,2.9040,2.9040,2.9040,2.9040,2,0
20190222,0914,2.9040,2.9040,2.9040,2.9040,13,0
20190222,0915,2.9040,2.9060,2.9030,2.9060,17,0
20190222,0916,2.9060,2.9060,2.9050,2.9050,3,0
20190222,0917,2.9050,2.9050,2.9020,2.9020,44,0
20190222,0918,2.9030,2.9030,2.9030,2.9030,12,0
20190222,0919,2.9030,2.9030,2.9030,2.9030,8,0
20190222,0920,2.9030,2.9030,2.9020,2.9020,4,0
20190222,0921,2.9020,2.9030,2.9020,2.9030,4,0
20190222,0922,2.9030,2.9030,2.9030,2.9030,4,0
20190222,0923,2.9030,2.9030,2.9020,2.9020,13,0
20190222,0924,2.9020,2.9030,2.9020,2.9030,53,0
20190222,0925,2.9030,2.9030,2.9030,2.9030,1,0
20190222,0926,2.9020,2.9020,2.9020,2.9020,24,0
20190222,0927,2.9020,2.9020,2.9020,2.9020,1,0
20190222,0928,2.9020,2.9020,2.9020,2.9020,17,0
20190222,0929,2.9020,2.9020,2.9020,2.9020,0,0
20190222,0930,2.9020,2.9020,2.9000,2.9000,58,0
20190222,0931,2.9000,2.9000,2.8990,2.8990,97,0
20190222,0932,2.8990,2.8990,2.8980,2.8980,47,0
20190222,0933,2.8980,2.8990,2.8980,2.8980,166,0
20190222,0934,2.8990,2.8990,2.8970,2.8970,33,0
20190222,0935,2.8970,2.8970,2.8970,2.8970,59,0
20190222,0936,2.8970,2.8980,2.8970,2.8970,21,0
20190222,0937,2.8970,2.8980,2.8970,2.8970,15,0
20190222,0938,2.8980,2.8980,2.8970,2.8970,19,0
20190222,0939,2.8960,2.8980,2.8960,2.8980,39,0
20190222,0940,2.8980,2.8980,2.8960,2.8960,159,0
20190222,0941,2.8960,2.8960,2.8960,2.8960,31,0
20190222,0942,2.8960,2.8970,2.8960,2.8970,41,0
20190222,0943,2.8970,2.8970,2.8970,2.8970,7,0
20190222,0944,2.8970,2.8980,2.8970,2.8980,2,0
20190222,0945,2.8980,2.8980,2.8980,2.8980,0,0
20190222,0946,2.8980,2.8980,2.8980,2.8980,8,0
20190222,0947,2.8980,2.8980,2.8980,2.8980,7,0
20190222,0948,2.8980,2.8980,2.8980,2.8980,4,0
20190222,0949,2.8980,2.8980,2.8970,2.8980,3,0
20190222,0950,2.8970,2.8970,2.8970,2.8970,1,0
20190222,0951,2.8970,2.8970,2.8970,2.8970,4,0
20190222,0952,2.8970,2.8970,2.8970,2.8970,5,0
20190222,0953,2.8970,2.8970,2.8970,2.8970,2,0
20190222,0954,2.8970,2.8970,2.8960,2.8960,2,0
20190222,0955,2.8960,2.8960,2.8960,2.8960,0,0
20190222,0956,2.8960,2.8970,2.8960,2.8970,2,0
20190222,0957,2.8970,2.8980,2.8970,2.8980,19,0
20190222,0958,2.8980,2.8980,2.8980,2.8980,1,0
20190222,0959,2.8980,2.8980,2.8970,2.8970,2,0
20190222,1000,2.8970,2.8980,2.8970,2.8980,67,0
20190222,1001,2.8980,2.8990,2.8980,2.8990,34,0
20190222,1002,2.8990,2.8990,2.8990,2.8990,9,0
20190222,1003,2.8990,2.8990,2.8990,2.8990,1,0
20190222,1004,2.8990,2.8990,2.8990,2.8990,14,0
20190222,1005,2.8990,2.8990,2.8980,2.8990,13,0
20190222,1006,2.8990,2.9000,2.8990,2.9000,19,0
20190222,1007,2.9000,2.9000,2.9000,2.9000,10,0
20190222,1008,2.9000,2.9000,2.8990,2.8990,8,0
20190222,1009,2.8990,2.9000,2.8990,2.8990,8,0
20190222,1010,2.8990,2.8990,2.8990,2.8990,16,0
20190222,1011,2.8990,2.8990,2.8990,2.8990,1,0
20190222,1012,2.8990,2.8990,2.8990,2.8990,0,0
20190222,1013,2.8990,2.8990,2.8990,2.8990,12,0
20190222,1014,2.8990,2.8990,2.8980,2.8980,15,0
20190222,1015,2.8980,2.8990,2.8980,2.8990,9,0
20190222,1016,2.8990,2.8990,2.8990,2.8990,8,0
20190222,1017,2.8990,2.8990,2.8990,2.8990,1,0
20190222,1018,2.8990,2.9000,2.8990,2.9000,8,0
20190222,1019,2.9000,2.9000,2.8990,2.9000,7,0
20190222,1020,2.9000,2.9000,2.9000,2.9000,3,0
20190222,1021,2.9000,2.9000,2.9000,2.9000,1,0
20190222,1022,2.9000,2.9000,2.9000,2.9000,0,0
20190222,1023,2.9000,2.9000,2.8990,2.8990,7,0
20190222,1024,2.8990,2.8990,2.8990,2.8990,2,0
20190222,1025,2.8990,2.8990,2.8990,2.8990,2,0
20190222,1026,2.8990,2.8990,2.8990,2.8990,1,0
20190222,1027,2.8990,2.9000,2.8990,2.9000,11,0
20190222,1028,2.9000,2.9000,2.8990,2.8990,3,0
20190222,1029,2.8990,2.8990,2.8990,2.8990,0,0
20190222,1030,2.8990,2.8990,2.8990,2.8990,6,0
20190222,1031,2.8990,2.8990,2.8990,2.8990,0,0
20190222,1032,2.8990,2.8990,2.8970,2.8980,10,0
20190222,1033,2.8980,2.8980,2.8980,2.8980,2,0
20190222,1034,2.8980,2.8980,2.8980,2.8980,10,0
20190222,1035,2.8980,2.8980,2.8980,2.8980,14,0
20190222,1036,2.8980,2.8980,2.8980,2.8980,27,0
20190222,1037,2.8980,2.8980,2.8980,2.8980,13,0
20190222,1038,2.8980,2.8990,2.8980,2.8990,4,0
20190222,1039,2.8990,2.9000,2.8990,2.9000,18,0
20190222,1040,2.9000,2.9000,2.8990,2.9000,5,0
20190222,1041,2.9000,2.9000,2.8990,2.8990,12,0
20190222,1042,2.8990,2.8990,2.8990,2.8990,8,0
20190222,1043,2.8990,2.8990,2.8990,2.8990,34,0
20190222,1044,2.8980,2.8980,2.8980,2.8980,11,0
20190222,1045,2.8980,2.8990,2.8980,2.8990,9,0
20190222,1046,2.8990,2.8990,2.8990,2.8990,1,0
20190222,1047,2.8990,2.8990,2.8980,2.8980,5,0
20190222,1048,2.8980,2.8990,2.8980,2.8990,26,0
20190222,1049,2.8990,2.8990,2.8990,2.8990,8,0
20190222,1050,2.8990,2.9000,2.8990,2.8990,10,0
20190222,1051,2.8990,2.8990,2.8990,2.8990,1,0
20190222,1052,2.8990,2.9000,2.8990,2.8990,5,0
20190222,1053,2.8990,2.9000,2.8990,2.9000,7,0
20190222,1054,2.9000,2.9000,2.9000,2.9000,0,0
20190222,1055,2.9000,2.9000,2.8990,2.9000,4,0
20190222,1056,2.9000,2.9000,2.9000,2.9000,6,0
20190222,1057,2.9000,2.9000,2.8990,2.8990,2,0
20190222,1058,2.8990,2.8990,2.8990,2.8990,5,0
20190222,1059,2.8990,2.8990,2.8990,2.8990,2,0
20190222,1100,2.8990,2.8990,2.8980,2.8980,8,0
20190222,1101,2.8970,2.8980,2.8960,2.8960,12,0
20190222,1102,2.8960,2.8980,2.8960,2.8980,10,0
20190222,1103,2.8970,2.8970,2.8970,2.8970,2,0
20190222,1104,2.8970,2.8990,2.8970,2.8990,4,0
20190222,1105,2.8990,2.8990,2.8980,2.8980,5,0
20190222,1106,2.8980,2.8990,2.8980,2.8990,1,0
20190222,1107,2.8990,2.8990,2.8990,2.8990,3,0
20190222,1108,2.8990,2.8990,2.8990,2.8990,0,0
20190222,1109,2.8990,2.9000,2.8990,2.9000,6,0
20190222,1110,2.9000,2.9000,2.9000,2.9000,2,0
20190222,1111,2.9000,2.9010,2.9000,2.9010,13,0
20190222,1112,2.9010,2.9010,2.9010,2.9010,5,0
20190222,1113,2.9010,2.9010,2.9010,2.9010,1,0
20190222,1114,2.9010,2.9010,2.9000,2.9010,5,0
20190222,1115,2.9010,2.9010,2.9010,2.9010,4,0
20190222,1116,2.9010,2.9010,2.9010,2.9010,20,0
20190222,1117,2.9010,2.9020,2.9010,2.9020,10,0
20190222,1118,2.9020,2.9020,2.9020,2.9020,0,0
20190222,1119,2.9020,2.9020,2.9020,2.9020,2,0
20190222,1120,2.9020,2.9020,2.9020,2.9020,16,0
20190222,1121,2.9020,2.9020,2.9010,2.9010,6,0
20190222,1122,2.9010,2.9010,2.9010,2.9010,0,0
20190222,1123,2.9010,2.9010,2.9010,2.9010,5,0
20190222,1124,2.9010,2.9010,2.9010,2.9010,9,0
20190222,1125,2.9010,2.9010,2.9010,2.9010,0,0
20190222,1126,2.9010,2.9010,2.9010,2.9010,0,0
20190222,1127,2.9010,2.9010,2.9010,2.9010,6,0
20190222,1128,2.9010,2.9010,2.9010,2.9010,0,0
20190222,1129,2.9010,2.9010,2.9010,2.9010,20,0
20190222,1130,2.9010,2.9010,2.9010,2.9010,1,0
20190222,1131,2.9010,2.9010,2.9010,2.9010,0,0
20190222,1132,2.9010,2.9010,2.9010,2.9010,0,0
20190222,1133,2.9010,2.9010,2.9010,2.9010,2,0
20190222,1134,2.9010,2.9010,2.9010,2.9010,3,0
20190222,1135,2.9010,2.9010,2.9010,2.9010,1,0
20190222,1136,2.9010,2.9010,2.9010,2.9010,0,0
20190222,1137,2.9010,2.9010,2.9010,2.9010,1,0
20190222,1138,2.9010,2.9010,2.9010,2.9010,0,0
20190222,1139,2.9010,2.9010,2.9010,2.9010,0,0
20190222,1140,2.9010,2.9010,2.9010,2.9010,4,0
20190222,1141,2.9010,2.9010,2.9010,2.9010,14,0
20190222,1142,2.9010,2.9010,2.9010,2.9010,0,0
20190222,1143,2.9010,2.9010,2.9010,2.9010,11,0
20190222,1144,2.9010,2.9010,2.9010,2.9010,0,0
20190222,1145,2.9010,2.9010,2.9010,2.9010,2,0
20190222,1146,2.9010,2.9010,2.9000,2.9000,10,0
20190222,1147,2.9000,2.9000,2.9000,2.9000,0,0
20190222,1148,2.9000,2.9000,2.9000,2.9000,7,0
20190222,1149,2.9000,2.9000,2.9000,2.9000,0,0
20190222,1150,2.9000,2.9000,2.9000,2.9000,0,0
20190222,1151,2.9000,2.9000,2.9000,2.9000,0,0
20190222,1152,2.9000,2.9000,2.9000,2.9000,0,0
20190222,1153,2.9000,2.9000,2.9000,2.9000,0,0
20190222,1154,2.9000,2.9000,2.9000,2.9000,6,0
20190222,1155,2.9000,2.9000,2.9000,2.9000,1,0
20190222,1156,2.9000,2.9000,2.9000,2.9000,0,0
20190222,1157,2.9000,2.9000,2.9000,2.9000,0,0
20190222,1158,2.9000,2.9010,2.9000,2.9000,3,0
20190222,1159,2.9000,2.9000,2.9000,2.9000,1,0
20190222,1200,2.9000,2.9000,2.9000,2.9000,0,0
20190222,1201,2.9000,2.9000,2.9000,2.9000,2,0
20190222,1202,2.9000,2.9010,2.9000,2.9010,1,0
20190222,1203,2.9010,2.9010,2.9010,2.9010,5,0
20190222,1204,2.9010,2.9010,2.9010,2.9010,1,0
20190222,1205,2.9010,2.9010,2.9000,2.9000,6,0
20190222,1206,2.9010,2.9010,2.9000,2.9010,3,0
20190222,1207,2.9010,2.9010,2.9010,2.9010,1,0
20190222,1208,2.9010,2.9010,2.9010,2.9010,0,0
20190222,1209,2.9010,2.9010,2.9010,2.9010,1,0
20190222,1210,2.9010,2.9010,2.9010,2.9010,2,0
20190222,1211,2.9010,2.9020,2.9010,2.9010,16,0
20190222,1212,2.9010,2.9020,2.9010,2.9010,2,0
20190222,1213,2.9010,2.9010,2.9010,2.9010,0,0
20190222,1214,2.9010,2.9010,2.9010,2.9010,3,0
20190222,1215,2.9010,2.9010,2.9010,2.9010,2,0
20190222,1216,2.9010,2.9010,2.9010,2.9010,2,0
20190222,1217,2.9010,2.9010,2.9010,2.9010,0,0
20190222,1218,2.9010,2.9010,2.9010,2.9010,0,0
20190222,1219,2.9010,2.9010,2.9010,2.9010,0,0
20190222,1220,2.9010,2.9010,2.9010,2.9010,4,0
20190222,1221,2.9010,2.9010,2.9010,2.9010,0,0
20190222,1222,2.9010,2.9010,2.9000,2.9000,2,0
20190222,1223,2.9000,2.9000,2.9000,2.9000,0,0
20190222,1224,2.9000,2.9000,2.9000,2.9000,1,0
20190222,1225,2.9000,2.9000,2.9000,2.9000,1,0
20190222,1226,2.9000,2.9000,2.9000,2.9000,6,0
20190222,1227,2.9000,2.9000,2.9000,2.9000,1,0
20190222,1228,2.9000,2.9000,2.9000,2.9000,0,0
20190222,1229,2.9000,2.9000,2.8990,2.9000,5,0
20190222,1230,2.9000,2.9000,2.9000,2.9000,1,0
20190222,1231,2.9000,2.9000,2.8990,2.8990,2,0
20190222,1232,2.8990,2.8990,2.8990,2.8990,1,0
20190222,1233,2.8990,2.8990,2.8990,2.8990,0,0
20190222,1234,2.8990,2.8990,2.8990,2.8990,1,0
20190222,1235,2.8990,2.8990,2.8980,2.8980,1,0
20190222,1236,2.8980,2.8980,2.8980,2.8980,1,0
20190222,1237,2.8980,2.8980,2.8980,2.8980,0,0
20190222,1238,2.8980,2.8990,2.8980,2.8990,1,0
20190222,1239,2.8990,2.8990,2.8990,2.8990,0,0
20190222,1240,2.8990,2.8990,2.8990,2.8990,0,0
20190222,1241,2.8990,2.8990,2.8980,2.8980,1,0
20190222,1242,2.8980,2.8980,2.8980,2.8980,1,0
20190222,1243,2.8980,2.8980,2.8980,2.8980,1,0
20190222,1244,2.8980,2.8980,2.8980,2.8980,0,0
20190222,1245,2.8980,2.8980,2.8980,2.8980,1,0
20190222,1246,2.8980,2.8980,2.8980,2.8980,0,0
20190222,1247,2.8980,2.8980,2.8980,2.8980,0,0
20190222,1248,2.8980,2.8980,2.8980,2.8980,1,0
20190222,1249,2.8980,2.8980,2.8980,2.8980,0,0
20190222,1250,2.8980,2.8980,2.8980,2.8980,0,0
20190222,1251,2.8980,2.8980,2.8980,2.8980,2,0
20190222,1252,2.8980,2.8980,2.8980,2.8980,0,0
20190222,1253,2.8980,2.8990,2.8980,2.8990,7,0
20190222,1254,2.8990,2.8990,2.8990,2.8990,3,0
20190222,1255,2.8990,2.8990,2.8990,2.8990,0,0
20190222,1256,2.8990,2.8990,2.8990,2.8990,2,0
20190222,1257,2.8990,2.8990,2.8990,2.8990,1,0
20190222,1258,2.8990,2.8990,2.8990,2.8990,0,0
20190222,1259,2.8990,2.8990,2.8990,2.8990,0,0
20190222,1300,2.8990,2.8990,2.8990,2.8990,1,0
20190222,1301,2.8990,2.8990,2.8990,2.8990,2,0
20190222,1302,2.8990,2.8990,2.8990,2.8990,2,0
20190222,1303,2.8990,2.8990,2.8990,2.8990,0,0
20190222,1304,2.8990,2.8990,2.8990,2.8990,6,0
20190222,1305,2.8990,2.8990,2.8990,2.8990,0,0
20190222,1306,2.8990,2.8990,2.8990,2.8990,1,0
20190222,1307,2.8990,2.8990,2.8990,2.8990,0,0
20190222,1308,2.8990,2.8990,2.8990,2.8990,3,0
20190222,1309,2.8990,2.8990,2.8990,2.8990,0,0
20190222,1310,2.8990,2.8990,2.8990,2.8990,3,0
20190222,1311,2.8990,2.8990,2.8990,2.8990,2,0
20190222,1312,2.8990,2.8990,2.8990,2.8990,1,0
20190222,1313,2.8990,2.8990,2.8990,2.8990,1,0
20190222,1314,2.8990,2.8990,2.8990,2.8990,0,0
20190222,1315,2.8990,2.8990,2.8990,2.8990,2,0
20190222,1316,2.8990,2.8990,2.8990,2.8990,0,0
20190222,1317,2.8990,2.9000,2.8990,2.9000,3,0
20190222,1318,2.9000,2.9000,2.9000,2.9000,0,0
20190222,1319,2.9000,2.9000,2.9000,2.9000,0,0
20190222,1320,2.9000,2.9010,2.9000,2.9010,1,0
20190222,1321,2.9010,2.9010,2.9010,2.9010,1,0
20190222,1322,2.9010,2.9010,2.9010,2.9010,2,0
20190222,1323,2.9010,2.9010,2.9010,2.9010,0,0
20190222,1324,2.9010,2.9010,2.9010,2.9010,1,0
20190222,1325,2.9010,2.9010,2.9010,2.9010,3,0
20190222,1326,2.9010,2.9010,2.9010,2.9010,0,0
20190222,1327,2.9010,2.9010,2.9010,2.9010,2,0
20190222,1328,2.9010,2.9010,2.9010,2.9010,1,0
20190222,1329,2.9010,2.9010,2.9000,2.9000,3,0
20190222,1330,2.9000,2.9000,2.9000,2.9000,11,0
20190222,1331,2.9000,2.9010,2.9000,2.9010,13,0
20190222,1332,2.9010,2.9020,2.9010,2.9020,34,0
20190222,1333,2.9020,2.9020,2.9010,2.9010,10,0
20190222,1334,2.9010,2.9020,2.9010,2.9020,1,0
20190222,1335,2.9020,2.9020,2.9010,2.9010,8,0
20190222,1336,2.9010,2.9010,2.9010,2.9010,1,0
20190222,1337,2.9010,2.9020,2.9010,2.9020,1,0
20190222,1338,2.9020,2.9020,2.9020,2.9020,2,0
20190222,1339,2.9020,2.9020,2.9020,2.9020,31,0
20190222,1340,2.9030,2.9030,2.9030,2.9030,6,0
20190222,1341,2.9030,2.9030,2.9020,2.9020,22,0
20190222,1342,2.9020,2.9020,2.9020,2.9020,8,0
20190222,1343,2.9020,2.9020,2.9020,2.9020,0,0
20190222,1344,2.9020,2.9020,2.9020,2.9020,7,0
20190222,1345,2.9020,2.9020,2.9020,2.9020,8,0
20190222,1346,2.9020,2.9030,2.9020,2.9030,4,0
20190222,1347,2.9030,2.9030,2.9030,2.9030,3,0
20190222,1348,2.9030,2.9040,2.9030,2.9040,4,0
20190222,1349,2.9040,2.9040,2.9030,2.9030,3,0
20190222,1350,2.9030,2.9030,2.9030,2.9030,22,0
20190222,1351,2.9030,2.9040,2.9030,2.9040,17,0
20190222,1352,2.9040,2.9040,2.9030,2.9030,9,0
20190222,1353,2.9030,2.9040,2.9030,2.9040,10,0
20190222,1354,2.9040,2.9040,2.9040,2.9040,0,0
20190222,1355,2.9040,2.9050,2.9040,2.9040,3,0
20190222,1356,2.9040,2.9050,2.9040,2.9050,11,0
20190222,1357,2.9050,2.9060,2.9050,2.9050,12,0
20190222,1358,2.9050,2.9050,2.9050,2.9050,15,0
20190222,1359,2.9050,2.9050,2.9050,2.9050,11,0
20190222,1400,2.9050,2.9050,2.9040,2.9040,12,0
20190222,1401,2.9040,2.9050,2.9040,2.9040,28,0
20190222,1402,2.9040,2.9040,2.9040,2.9040,7,0
20190222,1403,2.9040,2.9040,2.9040,2.9040,7,0
20190222,1404,2.9040,2.9040,2.9030,2.9030,5,0
20190222,1405,2.9030,2.9030,2.9020,2.9020,5,0
20190222,1406,2.9020,2.9030,2.9020,2.9030,6,0
20190222,1407,2.9030,2.9030,2.9030,2.9030,10,0
20190222,1408,2.9030,2.9030,2.9030,2.9030,1,0
20190222,1409,2.9030,2.9040,2.9030,2.9040,8,0
20190222,1410,2.9040,2.9050,2.9040,2.9050,100,0
20190222,1411,2.9050,2.9050,2.9050,2.9050,1,0
20190222,1412,2.9050,2.9060,2.9050,2.9050,8,0
20190222,1413,2.9050,2.9060,2.9050,2.9060,135,0
20190222,1414,2.9060,2.9080,2.9060,2.9070,7,0
20190222,1415,2.9070,2.9070,2.9070,2.9070,1,0
20190222,2311,2.9370,2.9370,2.9370,2.9370,19,0
20190222,2312,2.9360,2.9370,2.9360,2.9370,18,0
20190222,2313,2.9370,2.9380,2.9370,2.9380,10,0
20190222,2314,2.9380,2.9380,2.9380,2.9380,13,0
20190222,2315,2.9380,2.9390,2.9380,2.9390,24,0
20190222,2316,2.9390,2.9390,2.9390,2.9390,28,0
20190222,2317,2.9390,2.9390,2.9390,2.9390,29,0
20190222,2318,2.9380,2.9380,2.9370,2.9370,92,0
20190222,2319,2.9370,2.9370,2.9360,2.9370,48,0
20190222,2320,2.9370,2.9380,2.9370,2.9380,57,0
20190222,2321,2.9380,2.9380,2.9370,2.9380,20,0
20190222,2322,2.9380,2.9390,2.9380,2.9390,157,0
20190222,2323,2.9390,2.9400,2.9390,2.9390,66,0
20190222,2324,2.9390,2.9390,2.9360,2.9360,201,0
20190222,2325,2.9360,2.9360,2.9340,2.9340,281,0
20190222,2326,2.9330,2.9350,2.9330,2.9350,150,0
20190222,2327,2.9360,2.9360,2.9340,2.9340,56,0
20190222,2328,2.9350,2.9350,2.9350,2.9350,32,0
20190222,2329,2.9340,2.9340,2.9330,2.9330,55,0
20190222,2330,2.9330,2.9330,2.9310,2.9310,115,0
20190222,2331,2.9310,2.9320,2.9310,2.9320,105,0
20190222,2332,2.9310,2.9320,2.9310,2.9320,79,0
20190222,2333,2.9320,2.9330,2.9320,2.9330,109,0
20190222,2334,2.9330,2.9330,2.9330,2.9330,61,0
20190222,2335,2.9330,2.9330,2.9330,2.9330,94,0
20190222,2336,2.9330,2.9340,2.9330,2.9340,39,0
20190222,2337,2.9340,2.9350,2.9340,2.9340,125,0
20190222,2338,2.9340,2.9350,2.9340,2.9350,27,0
20190222,2339,2.9350,2.9360,2.9350,2.9350,33,0
20190222,2340,2.9350,2.9360,2.9350,2.9350,43,0
20190222,2341,2.9360,2.9370,2.9360,2.9370,64,0
20190222,2342,2.9380,2.9390,2.9380,2.9390,60,0
20190222,2343,2.9390,2.9400,2.9390,2.9400,80,0
20190222,2344,2.9400,2.9410,2.9400,2.9410,56,0
20190222,2345,2.9420,2.9430,2.9420,2.9430,238,0
20190222,2346,2.9440,2.9440,2.9420,2.9420,93,0
20190222,2347,2.9420,2.9430,2.9420,2.9420,9,0
20190222,2348,2.9420,2.9430,2.9420,2.9430,36,0
20190222,2349,2.9430,2.9430,2.9430,2.9430,30,0
20190222,2350,2.9430,2.9430,2.9410,2.9410,55,0
20190222,2351,2.9410,2.9420,2.9400,2.9400,14,0
20190222,2352,2.9400,2.9400,2.9400,2.9400,72,0
20190222,2353,2.9400,2.9400,2.9390,2.9400,47,0
20190222,2354,2.9400,2.9400,2.9390,2.9390,133,0
20190222,2355,2.9390,2.9400,2.9390,2.9390,37,0
20190222,2356,2.9390,2.9390,2.9390,2.9390,31,0
20190222,2357,2.9400,2.9400,2.9390,2.9400,42,0
20190222,2358,2.9400,2.9400,2.9390,2.9390,17,0
20190222,2359,2.9390,2.9390,2.9380,2.9380,114,0
20190223,0000,2.9390,2.9390,2.9380,2.9380,35,0
20190223,0001,2.9380,2.9380,2.9380,2.9380,113,0
20190223,0002,2.9380,2.9390,2.9380,2.9390,9,0
20190223,0003,2.9390,2.9390,2.9390,2.9390,46,0
20190223,0004,2.9390,2.9400,2.9380,2.9390,135,0
20190223,0005,2.9390,2.9400,2.9390,2.9390,75,0
20190223,0006,2.9390,2.9400,2.9390,2.9400,101,0
20190223,0007,2.9390,2.9400,2.9390,2.9390,42,0
20190223,0008,2.9390,2.9400,2.9390,2.9400,24,0
20190223,0009,2.9400,2.9410,2.9400,2.9400,54,0
20190223,0010,2.9400,2.9400,2.9400,2.9400,53,0
20190223,0011,2.9390,2.9390,2.9380,2.9390,37,0
20190223,0012,2.9390,2.9410,2.9390,2.9410,23,0
20190223,0013,2.9410,2.9410,2.9390,2.9400,27,0
20190223,0014,2.9400,2.9400,2.9380,2.9390,14,0
20190223,0015,2.9390,2.9390,2.9390,2.9390,71,0
20190223,0016,2.9390,2.9390,2.9390,2.9390,39,0
20190223,0017,2.9390,2.9390,2.9380,2.9380,36,0
20190223,0018,2.9380,2.9390,2.9380,2.9390,8,0
20190223,0019,2.9390,2.9390,2.9390,2.9390,89,0
20190223,0020,2.9390,2.9390,2.9390,2.9390,30,0
20190223,0021,2.9390,2.9410,2.9390,2.9410,112,0
20190223,0022,2.9410,2.9410,2.9400,2.9400,30,0
20190223,0023,2.9390,2.9400,2.9390,2.9400,41,0
20190223,0024,2.9400,2.9410,2.9400,2.9410,42,0
20190223,0025,2.9410,2.9420,2.9410,2.9420,110,0
20190223,0026,2.9410,2.9410,2.9410,2.9410,36,0
20190223,0027,2.9410,2.9410,2.9400,2.9400,8,0
20190223,0028,2.9400,2.9400,2.9390,2.9390,41,0
20190223,0029,2.9390,2.9410,2.9390,2.9410,47,0
20190223,0030,2.9410,2.9420,2.9410,2.9420,137,0
20190223,0031,2.9410,2.9410,2.9400,2.9410,286,0
20190223,0032,2.9410,2.9410,2.9400,2.9400,39,0
20190223,0033,2.9400,2.9420,2.9400,2.9420,51,0
20190223,0034,2.9420,2.9440,2.9410,2.9440,219,0
20190223,0035,2.9450,2.9460,2.9450,2.9460,169,0
20190223,0036,2.9460,2.9470,2.9460,2.9460,47,0
20190223,0037,2.9460,2.9460,2.9460,2.9460,55,0
20190223,0038,2.9450,2.9450,2.9440,2.9440,35,0
20190223,0039,2.9440,2.9450,2.9440,2.9450,26,0
20190223,0040,2.9450,2.9450,2.9450,2.9450,8,0
20190223,0041,2.9450,2.9450,2.9440,2.9440,18,0
20190223,0042,2.9440,2.9440,2.9430,2.9430,24,0
20190223,0043,2.9430,2.9430,2.9430,2.9430,34,0
20190223,0044,2.9420,2.9430,2.9420,2.9420,38,0
20190223,0045,2.9420,2.9430,2.9420,2.9430,115,0
20190223,0046,2.9430,2.9440,2.9430,2.9440,138,0
20190223,0047,2.9440,2.9440,2.9430,2.9440,25,0
20190223,0048,2.9440,2.9440,2.9430,2.9430,13,0
20190223,0049,2.9430,2.9430,2.9420,2.9420,12,0
20190223,0050,2.9420,2.9420,2.9420,2.9420,4,0
20190223,0051,2.9420,2.9430,2.9420,2.9430,10,0
20190223,0052,2.9430,2.9440,2.9430,2.9440,32,0
20190223,0053,2.9430,2.9440,2.9430,2.9440,8,0
20190223,0054,2.9430,2.9430,2.9430,2.9430,8,0
20190223,0055,2.9430,2.9440,2.9430,2.9430,5,0
20190223,0056,2.9430,2.9440,2.9430,2.9440,41,0
20190223,0057,2.9440,2.9440,2.9430,2.9430,38,0
20190223,0058,2.9430,2.9430,2.9430,2.9430,7,0
20190223,0059,2.9430,2.9440,2.9430,2.9440,9,0
20190223,0100,2.9440,2.9470,2.9440,2.9470,20,0
20190223,0101,2.9470,2.9490,2.9470,2.9490,98,0
20190223,0102,2.9490,2.9500,2.9490,2.9500,125,0
20190223,0103,2.9500,2.9520,2.9500,2.9510,68,0
20190223,0104,2.9500,2.9510,2.9500,2.9510,54,0
20190223,0105,2.9510,2.9510,2.9490,2.9500,148,0
20190223,0106,2.9480,2.9480,2.9480,2.9480,26,0
20190223,0107,2.9480,2.9480,2.9470,2.9470,8,0
20190223,0108,2.9470,2.9470,2.9470,2.9470,54,0
20190223,0109,2.9470,2.9470,2.9470,2.9470,9,0
20190223,0110,2.9470,2.9470,2.9460,2.9460,11,0
20190223,0111,2.9460,2.9460,2.9460,2.9460,19,0
20190223,0112,2.9460,2.9460,2.9460,2.9460,3,0
20190223,0113,2.9460,2.9460,2.9450,2.9450,52,0
20190223,0114,2.9450,2.9450,2.9450,2.9450,21,0
20190223,0115,2.9450,2.9460,2.9450,2.9450,22,0
20190223,0116,2.9450,2.9460,2.9450,2.9450,22,0
20190223,0117,2.9450,2.9450,2.9440,2.9440,24,0
20190223,0118,2.9440,2.9450,2.9440,2.9450,116,0
20190223,0119,2.9450,2.9450,2.9450,2.9450,82,0
20190223,0120,2.9450,2.9450,2.9440,2.9450,89,0
20190223,0121,2.9460,2.9460,2.9460,2.9460,25,0
20190223,0122,2.9460,2.9460,2.9450,2.9450,20,0
20190223,0123,2.9450,2.9450,2.9450,2.9450,45,0
20190223,0124,2.9450,2.9450,2.9450,2.9450,26,0
20190223,0125,2.9450,2.9450,2.9440,2.9440,18,0
20190223,0126,2.9450,2.9450,2.9450,2.9450,42,0
20190223,0127,2.9450,2.9450,2.9450,2.9450,16,0
20190223,0128,2.9450,2.9460,2.9450,2.9460,62,0
20190223,0129,2.9460,2.9460,2.9460,2.9460,18,0
20190223,0130,2.9450,2.9480,2.9450,2.9480,181,0
20190223,0131,2.9470,2.9470,2.9460,2.9460,26,0
20190223,0132,2.9460,2.9460,2.9460,2.9460,62,0
20190223,0133,2.9460,2.9460,2.9450,2.9460,35,0
20190223,0134,2.9460,2.9470,2.9460,2.9470,80,0
20190223,0135,2.9470,2.9480,2.9470,2.9480,91,0
20190223,0136,2.9480,2.9480,2.9470,2.9480,257,0
20190223,0137,2.9480,2.9480,2.9480,2.9480,122,0
20190223,0138,2.9480,2.9490,2.9480,2.9480,39,0
20190223,0139,2.9490,2.9490,2.9480,2.9480,116,0
20190223,0140,2.9490,2.9490,2.9490,2.9490,364,0
20190223,0141,2.9490,2.9490,2.9490,2.9490,292,0
20190223,0142,2.9490,2.9500,2.9480,2.9500,95,0
20190223,0143,2.9500,2.9500,2.9490,2.9490,350,0
20190223,0144,2.9490,2.9490,2.9480,2.9490,66,0
20190223,0145,2.9480,2.9490,2.9480,2.9490,39,0
20190223,0146,2.9480,2.9480,2.9480,2.9480,95,0
20190223,0147,2.9480,2.9480,2.9480,2.9480,17,0
20190223,0148,2.9480,2.9480,2.9480,2.9480,33,0
20190223,0149,2.9480,2.9480,2.9470,2.9470,148,0
20190223,0150,2.9480,2.9480,2.9470,2.9470,58,0
20190223,0151,2.9470,2.9480,2.9470,2.9480,43,0
20190223,0152,2.9480,2.9480,2.9470,2.9470,63,0
20190223,0153,2.9470,2.9470,2.9450,2.9460,54,0
20190223,0154,2.9460,2.9460,2.9460,2.9460,253,0
20190223,0155,2.9470,2.9470,2.9450,2.9460,453,0
20190223,0156,2.9460,2.9470,2.9460,2.9460,299,0
20190223,0157,2.9460,2.9470,2.9460,2.9460,296,0
20190223,0158,2.9460,2.9480,2.9460,2.9480,253,0
20190223,0159,2.9480,2.9480,2.9470,2.9470,592,0
20190223,0200,2.9470,2.9470,2.9460,2.9470,270,0
20190223,0201,2.9470,2.9470,2.9450,2.9450,53,0
20190223,0202,2.9450,2.9460,2.9440,2.9440,204,0
20190223,0203,2.9450,2.9450,2.9440,2.9450,32,0
20190223,0204,2.9450,2.9450,2.9450,2.9450,4,0
20190223,0205,2.9460,2.9470,2.9460,2.9470,75,0
20190223,0206,2.9470,2.9470,2.9460,2.9470,39,0
20190223,0207,2.9470,2.9470,2.9470,2.9470,10,0
20190223,0208,2.9470,2.9480,2.9470,2.9480,33,0
20190223,0209,2.9480,2.9480,2.9470,2.9470,18,0
20190223,0210,2.9470,2.9470,2.9470,2.9470,3,0
20190223,0211,2.9470,2.9470,2.9460,2.9460,10,0
20190223,0212,2.9470,2.9470,2.9470,2.9470,1,0
20190223,0213,2.9470,2.9470,2.9470,2.9470,3,0
20190223,0214,2.9470,2.9490,2.9470,2.9490,269,0
20190223,0215,2.9490,2.9490,2.9480,2.9480,9,0
20190223,0216,2.9480,2.9480,2.9480,2.9480,12,0
20190223,0217,2.9480,2.9500,2.9480,2.9500,36,0
20190223,0218,2.9510,2.9510,2.9500,2.9500,52,0
20190223,0219,2.9490,2.9490,2.9490,2.9490,10,0
20190223,0220,2.9490,2.9490,2.9490,2.9490,12,0
20190223,0221,2.9490,2.9500,2.9490,2.9500,3,0
20190223,0222,2.9500,2.9500,2.9490,2.9490,5,0
20190223,0223,2.9490,2.9490,2.9480,2.9480,42,0
20190223,0224,2.9480,2.9490,2.9480,2.9490,15,0
20190223,0225,2.9490,2.9500,2.9490,2.9500,16,0
20190223,0226,2.9500,2.9500,2.9490,2.9490,30,0
20190223,0227,2.9490,2.9490,2.9490,2.9490,9,0
20190223,0228,2.9490,2.9490,2.9490,2.9490,16,0
20190223,0229,2.9490,2.9490,2.9470,2.9470,23,0
20190223,0230,2.9470,2.9470,2.9470,2.9470,5,0
20190223,0231,2.9470,2.9470,2.9470,2.9470,4,0
20190223,0232,2.9470,2.9490,2.9470,2.9470,42,0
20190223,0233,2.9470,2.9470,2.9460,2.9460,91,0
20190223,0234,2.9460,2.9470,2.9460,2.9470,3,0
20190223,0235,2.9470,2.9470,2.9470,2.9470,7,0
20190223,0236,2.9470,2.9480,2.9470,2.9480,6,0
20190223,0237,2.9480,2.9480,2.9480,2.9480,62,0
20190223,0238,2.9470,2.9480,2.9470,2.9480,4,0
20190223,0239,2.9480,2.9480,2.9480,2.9480,6,0
20190223,0240,2.9480,2.9480,2.9480,2.9480,29,0
20190223,0241,2.9480,2.9480,2.9470,2.9470,19,0
20190223,0242,2.9470,2.9470,2.9470,2.9470,13,0
20190223,0243,2.9470,2.9470,2.9460,2.9460,47,0
20190223,0244,2.9460,2.9470,2.9460,2.9470,145,0
20190223,0245,2.9460,2.9460,2.9460,2.9460,6,0
20190223,0246,2.9460,2.9470,2.9460,2.9470,3,0
20190223,0247,2.9470,2.9470,2.9470,2.9470,25,0
20190223,0248,2.9470,2.9470,2.9470,2.9470,24,0
20190223,0249,2.9470,2.9470,2.9470,2.9470,1,0
20190223,0250,2.9470,2.9470,2.9470,2.9470,79,0
20190223,0251,2.9470,2.9480,2.9470,2.9480,32,0
20190223,0252,2.9480,2.9480,2.9480,2.9480,2,0
20190223,0253,2.9480,2.9480,2.9470,2.9470,20,0
20190223,0254,2.9470,2.9470,2.9470,2.9470,0,0
20190223,0255,2.9470,2.9470,2.9470,2.9470,0,0
20190223,0256,2.9470,2.9470,2.9470,2.9470,19,0
20190223,0257,2.9470,2.9480,2.9470,2.9480,1,0
20190223,0258,2.9480,2.9480,2.9470,2.9470,9,0
20190223,0259,2.9470,2.9470,2.9470,2.9470,3,0
20190223,0300,2.9470,2.9470,2.9470,2.9470,8,0
20190223,0301,2.9470,2.9470,2.9470,2.9470,0,0
20190223,0302,2.9470,2.9470,2.9470,2.9470,11,0
20190223,0303,2.9470,2.9470,2.9470,2.9470,6,0
20190223,0304,2.9470,2.9470,2.9470,2.9470,1,0
20190223,0305,2.9470,2.9470,2.9470,2.9470,2,0
20190223,0306,2.9470,2.9470,2.9450,2.9460,12,0
20190223,0307,2.9460,2.9460,2.9460,2.9460,3,0
20190223,0308,2.9460,2.9460,2.9450,2.9450,12,0
20190223,0309,2.9450,2.9460,2.9450,2.9460,4,0
20190223,0310,2.9460,2.9460,2.9460,2.9460,33,0
20190223,0311,2.9460,2.9460,2.9460,2.9460,0,0
20190223,0312,2.9460,2.9460,2.9460,2.9460,0,0
20190223,0313,2.9460,2.9470,2.9460,2.9470,4,0
20190223,0314,2.9470,2.9470,2.9470,2.9470,20,0
20190223,0315,2.9470,2.9470,2.9470,2.9470,1,0
20190223,0316,2.9470,2.9470,2.9470,2.9470,15,0
20190223,0317,2.9470,2.9470,2.9470,2.9470,2,0
20190223,0318,2.9470,2.9470,2.9470,2.9470,1,0
20190223,0319,2.9470,2.9470,2.9470,2.9470,7,0
20190223,0320,2.9470,2.9470,2.9470,2.9470,18,0
20190223,0321,2.9470,2.9470,2.9470,2.9470,4,0
20190223,0322,2.9470,2.9470,2.9470,2.9470,0,0
20190223,0323,2.9470,2.9470,2.9460,2.9460,12,0
20190223,0324,2.9460,2.9460,2.9460,2.9460,2,0
20190223,0325,2.9460,2.9460,2.9460,2.9460,2,0
20190223,0326,2.9460,2.9460,2.9460,2.9460,13,0
20190223,0327,2.9460,2.9460,2.9460,2.9460,6,0
20190223,0328,2.9460,2.9460,2.9460,2.9460,3,0
20190223,0329,2.9460,2.9460,2.9460,2.9460,0,0
20190223,0330,2.9460,2.9460,2.9450,2.9450,3,0
20190223,0331,2.9450,2.9450,2.9450,2.9450,2,0
20190223,0332,2.9450,2.9450,2.9450,2.9450,9,0
20190223,0333,2.9450,2.9450,2.9450,2.9450,6,0
20190223,0334,2.9450,2.9460,2.9450,2.9460,107,0
20190223,0335,2.9460,2.9460,2.9440,2.9440,8,0
20190223,0336,2.9430,2.9430,2.9390,2.9410,79,0
20190223,0337,2.9410,2.9410,2.9400,2.9400,8,0
20190223,0338,2.9400,2.9400,2.9400,2.9400,15,0
20190223,0339,2.9400,2.9400,2.9400,2.9400,30,0
20190223,0340,2.9400,2.9400,2.9380,2.9390,34,0
20190223,0341,2.9390,2.9390,2.9370,2.9380,15,0
20190223,0342,2.9380,2.9430,2.9380,2.9420,13,0
20190223,0343,2.9420,2.9420,2.9410,2.9410,17,0
20190223,0344,2.9410,2.9410,2.9410,2.9410,7,0
20190223,0345,2.9410,2.9410,2.9410,2.9410,8,0
20190223,0346,2.9410,2.9410,2.9400,2.9410,10,0
20190223,0347,2.9430,2.9430,2.9430,2.9430,91,0
20190223,0348,2.9430,2.9460,2.9430,2.9460,73,0
20190223,0349,2.9460,2.9470,2.9460,2.9470,418,0
20190223,0350,2.9460,2.9460,2.9450,2.9450,12,0
20190223,0351,2.9450,2.9460,2.9450,2.9460,6,0
20190223,0352,2.9460,2.9460,2.9440,2.9450,9,0
20190223,0353,2.9450,2.9450,2.9440,2.9440,6,0
20190223,0354,2.9440,2.9440,2.9440,2.9440,6,0
20190223,0355,2.9440,2.9440,2.9440,2.9440,16,0
20190223,0356,2.9440,2.9440,2.9440,2.9440,7,0
20190223,0357,2.9440,2.9440,2.9440,2.9440,4,0
20190223,0358,2.9440,2.9440,2.9440,2.9440,21,0
20190223,0359,2.9440,2.9440,2.9430,2.9430,64,0
20190223,0400,2.9430,2.9440,2.9430,2.9440,15,0
20190223,0401,2.9440,2.9440,2.9440,2.9440,6,0
20190223,0402,2.9440,2.9450,2.9440,2.9450,11,0
20190223,0403,2.9450,2.9450,2.9450,2.9450,5,0
20190223,0404,2.9450,2.9460,2.9450,2.9460,28,0
20190223,0405,2.9460,2.9460,2.9450,2.9450,13,0
20190223,0406,2.9450,2.9460,2.9450,2.9460,10,0
20190223,0407,2.9460,2.9460,2.9460,2.9460,4,0
20190223,0408,2.9460,2.9460,2.9460,2.9460,165,0
20190223,0409,2.9460,2.9460,2.9460,2.9460,8,0
20190223,0410,2.9460,2.9470,2.9460,2.9470,8,0
20190223,0411,2.9470,2.9470,2.9470,2.9470,0,0
20190223,0412,2.9450,2.9450,2.9450,2.9450,4,0
20190223,0413,2.9450,2.9450,2.9450,2.9450,0,0
20190223,0414,2.9450,2.9450,2.9450,2.9450,158,0
20190223,0415,2.9450,2.9470,2.9450,2.9470,23,0
20190223,0416,2.9460,2.9460,2.9460,2.9460,3,0
20190223,0417,2.9460,2.9460,2.9460,2.9460,2,0
20190223,0418,2.9460,2.9460,2.9460,2.9460,1,0
20190223,0419,2.9460,2.9460,2.9460,2.9460,5,0
20190223,0420,2.9460,2.9460,2.9460,2.9460,1,0
20190223,0421,2.9470,2.9480,2.9470,2.9480,3,0
20190223,0422,2.9480,2.9480,2.9470,2.9480,27,0
20190223,0423,2.9480,2.9480,2.9480,2.9480,1,0
20190223,0424,2.9480,2.9490,2.9480,2.9490,12,0
20190223,0425,2.9490,2.9490,2.9480,2.9480,1,0
20190223,0426,2.9480,2.9480,2.9470,2.9470,16,0
20190223,0427,2.9470,2.9470,2.9470,2.9470,1,0
20190223,0428,2.9470,2.9470,2.9470,2.9470,0,0
20190223,0429,2.9470,2.9470,2.9470,2.9470,0,0
20190223,0430,2.9470,2.9470,2.9470,2.9470,5,0
20190223,0431,2.9470,2.9470,2.9470,2.9470,0,0
20190223,0432,2.9470,2.9470,2.9470,2.9470,1,0
20190223,0433,2.9470,2.9470,2.9470,2.9470,0,0
20190223,0434,2.9470,2.9470,2.9470,2.9470,0,0
20190223,0435,2.9470,2.9470,2.9470,2.9470,0,0
20190223,0436,2.9470,2.9470,2.9470,2.9470,0,0
20190223,0437,2.9470,2.9470,2.9460,2.9460,1,0
20190223,0438,2.9460,2.9460,2.9460,2.9460,9,0
20190223,0439,2.9460,2.9460,2.9460,2.9460,0,0
20190223,0440,2.9460,2.9460,2.9460,2.9460,1,0
20190223,0441,2.9460,2.9460,2.9460,2.9460,0,0
20190223,0442,2.9460,2.9460,2.9460,2.9460,41,0
20190223,0443,2.9460,2.9460,2.9460,2.9460,0,0
20190223,0444,2.9460,2.9460,2.9450,2.9450,4,0
20190223,0445,2.9450,2.9460,2.9450,2.9460,3,0
20190223,0446,2.9460,2.9460,2.9460,2.9460,2,0
20190223,0447,2.9460,2.9470,2.9460,2.9470,8,0
20190223,0448,2.9470,2.9470,2.9470,2.9470,4,0
20190223,0449,2.9470,2.9470,2.9470,2.9470,16,0
20190223,0450,2.9470,2.9470,2.9470,2.9470,4,0
20190223,0451,2.9470,2.9470,2.9470,2.9470,2,0
20190223,0452,2.9470,2.9470,2.9460,2.9470,4,0
20190223,0453,2.9470,2.9470,2.9470,2.9470,1,0
20190223,0454,2.9470,2.9470,2.9470,2.9470,0,0
20190223,0455,2.9470,2.9470,2.9470,2.9470,5,0
20190223,0456,2.9470,2.9480,2.9470,2.9470,2,0
20190223,0457,2.9470,2.9480,2.9470,2.9480,1,0
20190223,0458,2.9480,2.9480,2.9480,2.9480,3,0
20190223,0459,2.9480,2.9490,2.9480,2.9480,9,0
20190223,0500,2.9470,2.9470,2.9470,2.9470,6,0
20190223,0501,2.9470,2.9470,2.9470,2.9470,0,0
20190223,0502,2.9480,2.9480,2.9480,2.9480,9,0
20190223,0503,2.9480,2.9480,2.9480,2.9480,26,0
20190223,0504,2.9480,2.9480,2.9480,2.9480,0,0
20190223,0505,2.9480,2.9480,2.9480,2.9480,2,0
20190223,0506,2.9470,2.9470,2.9470,2.9470,2,0
20190223,0507,2.9470,2.9480,2.9470,2.9480,1,0
20190223,0508,2.9480,2.9480,2.9480,2.9480,0,0
20190223,0509,2.9480,2.9480,2.9480,2.9480,0,0
20190223,0510,2.9480,2.9480,2.9480,2.9480,0,0
20190223,0511,2.9480,2.9480,2.9480,2.9480,0,0
20190223,0512,2.9480,2.9480,2.9480,2.9480,0,0
20190223,0513,2.9480,2.9480,2.9480,2.9480,4,0
20190223,0514,2.9480,2.9480,2.9480,2.9480,8,0
20190223,0515,2.9480,2.9480,2.9480,2.9480,0,0
20190223,0516,2.9480,2.9480,2.9470,2.9470,1,0
20190223,0517,2.9470,2.9470,2.9470,2.9470,0,0
20190223,0519,2.9480,2.9480,2.9480,2.9480,6,0
20190223,0520,2.9480,2.9480,2.9480,2.9480,64,0
20190223,0521,2.9470,2.9470,2.9470,2.9470,4,0
20190223,0522,2.9470,2.9470,2.9470,2.9470,0,0
20190223,0524,2.9470,2.9470,2.9470,2.9470,0,0
20190223,0525,2.9470,2.9470,2.9470,2.9470,1,0
20190223,0526,2.9470,2.9470,2.9470,2.9470,0,0
20190223,0527,2.9480,2.9480,2.9480,2.9480,1,0
20190223,0528,2.9480,2.9480,2.9480,2.9480,1,0
20190223,0529,2.9480,2.9480,2.9470,2.9470,11,0
20190223,0530,2.9480,2.9480,2.9480,2.9480,4,0
20190223,0531,2.9480,2.9480,2.9480,2.9480,6,0
20190223,0532,2.9480,2.9480,2.9480,2.9480,0,0
20190223,0533,2.9480,2.9480,2.9480,2.9480,0,0
20190223,0534,2.9480,2.9480,2.9480,2.9480,1,0
20190223,0535,2.9480,2.9490,2.9480,2.9480,3,0
20190223,0536,2.9480,2.9490,2.9480,2.9490,4,0
20190223,0537,2.9490,2.9490,2.9480,2.9480,2,0
20190223,0538,2.9480,2.9490,2.9480,2.9480,22,0
20190223,0539,2.9480,2.9480,2.9480,2.9480,0,0
20190223,0540,2.9480,2.9500,2.9480,2.9500,1,0
20190223,0541,2.9500,2.9500,2.9500,2.9500,1,0
20190223,0542,2.9490,2.9490,2.9480,2.9490,7,0
20190223,0543,2.9490,2.9490,2.9480,2.9480,3,0
20190223,0544,2.9480,2.9480,2.9480,2.9480,4,0
20190223,0545,2.9480,2.9480,2.9480,2.9480,0,0
20190223,0546,2.9480,2.9480,2.9480,2.9480,3,0
20190223,0547,2.9480,2.9480,2.9480,2.9480,0,0
20190223,0548,2.9480,2.9480,2.9470,2.9470,6,0
20190223,0549,2.9470,2.9490,2.9470,2.9480,6,0
20190223,0550,2.9480,2.9480,2.9480,2.9480,0,0
20190223,0551,2.9480,2.9480,2.9480,2.9480,0,0
20190223,0552,2.9480,2.9500,2.9480,2.9500,1,0
20190223,0553,2.9500,2.9500,2.9500,2.9500,2,0
20190223,0554,2.9500,2.9500,2.9500,2.9500,0,0
20190223,0555,2.9500,2.9500,2.9480,2.9480,2,0
20190223,0556,2.9480,2.9480,2.9480,2.9480,1,0
20190223,0557,2.9480,2.9480,2.9480,2.9480,6,0
20190223,0558,2.9480,2.9490,2.9480,2.9480,3,0
20190223,0559,2.9480,2.9480,2.9480,2.9480,3,0
20190225,0700,2.9520,2.9520,2.9490,2.9500,66,0
20190225,0701,2.9530,2.9530,2.9510,2.9510,44,0
20190225,0702,2.9500,2.9500,2.9500,2.9500,11,0
20190225,0703,2.9500,2.9500,2.9500,2.9500,20,0
20190225,0704,2.9500,2.9500,2.9490,2.9490,16,0
20190225,0705,2.9490,2.9490,2.9490,2.9490,4,0
20190225,0706,2.9490,2.9490,2.9480,2.9480,1,0
20190225,0707,2.9480,2.9480,2.9480,2.9480,4,0
20190225,0708,2.9480,2.9490,2.9480,2.9480,7,0
20190225,0709,2.9480,2.9490,2.9480,2.9490,8,0
20190225,0710,2.9490,2.9500,2.9490,2.9490,7,0
20190225,0711,2.9490,2.9490,2.9490,2.9490,9,0
20190225,0712,2.9490,2.9490,2.9480,2.9480,3,0
20190225,0713,2.9480,2.9480,2.9480,2.9480,0,0
20190225,0714,2.9480,2.9480,2.9480,2.9480,3,0
20190225,0715,2.9480,2.9480,2.9470,2.9470,4,0
20190225,0716,2.9470,2.9470,2.9470,2.9470,3,0
20190225,0717,2.9470,2.9480,2.9470,2.9480,3,0
20190225,0718,2.9480,2.9480,2.9480,2.9480,1,0
20190225,0719,2.9480,2.9480,2.9480,2.9480,2,0
20190225,0720,2.9480,2.9480,2.9480,2.9480,1,0
20190225,0721,2.9480,2.9480,2.9480,2.9480,0,0
20190225,0722,2.9480,2.9480,2.9480,2.9480,0,0
20190225,0723,2.9480,2.9480,2.9480,2.9480,4,0
20190225,0724,2.9480,2.9490,2.9480,2.9490,5,0
20190225,0725,2.9490,2.9490,2.9490,2.9490,1,0
20190225,0726,2.9490,2.9490,2.9490,2.9490,0,0
20190225,0727,2.9490,2.9490,2.9490,2.9490,1,0
20190225,0728,2.9490,2.9500,2.9490,2.9500,2,0
20190225,0729,2.9500,2.9500,2.9490,2.9490,1,0
20190225,0730,2.9490,2.9500,2.9490,2.9500,20,0
20190225,0731,2.9500,2.9500,2.9500,2.9500,2,0
20190225,0732,2.9500,2.9500,2.9500,2.9500,2,0
20190225,0733,2.9500,2.9500,2.9490,2.9490,5,0
20190225,0734,2.9490,2.9490,2.9490,2.9490,4,0
20190225,0735,2.9490,2.9490,2.9490,2.9490,6,0
20190225,0736,2.9490,2.9490,2.9490,2.9490,1,0
20190225,0737,2.9490,2.9490,2.9490,2.9490,0,0
20190225,0738,2.9490,2.9490,2.9490,2.9490,0,0
20190225,0739,2.9490,2.9490,2.9490,2.9490,0,0
20190225,0740,2.9490,2.9490,2.9490,2.9490,2,0
20190225,0741,2.9490,2.9500,2.9490,2.9500,55,0
20190225,0742,2.9500,2.9500,2.9500,2.9500,0,0
20190225,0743,2.9500,2.9500,2.9500,2.9500,8,0
20190225,0744,2.9500,2.9510,2.9500,2.9510,3,0
20190225,0745,2.9510,2.9510,2.9510,2.9510,44,0
20190225,0746,2.9510,2.9510,2.9510,2.9510,4,0
20190225,0747,2.9510,2.9510,2.9510,2.9510,0,0
20190225,0748,2.9510,2.9510,2.9510,2.9510,0,0
20190225,0749,2.9510,2.9510,2.9510,2.9510,5,0
20190225,0750,2.9510,2.9510,2.9510,2.9510,0,0
20190225,0751,2.9510,2.9510,2.9510,2.9510,0,0
20190225,0752,2.9510,2.9510,2.9500,2.9500,2,0
20190225,0753,2.9500,2.9510,2.9500,2.9510,1,0
20190225,0754,2.9510,2.9510,2.9510,2.9510,0,0
20190225,0755,2.9500,2.9500,2.9500,2.9500,1,0
20190225,0756,2.9500,2.9500,2.9500,2.9500,0,0
20190225,0757,2.9500,2.9510,2.9500,2.9500,2,0
20190225,0758,2.9500,2.9500,2.9500,2.9500,0,0
20190225,0759,2.9500,2.9510,2.9500,2.9510,2,0
20190225,0800,2.9510,2.9520,2.9510,2.9510,37,0
20190225,0801,2.9520,2.9520,2.9510,2.9510,21,0
20190225,0802,2.9510,2.9510,2.9510,2.9510,11,0
20190225,0803,2.9520,2.9520,2.9520,2.9520,3,0
20190225,0804,2.9520,2.9520,2.9520,2.9520,1,0
20190225,0805,2.9520,2.9530,2.9520,2.9530,60,0
20190225,0806,2.9530,2.9530,2.9530,2.9530,11,0
20190225,0807,2.9530,2.9530,2.9530,2.9530,0,0
20190225,0808,2.9530,2.9540,2.9530,2.9540,25,0
20190225,0809,2.9540,2.9540,2.9540,2.9540,9,0
20190225,0810,2.9540,2.9550,2.9530,2.9540,26,0
20190225,0811,2.9540,2.9540,2.9530,2.9530,13,0
20190225,0812,2.9530,2.9530,2.9530,2.9530,7,0
20190225,0813,2.9530,2.9530,2.9520,2.9530,46,0
20190225,0814,2.9530,2.9530,2.9530,2.9530,5,0
20190225,0815,2.9530,2.9530,2.9530,2.9530,10,0
20190225,0816,2.9530,2.9530,2.9530,2.9530,3,0
20190225,0817,2.9530,2.9530,2.9530,2.9530,14,0
20190225,0818,2.9530,2.9530,2.9530,2.9530,21,0
20190225,0819,2.9530,2.9530,2.9530,2.9530,4,0
20190225,0820,2.9530,2.9530,2.9530,2.9530,3,0
20190225,0821,2.9530,2.9540,2.9530,2.9540,44,0
20190225,0822,2.9540,2.9560,2.9540,2.9560,54,0
20190225,0823,2.9560,2.9570,2.9560,2.9560,15,0
20190225,0824,2.9560,2.9560,2.9560,2.9560,4,0
20190225,0825,2.9560,2.9570,2.9560,2.9570,36,0
20190225,0826,2.9570,2.9580,2.9570,2.9570,23,0
20190225,0827,2.9570,2.9580,2.9570,2.9580,1,0
20190225,0828,2.9580,2.9580,2.9570,2.9570,2,0
20190225,0829,2.9570,2.9580,2.9570,2.9580,3,0
20190225,0830,2.9570,2.9580,2.9570,2.9580,5,0
20190225,0831,2.9570,2.9580,2.9570,2.9570,3,0
20190225,0832,2.9570,2.9580,2.9570,2.9570,4,0
20190225,0833,2.9570,2.9580,2.9570,2.9580,6,0
20190225,0834,2.9580,2.9590,2.9580,2.9590,21,0
20190225,0835,2.9590,2.9590,2.9590,2.9590,15,0
20190225,0836,2.9590,2.9590,2.9590,2.9590,1,0
20190225,0837,2.9590,2.9590,2.9580,2.9580,12,0
20190225,0838,2.9580,2.9590,2.9580,2.9590,3,0
20190225,0839,2.9590,2.9590,2.9580,2.9580,2,0
20190225,0840,2.9580,2.9580,2.9580,2.9580,0,0
20190225,0841,2.9580,2.9590,2.9580,2.9590,14,0
20190225,0842,2.9590,2.9590,2.9590,2.9590,28,0
20190225,0843,2.9590,2.9590,2.9590,2.9590,2,0
20190225,0844,2.9590,2.9590,2.9590,2.9590,3,0
20190225,0845,2.9590,2.9590,2.9590,2.9590,0,0
20190225,0846,2.9590,2.9590,2.9590,2.9590,4,0
20190225,0847,2.9590,2.9610,2.9590,2.9610,46,0
20190225,0848,2.9610,2.9610,2.9600,2.9600,14,0
20190225,0849,2.9600,2.9610,2.9600,2.9610,1,0
20190225,0850,2.9610,2.9610,2.9600,2.9610,19,0
20190225,0851,2.9610,2.9620,2.9610,2.9620,37,0
20190225,0852,2.9610,2.9610,2.9610,2.9610,10,0
20190225,0853,2.9610,2.9620,2.9610,2.9620,25,0
20190225,0854,2.9620,2.9620,2.9620,2.9620,7,0
20190225,0855,2.9620,2.9630,2.9620,2.9630,50,0
20190225,0856,2.9630,2.9630,2.9630,2.9630,7,0
20190225,0857,2.9630,2.9630,2.9620,2.9620,19,0
20190225,0858,2.9620,2.9620,2.9620,2.9620,174,0
20190225,0859,2.9620,2.9620,2.9610,2.9620,16,0
20190225,0900,2.9620,2.9640,2.9610,2.9620,80,0
20190225,0901,2.9620,2.9620,2.9590,2.9590,49,0
20190225,0902,2.9590,2.9630,2.9590,2.9630,26,0
20190225,0903,2.9630,2.9650,2.9630,2.9650,85,0
20190225,0904,2.9650,2.9650,2.9620,2.9620,12,0
20190225,0905,2.9620,2.9630,2.9620,2.9620,9,0
20190225,0906,2.9610,2.9610,2.9600,2.9600,17,0
20190225,0907,2.9600,2.9600,2.9590,2.9590,14,0
20190225,0908,2.9590,2.9590,2.9590,2.9590,77,0
20190225,0909,2.9590,2.9600,2.9590,2.9590,22,0
20190225,0910,2.9590,2.9590,2.9580,2.9580,76,0
20190225,0911,2.9580,2.9580,2.9540,2.9540,118,0
20190225,0912,2.9540,2.9550,2.9540,2.9540,43,0
20190225,0913,2.9540,2.9540,2.9510,2.9510,159,0
20190225,0914,2.9500,2.9500,2.9490,2.9500,156,0
20190225,0915,2.9500,2.9510,2.9500,2.9510,141,0
20190225,0916,2.9520,2.9530,2.9510,2.9530,90,0
20190225,0917,2.9530,2.9530,2.9520,2.9530,22,0
20190225,0918,2.9530,2.9530,2.9530,2.9530,23,0
20190225,0919,2.9520,2.9530,2.9520,2.9530,23,0
20190225,0920,2.9530,2.9570,2.9530,2.9570,138,0
20190225,0921,2.9560,2.9570,2.9550,2.9550,35,0
20190225,0922,2.9550,2.9550,2.9540,2.9550,47,0
20190225,0923,2.9550,2.9550,2.9540,2.9540,3,0
20190225,0924,2.9540,2.9550,2.9530,2.9540,25,0
20190225,0925,2.9540,2.9540,2.9540,2.9540,19,0
20190225,0926,2.9540,2.9550,2.9540,2.9550,32,0
20190225,0927,2.9550,2.9550,2.9540,2.9540,25,0
20190225,0928,2.9540,2.9550,2.9540,2.9550,5,0
20190225,0929,2.9550,2.9550,2.9540,2.9550,61,0
20190225,0930,2.9550,2.9550,2.9530,2.9530,135,0
20190225,0931,2.9530,2.9530,2.9530,2.9530,0,0
20190225,0932,2.9540,2.9540,2.9530,2.9530,58,0
20190225,0933,2.9520,2.9520,2.9510,2.9510,38,0
20190225,0934,2.9510,2.9510,2.9490,2.9490,128,0
20190225,0935,2.9490,2.9490,2.9470,2.9480,89,0
20190225,0936,2.9470,2.9500,2.9470,2.9500,107,0
20190225,0937,2.9500,2.9520,2.9500,2.9510,33,0
20190225,0938,2.9510,2.9520,2.9510,2.9520,5,0
20190225,0939,2.9530,2.9530,2.9530,2.9530,32,0
20190225,0940,2.9530,2.9530,2.9520,2.9530,14,0
20190225,0941,2.9530,2.9530,2.9530,2.9530,56,0
20190225,0942,2.9530,2.9530,2.9530,2.9530,54,0
20190225,0943,2.9540,2.9560,2.9540,2.9560,40,0
20190225,0944,2.9560,2.9580,2.9560,2.9560,32,0
20190225,0945,2.9550,2.9550,2.9550,2.9550,5,0
20190225,0946,2.9570,2.9580,2.9570,2.9580,49,0
20190225,0947,2.9580,2.9580,2.9570,2.9570,31,0
20190225,0948,2.9570,2.9570,2.9570,2.9570,17,0
20190225,0949,2.9570,2.9570,2.9560,2.9560,49,0
20190225,0950,2.9560,2.9560,2.9560,2.9560,5,0
20190225,0951,2.9560,2.9560,2.9540,2.9550,12,0
20190225,0952,2.9550,2.9550,2.9530,2.9530,12,0
20190225,0953,2.9530,2.9540,2.9510,2.9520,23,0
20190225,0954,2.9520,2.9520,2.9510,2.9510,41,0
20190225,0955,2.9510,2.9510,2.9500,2.9500,26,0
20190225,0956,2.9500,2.9510,2.9500,2.9500,31,0
20190225,0957,2.9500,2.9510,2.9500,2.9510,97,0
20190225,0958,2.9510,2.9510,2.9490,2.9510,56,0
20190225,0959,2.9510,2.9510,2.9500,2.9500,2,0
20190225,1000,2.9510,2.9510,2.9500,2.9510,22,0
20190225,1001,2.9510,2.9520,2.9510,2.9520,30,0
20190225,1002,2.9520,2.9520,2.9510,2.9510,10,0
20190225,1003,2.9510,2.9530,2.9510,2.9520,17,0
20190225,1004,2.9520,2.9530,2.9510,2.9510,31,0
20190225,1005,2.9510,2.9520,2.9510,2.9520,19,0
20190225,1006,2.9520,2.9520,2.9510,2.9510,8,0
20190225,1007,2.9510,2.9510,2.9510,2.9510,10,0
20190225,1008,2.9510,2.9520,2.9510,2.9520,9,0
20190225,1009,2.9520,2.9530,2.9520,2.9530,12,0
20190225,1010,2.9530,2.9530,2.9530,2.9530,7,0
20190225,1011,2.9530,2.9550,2.9530,2.9550,14,0
20190225,1012,2.9550,2.9550,2.9540,2.9540,26,0
20190225,1013,2.9540,2.9540,2.9540,2.9540,4,0
20190225,1014,2.9540,2.9540,2.9540,2.9540,5,0
20190225,1015,2.9540,2.9540,2.9540,2.9540,20,0
20190225,1016,2.9540,2.9550,2.9540,2.9540,12,0
20190225,1017,2.9540,2.9540,2.9540,2.9540,1,0
20190225,1018,2.9540,2.9540,2.9540,2.9540,1,0
20190225,1019,2.9540,2.9540,2.9540,2.9540,2,0
20190225,1020,2.9540,2.9540,2.9540,2.9540,2,0
20190225,1021,2.9540,2.9540,2.9530,2.9530,3,0
20190225,1022,2.9530,2.9540,2.9530,2.9540,9,0
20190225,1023,2.9540,2.9540,2.9530,2.9530,2,0
20190225,1024,2.9530,2.9530,2.9520,2.9530,8,0
20190225,1025,2.9530,2.9540,2.9530,2.9530,3,0
20190225,1026,2.9530,2.9530,2.9530,2.9530,0,0
20190225,1027,2.9530,2.9540,2.9530,2.9540,4,0
20190225,1028,2.9540,2.9540,2.9540,2.9540,3,0
20190225,1029,2.9540,2.9550,2.9540,2.9550,4,0
20190225,1030,2.9550,2.9550,2.9530,2.9530,20,0
20190225,1031,2.9530,2.9530,2.9530,2.9530,5,0
20190225,1032,2.9520,2.9520,2.9520,2.9520,22,0
20190225,1033,2.9520,2.9520,2.9510,2.9510,5,0
20190225,1034,2.9510,2.9510,2.9500,2.9500,22,0
20190225,1035,2.9500,2.9500,2.9490,2.9490,16,0
20190225,1036,2.9490,2.9500,2.9490,2.9500,13,0
20190225,1037,2.9500,2.9500,2.9480,2.9480,14,0
20190225,1038,2.9480,2.9490,2.9450,2.9460,76,0
20190225,1039,2.9460,2.9470,2.9460,2.9470,18,0
20190225,1040,2.9470,2.9470,2.9450,2.9450,11,0
20190225,1041,2.9450,2.9460,2.9450,2.9460,29,0
20190225,1042,2.9460,2.9460,2.9440,2.9440,20,0
20190225,1043,2.9440,2.9440,2.9440,2.9440,29,0
20190225,1044,2.9440,2.9450,2.9440,2.9450,21,0
20190225,1045,2.9440,2.9450,2.9430,2.9430,34,0
20190225,1046,2.9430,2.9440,2.9430,2.9440,31,0
20190225,1047,2.9440,2.9450,2.9440,2.9440,9,0
20190225,1048,2.9440,2.9440,2.9440,2.9440,7,0
20190225,1049,2.9440,2.9440,2.9440,2.9440,5,0
20190225,1050,2.9440,2.9450,2.9440,2.9450,3,0
20190225,1051,2.9450,2.9470,2.9450,2.9470,15,0
20190225,1052,2.9460,2.9470,2.9460,2.9460,8,0
20190225,1053,2.9460,2.9470,2.9460,2.9470,7,0
20190225,1054,2.9470,2.9470,2.9470,2.9470,4,0
20190225,1055,2.9470,2.9480,2.9470,2.9480,6,0
20190225,1056,2.9480,2.9480,2.9480,2.9480,8,0
20190225,1057,2.9480,2.9480,2.9470,2.9470,17,0
20190225,1058,2.9470,2.9480,2.9470,2.9470,28,0
20190225,1059,2.9470,2.9470,2.9470,2.9470,8,0
20190225,1100,2.9470,2.9470,2.9460,2.9460,4,0
20190225,1101,2.9460,2.9460,2.9450,2.9450,11,0
20190225,1102,2.9450,2.9450,2.9450,2.9450,3,0
20190225,1103,2.9450,2.9470,2.9450,2.9470,8,0
20190225,1104,2.9470,2.9470,2.9470,2.9470,6,0
20190225,1105,2.9470,2.9480,2.9470,2.9480,4,0
20190225,1106,2.9480,2.9480,2.9470,2.9480,15,0
20190225,1107,2.9480,2.9480,2.9470,2.9470,6,0
20190225,1108,2.9470,2.9480,2.9470,2.9480,7,0
20190225,1109,2.9480,2.9480,2.9480,2.9480,14,0
20190225,1110,2.9480,2.9480,2.9480,2.9480,21,0
20190225,1111,2.9480,2.9480,2.9480,2.9480,5,0
20190225,1112,2.9480,2.9480,2.9480,2.9480,3,0
20190225,1113,2.9480,2.9480,2.9470,2.9480,10,0
20190225,1114,2.9480,2.9480,2.9470,2.9470,6,0
20190225,1115,2.9470,2.9480,2.9470,2.9480,4,0
20190225,1116,2.9480,2.9480,2.9480,2.9480,0,0
20190225,1117,2.9480,2.9490,2.9480,2.9490,10,0
20190225,1118,2.9490,2.9500,2.9490,2.9500,56,0
20190225,1119,2.9500,2.9500,2.9500,2.9500,9,0
20190225,1120,2.9500,2.9510,2.9500,2.9510,31,0
20190225,1121,2.9510,2.9510,2.9510,2.9510,9,0
20190225,1122,2.9510,2.9510,2.9500,2.9510,23,0
20190225,2321,2.9560,2.9570,2.9560,2.9570,80,0
20190225,2322,2.9570,2.9570,2.9570,2.9570,40,0
20190225,2323,2.9570,2.9580,2.9570,2.9570,31,0
20190225,2324,2.9570,2.9580,2.9570,2.9570,50,0
20190225,2325,2.9570,2.9570,2.9560,2.9560,59,0
20190225,2326,2.9560,2.9560,2.9550,2.9550,109,0
20190225,2327,2.9550,2.9550,2.9540,2.9550,163,0
20190225,2328,2.9550,2.9550,2.9530,2.9530,102,0
20190225,2329,2.9530,2.9540,2.9530,2.9540,384,0
20190225,2330,2.9540,2.9540,2.9530,2.9540,135,0
20190225,2331,2.9540,2.9540,2.9530,2.9540,62,0
20190225,2332,2.9540,2.9540,2.9540,2.9540,75,0
20190225,2333,2.9540,2.9540,2.9530,2.9540,112,0
20190225,2334,2.9540,2.9540,2.9530,2.9530,69,0
20190225,2335,2.9530,2.9530,2.9520,2.9530,30,0
20190225,2336,2.9530,2.9530,2.9520,2.9520,49,0
20190225,2337,2.9520,2.9540,2.9520,2.9540,80,0
20190225,2338,2.9540,2.9550,2.9540,2.9540,27,0
20190225,2339,2.9540,2.9540,2.9530,2.9530,99,0
20190225,2340,2.9530,2.9530,2.9530,2.9530,93,0
20190225,2341,2.9530,2.9550,2.9530,2.9550,64,0
20190225,2342,2.9550,2.9550,2.9540,2.9540,80,0
20190225,2343,2.9540,2.9540,2.9540,2.9540,81,0
20190225,2344,2.9540,2.9540,2.9530,2.9540,52,0
20190225,2345,2.9540,2.9550,2.9540,2.9540,94,0
20190225,2346,2.9540,2.9540,2.9520,2.9520,42,0
20190225,2347,2.9520,2.9540,2.9520,2.9540,24,0
20190225,2348,2.9540,2.9540,2.9530,2.9540,18,0
20190225,2349,2.9540,2.9540,2.9530,2.9530,30,0
20190225,2350,2.9530,2.9530,2.9520,2.9520,46,0
20190225,2351,2.9520,2.9520,2.9510,2.9520,60,0
20190225,2352,2.9520,2.9520,2.9510,2.9510,33,0
20190225,2353,2.9510,2.9510,2.9510,2.9510,27,0
20190225,2354,2.9510,2.9510,2.9510,2.9510,51,0
20190225,2355,2.9510,2.9510,2.9510,2.9510,74,0
20190225,2356,2.9510,2.9520,2.9510,2.9520,164,0
20190225,2357,2.9520,2.9530,2.9520,2.9530,82,0
20190225,2358,2.9530,2.9550,2.9530,2.9550,58,0
20190225,2359,2.9540,2.9550,2.9540,2.9540,44,0
20190226,0000,2.9540,2.9550,2.9540,2.9540,72,0
20190226,0001,2.9540,2.9550,2.9540,2.9550,64,0
20190226,0002,2.9550,2.9550,2.9540,2.9540,72,0
20190226,0003,2.9540,2.9540,2.9530,2.9530,40,0
20190226,0004,2.9530,2.9540,2.9530,2.9540,40,0
20190226,0005,2.9540,2.9540,2.9530,2.9530,66,0
20190226,0006,2.9530,2.9530,2.9520,2.9520,28,0
20190226,0007,2.9520,2.9530,2.9520,2.9530,165,0
20190226,0008,2.9530,2.9530,2.9530,2.9530,37,0
20190226,0009,2.9530,2.9530,2.9530,2.9530,39,0
20190226,0010,2.9530,2.9530,2.9520,2.9530,88,0
20190226,0011,2.9530,2.9530,2.9530,2.9530,82,0
20190226,0012,2.9530,2.9530,2.9520,2.9520,71,0
20190226,0013,2.9520,2.9520,2.9520,2.9520,60,0
20190226,0014,2.9520,2.9520,2.9520,2.9520,99,0
20190226,0015,2.9520,2.9530,2.9520,2.9520,117,0
20190226,0016,2.9520,2.9530,2.9520,2.9530,211,0
20190226,0017,2.9530,2.9530,2.9520,2.9520,121,0
20190226,0018,2.9520,2.9520,2.9480,2.9480,448,0
20190226,0019,2.9480,2.9490,2.9470,2.9480,125,0
20190226,0020,2.9480,2.9490,2.9480,2.9490,181,0
20190226,0021,2.9490,2.9500,2.9490,2.9490,59,0
20190226,0022,2.9490,2.9490,2.9480,2.9480,43,0
20190226,0023,2.9480,2.9490,2.9470,2.9480,85,0
20190226,0024,2.9480,2.9490,2.9480,2.9480,311,0
20190226,0025,2.9480,2.9490,2.9470,2.9480,217,0
20190226,0026,2.9480,2.9480,2.9470,2.9470,84,0
20190226,0027,2.9470,2.9470,2.9470,2.9470,69,0
20190226,0028,2.9470,2.9470,2.9460,2.9460,77,0
20190226,0029,2.9460,2.9460,2.9440,2.9440,174,0
20190226,0030,2.9450,2.9460,2.9440,2.9450,121,0
20190226,0031,2.9450,2.9460,2.9450,2.9460,60,0
20190226,0032,2.9460,2.9460,2.9460,2.9460,78,0
20190226,0033,2.9460,2.9470,2.9450,2.9460,313,0
20190226,0034,2.9460,2.9500,2.9450,2.9500,264,0
20190226,0035,2.9490,2.9500,2.9480,2.9490,99,0
20190226,0036,2.9490,2.9490,2.9480,2.9490,77,0
20190226,0037,2.9490,2.9500,2.9480,2.9480,44,0
20190226,0038,2.9480,2.9480,2.9480,2.9480,56,0
20190226,0039,2.9480,2.9480,2.9470,2.9470,47,0
20190226,0040,2.9470,2.9470,2.9460,2.9470,100,0
20190226,0041,2.9470,2.9470,2.9460,2.9460,56,0
20190226,0042,2.9460,2.9470,2.9460,2.9460,57,0
20190226,0043,2.9460,2.9470,2.9460,2.9470,81,0
20190226,0044,2.9470,2.9480,2.9470,2.9470,216,0
20190226,0045,2.9470,2.9470,2.9470,2.9470,49,0
20190226,0046,2.9470,2.9470,2.9470,2.9470,34,0
20190226,0047,2.9470,2.9480,2.9470,2.9480,51,0
20190226,0048,2.9480,2.9480,2.9470,2.9470,131,0
20190226,0049,2.9480,2.9480,2.9480,2.9480,21,0
20190226,0050,2.9480,2.9480,2.9470,2.9470,64,0
20190226,0051,2.9470,2.9480,2.9470,2.9480,47,0
20190226,0052,2.9480,2.9480,2.9480,2.9480,41,0
20190226,0053,2.9480,2.9480,2.9480,2.9480,42,0
20190226,0054,2.9480,2.9480,2.9480,2.9480,49,0
20190226,0055,2.9490,2.9490,2.9490,2.9490,151,0
20190226,0056,2.9490,2.9500,2.9490,2.9500,66,0
20190226,0057,2.9500,2.9500,2.9490,2.9500,163,0
20190226,0058,2.9500,2.9500,2.9490,2.9500,62,0
20190226,0059,2.9500,2.9500,2.9490,2.9490,54,0
20190226,0100,2.9490,2.9490,2.9480,2.9480,116,0
20190226,0101,2.9480,2.9480,2.9480,2.9480,14,0
20190226,0102,2.9480,2.9480,2.9480,2.9480,6,0
20190226,0103,2.9480,2.9480,2.9480,2.9480,10,0
20190226,0104,2.9480,2.9480,2.9480,2.9480,34,0
20190226,0105,2.9470,2.9470,2.9470,2.9470,20,0
20190226,0106,2.9470,2.9470,2.9470,2.9470,20,0
20190226,0107,2.9470,2.9470,2.9470,2.9470,27,0
20190226,0108,2.9470,2.9480,2.9470,2.9470,80,0
20190226,0109,2.9470,2.9480,2.9470,2.9480,34,0
20190226,0110,2.9480,2.9480,2.9480,2.9480,26,0
20190226,0111,2.9480,2.9490,2.9470,2.9490,11,0
20190226,0112,2.9490,2.9490,2.9480,2.9490,17,0
20190226,0113,2.9490,2.9490,2.9480,2.9480,16,0
20190226,0114,2.9480,2.9480,2.9480,2.9480,2,0
20190226,0115,2.9480,2.9480,2.9480,2.9480,31,0
20190226,0116,2.9480,2.9490,2.9480,2.9490,17,0
20190226,0117,2.9490,2.9490,2.9480,2.9480,19,0
20190226,0118,2.9480,2.9490,2.9480,2.9490,14,0
20190226,0119,2.9490,2.9490,2.9480,2.9480,32,0
20190226,0120,2.9480,2.9490,2.9480,2.9490,26,0
20190226,0121,2.9490,2.9490,2.9480,2.9480,55,0
20190226,0122,2.9480,2.9480,2.9470,2.9480,47,0
20190226,0123,2.9480,2.9500,2.9480,2.9500,237,0
20190226,0124,2.9500,2.9500,2.9490,2.9490,171,0
20190226,0125,2.9490,2.9490,2.9480,2.9480,22,0
20190226,0126,2.9480,2.9480,2.9460,2.9460,33,0
20190226,0127,2.9460,2.9470,2.9460,2.9460,36,0
20190226,0128,2.9460,2.9460,2.9440,2.9450,48,0
20190226,0129,2.9450,2.9460,2.9440,2.9440,257,0
20190226,0130,2.9440,2.9440,2.9440,2.9440,105,0
20190226,0131,2.9440,2.9440,2.9440,2.9440,32,0
20190226,0132,2.9440,2.9450,2.9440,2.9440,92,0
20190226,0133,2.9440,2.9460,2.9440,2.9460,183,0
20190226,0134,2.9460,2.9470,2.9450,2.9470,60,0
20190226,0135,2.9470,2.9470,2.9460,2.9470,39,0
20190226,0136,2.9470,2.9480,2.9470,2.9480,18,0
20190226,0137,2.9480,2.9490,2.9480,2.9490,13,0
20190226,0138,2.9490,2.9490,2.9480,2.9490,30,0
20190226,0139,2.9490,2.9490,2.9480,2.9480,29,0
20190226,0140,2.9480,2.9480,2.9480,2.9480,21,0
20190226,0141,2.9480,2.9480,2.9480,2.9480,15,0
20190226,0142,2.9480,2.9480,2.9480,2.9480,14,0
20190226,0143,2.9480,2.9480,2.9460,2.9460,97,0
20190226,0144,2.9460,2.9470,2.9460,2.9470,37,0
20190226,0145,2.9470,2.9470,2.9460,2.9470,4,0
20190226,0146,2.9470,2.9470,2.9470,2.9470,38,0
20190226,0147,2.9470,2.9470,2.9460,2.9470,23,0
20190226,0148,2.9470,2.9470,2.9470,2.9470,152,0
20190226,0149,2.9470,2.9480,2.9460,2.9460,74,0
20190226,0150,2.9460,2.9470,2.9460,2.9470,100,0
20190226,0151,2.9470,2.9470,2.9460,2.9460,46,0
20190226,0152,2.9460,2.9460,2.9450,2.9450,68,0
20190226,0153,2.9450,2.9450,2.9450,2.9450,62,0
20190226,0154,2.9450,2.9450,2.9440,2.9440,409,0
20190226,0155,2.9440,2.9440,2.9430,2.9440,98,0
20190226,0156,2.9440,2.9450,2.9430,2.9430,239,0
20190226,0157,2.9430,2.9450,2.9430,2.9450,93,0
20190226,0158,2.9450,2.9470,2.9450,2.9460,84,0
20190226,0159,2.9460,2.9510,2.9460,2.9510,1207,0
20190226,0200,2.9510,2.9510,2.9480,2.9480,383,0
20190226,0201,2.9480,2.9480,2.9480,2.9480,101,0
20190226,0202,2.9480,2.9490,2.9480,2.9490,14,0
20190226,0203,2.9490,2.9500,2.9490,2.9490,18,0
20190226,0204,2.9490,2.9500,2.9490,2.9500,23,0
20190226,0205,2.9500,2.9500,2.9500,2.9500,11,0
20190226,0206,2.9490,2.9490,2.9490,2.9490,28,0
20190226,0207,2.9490,2.9490,2.9480,2.9480,12,0
20190226,0208,2.9480,2.9480,2.9480,2.9480,8,0
20190226,0209,2.9480,2.9480,2.9480,2.9480,5,0
20190226,0210,2.9480,2.9480,2.9480,2.9480,3,0
20190226,0211,2.9480,2.9480,2.9480,2.9480,4,0
20190226,0212,2.9480,2.9480,2.9480,2.9480,55,0
20190226,0213,2.9480,2.9490,2.9480,2.9490,107,0
20190226,0214,2.9490,2.9490,2.9480,2.9480,6,0
20190226,0215,2.9480,2.9500,2.9480,2.9500,18,0
20190226,0216,2.9500,2.9500,2.9500,2.9500,8,0
20190226,0217,2.9500,2.9500,2.9500,2.9500,6,0
20190226,0218,2.9500,2.9500,2.9500,2.9500,12,0
20190226,0219,2.9500,2.9500,2.9500,2.9500,5,0
20190226,0220,2.9500,2.9500,2.9500,2.9500,9,0
20190226,0221,2.9500,2.9500,2.9490,2.9500,14,0
20190226,0222,2.9500,2.9500,2.9490,2.9490,22,0
20190226,0223,2.9490,2.9500,2.9490,2.9490,48,0
20190226,0224,2.9490,2.9500,2.9490,2.9490,123,0
20190226,0225,2.9490,2.9500,2.9490,2.9500,38,0
20190226,0226,2.9500,2.9500,2.9500,2.9500,15,0
20190226,0227,2.9500,2.9500,2.9490,2.9500,8,0
20190226,0228,2.9500,2.9500,2.9490,2.9490,40,0
20190226,0229,2.9490,2.9500,2.9490,2.9490,326,0
20190226,0230,2.9490,2.9490,2.9490,2.9490,91,0
20190226,0231,2.9490,2.9500,2.9490,2.9500,5,0
20190226,0232,2.9500,2.9500,2.9490,2.9490,9,0
20190226,0233,2.9490,2.9500,2.9490,2.9490,21,0
20190226,0234,2.9490,2.9490,2.9490,2.9490,18,0
20190226,0235,2.9500,2.9500,2.9500,2.9500,7,0
20190226,0236,2.9500,2.9500,2.9490,2.9500,44,0
20190226,0237,2.9500,2.9500,2.9490,2.9490,16,0
20190226,0238,2.9490,2.9490,2.9480,2.9490,18,0
20190226,0239,2.9490,2.9500,2.9490,2.9500,7,0
20190226,0240,2.9500,2.9510,2.9490,2.9500,26,0
20190226,0241,2.9500,2.9510,2.9500,2.9510,5,0
20190226,0242,2.9510,2.9510,2.9510,2.9510,170,0
20190226,0243,2.9510,2.9510,2.9510,2.9510,30,0
20190226,0244,2.9510,2.9530,2.9510,2.9520,45,0
20190226,0245,2.9520,2.9530,2.9520,2.9530,11,0
20190226,0246,2.9530,2.9530,2.9520,2.9520,88,0
20190226,0247,2.9520,2.9520,2.9520,2.9520,11,0
20190226,0248,2.9520,2.9530,2.9520,2.9520,17,0
20190226,0249,2.9520,2.9550,2.9520,2.9550,186,0
20190226,0250,2.9550,2.9550,2.9540,2.9540,10,0
20190226,0251,2.9540,2.9550,2.9540,2.9540,43,0
20190226,0252,2.9540,2.9550,2.9540,2.9550,11,0
20190226,0253,2.9550,2.9550,2.9540,2.9540,41,0
20190226,0254,2.9540,2.9540,2.9530,2.9530,18,0
20190226,0255,2.9530,2.9540,2.9530,2.9540,31,0
20190226,0256,2.9540,2.9540,2.9540,2.9540,72,0
20190226,0257,2.9540,2.9540,2.9540,2.9540,32,0
20190226,0258,2.9540,2.9540,2.9540,2.9540,78,0
20190226,0259,2.9540,2.9540,2.9530,2.9540,38,0
20190226,0300,2.9540,2.9540,2.9530,2.9530,7,0
20190226,0301,2.9530,2.9530,2.9530,2.9530,6,0
20190226,0302,2.9530,2.9540,2.9530,2.9540,3,0
20190226,0303,2.9540,2.9540,2.9530,2.9530,3,0
20190226,0304,2.9530,2.9530,2.9530,2.9530,14,0
20190226,0305,2.9530,2.9540,2.9530,2.9540,6,0
20190226,0306,2.9540,2.9540,2.9530,2.9530,13,0
20190226,0307,2.9530,2.9540,2.9530,2.9530,87,0
20190226,0308,2.9530,2.9530,2.9530,2.9530,12,0
20190226,0309,2.9530,2.9530,2.9530,2.9530,1,0
20190226,0310,2.9530,2.9530,2.9530,2.9530,4,0
20190226,0311,2.9530,2.9540,2.9530,2.9540,15,0
20190226,0312,2.9540,2.9540,2.9530,2.9530,3,0
20190226,0313,2.9530,2.9530,2.9530,2.9530,2,0
20190226,0314,2.9530,2.9530,2.9530,2.9530,4,0
20190226,0315,2.9530,2.9530,2.9520,2.9520,16,0
20190226,0316,2.9520,2.9520,2.9520,2.9520,25,0
20190226,0317,2.9520,2.9520,2.9520,2.9520,5,0
20190226,0318,2.9520,2.9520,2.9520,2.9520,3,0
20190226,0319,2.9520,2.9530,2.9520,2.9520,8,0
20190226,0320,2.9520,2.9530,2.9520,2.9530,1,0
20190226,0321,2.9530,2.9530,2.9530,2.9530,0,0
20190226,0322,2.9530,2.9530,2.9520,2.9520,51,0
20190226,0323,2.9520,2.9520,2.9520,2.9520,3,0
20190226,0324,2.9520,2.9530,2.9520,2.9530,5,0
20190226,0325,2.9530,2.9530,2.9520,2.9520,4,0
20190226,0326,2.9520,2.9530,2.9520,2.9530,3,0
20190226,0327,2.9530,2.9530,2.9530,2.9530,3,0
20190226,0328,2.9530,2.9530,2.9530,2.9530,1,0
20190226,0329,2.9530,2.9530,2.9520,2.9530,5,0
20190226,0330,2.9530,2.9530,2.9530,2.9530,4,0
20190226,0331,2.9530,2.9530,2.9530,2.9530,6,0
20190226,0332,2.9530,2.9530,2.9530,2.9530,4,0
20190226,0333,2.9530,2.9530,2.9520,2.9520,26,0
20190226,0334,2.9520,2.9530,2.9520,2.9530,4,0
20190226,0335,2.9530,2.9530,2.9530,2.9530,4,0
20190226,0336,2.9530,2.9530,2.9530,2.9530,0,0
20190226,0337,2.9530,2.9530,2.9530,2.9530,0,0
20190226,0338,2.9530,2.9530,2.9530,2.9530,0,0
20190226,0339,2.9530,2.9530,2.9520,2.9530,7,0
20190226,0340,2.9530,2.9530,2.9530,2.9530,3,0
20190226,0341,2.9530,2.9540,2.9530,2.9540,76,0
20190226,0342,2.9540,2.9540,2.9540,2.9540,0,0
20190226,0343,2.9540,2.9540,2.9540,2.9540,2,0
20190226,0344,2.9540,2.9540,2.9530,2.9530,1,0
20190226,0345,2.9530,2.9540,2.9530,2.9530,2,0
20190226,0346,2.9530,2.9530,2.9530,2.9530,0,0
20190226,0347,2.9530,2.9530,2.9530,2.9530,2,0
20190226,0348,2.9530,2.9540,2.9530,2.9540,2,0
20190226,0349,2.9540,2.9540,2.9530,2.9530,4,0
20190226,0350,2.9530,2.9530,2.9530,2.9530,1,0
20190226,0351,2.9530,2.9530,2.9530,2.9530,1,0
20190226,0352,2.9530,2.9530,2.9530,2.9530,0,0
20190226,0353,2.9530,2.9530,2.9530,2.9530,0,0
20190226,0354,2.9530,2.9530,2.9520,2.9520,5,0
20190226,0355,2.9520,2.9520,2.9520,2.9520,2,0
20190226,0356,2.9520,2.9530,2.9520,2.9520,7,0
20190226,0357,2.9520,2.9530,2.9520,2.9530,4,0
20190226,0358,2.9530,2.9530,2.9530,2.9530,1,0
20190226,0359,2.9530,2.9530,2.9530,2.9530,1,0
20190226,0400,2.9530,2.9530,2.9530,2.9530,2,0
20190226,0401,2.9530,2.9530,2.9530,2.9530,2,0
20190226,0402,2.9530,2.9530,2.9530,2.9530,0,0
20190226,0403,2.9530,2.9530,2.9530,2.9530,0,0
20190226,0404,2.9530,2.9530,2.9530,2.9530,0,0
20190226,0405,2.9530,2.9530,2.9530,2.9530,15,0
20190226,0406,2.9530,2.9530,2.9530,2.9530,0,0
20190226,0407,2.9530,2.9530,2.9530,2.9530,0,0
20190226,0408,2.9530,2.9530,2.9530,2.9530,0,0
20190226,0409,2.9530,2.9530,2.9530,2.9530,1,0
20190226,0410,2.9530,2.9530,2.9530,2.9530,5,0
20190226,0411,2.9530,2.9530,2.9530,2.9530,0,0
20190226,0412,2.9530,2.9530,2.9530,2.9530,0,0
20190226,0413,2.9530,2.9530,2.9530,2.9530,0,0
20190226,0414,2.9530,2.9540,2.9530,2.9540,1,0
20190226,0415,2.9540,2.9540,2.9540,2.9540,0,0
20190226,0416,2.9540,2.9540,2.9540,2.9540,0,0
20190226,0417,2.9540,2.9540,2.9540,2.9540,0,0
20190226,0418,2.9540,2.9540,2.9540,2.9540,0,0
20190226,0419,2.9540,2.9540,2.9540,2.9540,1,0
20190226,0420,2.9540,2.9540,2.9530,2.9540,3,0
20190226,0421,2.9540,2.9540,2.9530,2.9530,1,0
20190226,0422,2.9530,2.9530,2.9530,2.9530,10,0
20190226,0423,2.9530,2.9530,2.9530,2.9530,3,0
20190226,0424,2.9530,2.9540,2.9530,2.9530,3,0
20190226,0425,2.9530,2.9540,2.9530,2.9540,1,0
20190226,0426,2.9540,2.9540,2.9530,2.9530,3,0
20190226,0427,2.9530,2.9530,2.9530,2.9530,1,0
20190226,0428,2.9530,2.9530,2.9530,2.9530,8,0
20190226,0429,2.9530,2.9530,2.9520,2.9520,7,0
20190226,0430,2.9520,2.9520,2.9520,2.9520,0,0
20190226,0431,2.9520,2.9520,2.9520,2.9520,0,0
20190226,0432,2.9520,2.9520,2.9520,2.9520,0,0
20190226,0433,2.9520,2.9520,2.9520,2.9520,3,0
20190226,0434,2.9520,2.9530,2.9520,2.9530,2,0
20190226,0435,2.9530,2.9530,2.9530,2.9530,2,0
20190226,0436,2.9530,2.9530,2.9530,2.9530,1,0
20190226,0437,2.9530,2.9530,2.9530,2.9530,1,0
20190226,0438,2.9530,2.9530,2.9530,2.9530,1,0
20190226,0439,2.9530,2.9530,2.9530,2.9530,4,0
20190226,0440,2.9530,2.9530,2.9530,2.9530,7,0
20190226,0441,2.9530,2.9530,2.9530,2.9530,2,0
20190226,0442,2.9530,2.9530,2.9530,2.9530,0,0
20190226,0443,2.9530,2.9530,2.9530,2.9530,2,0
20190226,0444,2.9530,2.9530,2.9530,2.9530,1,0
20190226,0445,2.9530,2.9530,2.9530,2.9530,4,0
20190226,0446,2.9530,2.9530,2.9520,2.9520,4,0
20190226,0447,2.9520,2.9530,2.9520,2.9520,2,0
20190226,0448,2.9520,2.9520,2.9520,2.9520,4,0
20190226,0449,2.9520,2.9520,2.9520,2.9520,19,0
20190226,0450,2.9530,2.9530,2.9520,2.9520,40,0
20190226,0451,2.9520,2.9520,2.9520,2.9520,2,0
20190226,0452,2.9520,2.9520,2.9500,2.9500,309,0
20190226,0453,2.9500,2.9500,2.9500,2.9500,2,0
20190226,0454,2.9500,2.9500,2.9500,2.9500,3,0
20190226,0455,2.9500,2.9500,2.9500,2.9500,3,0
20190226,0456,2.9500,2.9500,2.9500,2.9500,5,0
20190226,0457,2.9500,2.9500,2.9500,2.9500,3,0
20190226,0458,2.9500,2.9500,2.9500,2.9500,4,0
20190226,0459,2.9500,2.9500,2.9490,2.9490,20,0
20190226,0500,2.9490,2.9490,2.9490,2.9490,7,0
20190226,0501,2.9490,2.9490,2.9490,2.9490,8,0
20190226,0502,2.9490,2.9490,2.9490,2.9490,78,0
20190226,0503,2.9490,2.9490,2.9480,2.9490,4,0
20190226,0504,2.9490,2.9490,2.9490,2.9490,2,0
20190226,0505,2.9490,2.9490,2.9490,2.9490,4,0
20190226,0506,2.9490,2.9490,2.9490,2.9490,10,0
20190226,0507,2.9490,2.9490,2.9490,2.9490,5,0
20190226,0508,2.9490,2.9490,2.9490,2.9490,4,0
20190226,0509,2.9490,2.9490,2.9490,2.9490,0,0
20190226,0510,2.9490,2.9490,2.9490,2.9490,0,0
20190226,0511,2.9490,2.9500,2.9490,2.9500,12,0
20190226,0512,2.9500,2.9500,2.9500,2.9500,2,0
20190226,0513,2.9500,2.9500,2.9500,2.9500,3,0
20190226,0514,2.9500,2.9500,2.9500,2.9500,1,0
20190226,0515,2.9500,2.9500,2.9500,2.9500,2,0
20190226,0516,2.9500,2.9500,2.9500,2.9500,4,0
20190226,0517,2.9490,2.9500,2.9490,2.9500,6,0
20190226,0518,2.9500,2.9500,2.9500,2.9500,1,0
20190226,0519,2.9500,2.9500,2.9500,2.9500,0,0
20190226,0520,2.9500,2.9500,2.9500,2.9500,5,0
20190226,0521,2.9500,2.9500,2.9500,2.9500,3,0
20190226,0522,2.9490,2.9500,2.9490,2.9500,3,0
20190226,0523,2.9500,2.9500,2.9500,2.9500,3,0
20190226,0524,2.9500,2.9500,2.9500,2.9500,1,0
20190226,0525,2.9500,2.9500,2.9500,2.9500,6,0
20190226,0526,2.9500,2.9500,2.9500,2.9500,0,0
20190226,0527,2.9500,2.9500,2.9500,2.9500,0,0
20190226,0528,2.9500,2.9500,2.9500,2.9500,1,0
20190226,0529,2.9500,2.9500,2.9490,2.9490,8,0
20190226,0530,2.9500,2.9500,2.9500,2.9500,5,0
20190226,0531,2.9500,2.9500,2.9500,2.9500,40,0
20190226,0532,2.9500,2.9500,2.9500,2.9500,0,0
20190226,0533,2.9500,2.9500,2.9500,2.9500,3,0
20190226,0534,2.9500,2.9500,2.9500,2.9500,1,0
20190226,0535,2.9500,2.9500,2.9490,2.9490,2,0
20190226,0536,2.9490,2.9490,2.9490,2.9490,0,0
20190226,0537,2.9490,2.9490,2.9490,2.9490,0,0
20190226,0538,2.9490,2.9500,2.9490,2.9500,1,0
20190226,0539,2.9500,2.9500,2.9500,2.9500,2,0
20190226,0540,2.9500,2.9500,2.9500,2.9500,2,0
20190226,0541,2.9500,2.9500,2.9500,2.9500,0,0
20190226,0542,2.9500,2.9500,2.9500,2.9500,0,0
20190226,0543,2.9500,2.9510,2.9500,2.9510,12,0
20190226,0544,2.9510,2.9510,2.9510,2.9510,0,0
20190226,0545,2.9500,2.9500,2.9500,2.9500,22,0
20190226,0547,2.9500,2.9500,2.9500,2.9500,0,0
20190226,0548,2.9500,2.9500,2.9500,2.9500,0,0
20190226,0549,2.9500,2.9500,2.9500,2.9500,3,0
20190226,0550,2.9500,2.9510,2.9500,2.9510,3,0
20190226,0551,2.9510,2.9510,2.9510,2.9510,0,0
20190226,0552,2.9510,2.9510,2.9510,2.9510,0,0
20190226,0553,2.9510,2.9510,2.9510,2.9510,5,0
20190226,0554,2.9500,2.9510,2.9500,2.9510,3,0
20190226,0555,2.9510,2.9510,2.9500,2.9500,3,0
20190226,0556,2.9500,2.9500,2.9500,2.9500,2,0
20190226,0557,2.9500,2.9500,2.9500,2.9500,7,0
20190226,0558,2.9500,2.9510,2.9500,2.9510,2,0
20190226,0559,2.9510,2.9510,2.9500,2.9500,8,0
20190226,0600,2.9500,2.9500,2.9500,2.9500,0,0
20190226,0605,2.9500,2.9500,2.9500,2.9500,0,0
20190226,0620,2.9500,2.9500,2.9500,2.9500,0,0
20190226,0629,2.9500,2.9500,2.9500,2.9500,0,0
20190226,0700,2.9530,2.9530,2.9520,2.9520,36,0
20190226,0701,2.9520,2.9530,2.9520,2.9520,24,0
20190226,0702,2.9520,2.9520,2.9500,2.9500,10,0
20190226,0703,2.9500,2.9510,2.9500,2.9510,13,0
20190226,0704,2.9510,2.9520,2.9510,2.9510,15,0
20190226,0705,2.9510,2.9510,2.9500,2.9500,19,0
20190226,0706,2.9500,2.9500,2.9500,2.9500,5,0
20190226,0707,2.9500,2.9500,2.9490,2.9490,5,0
20190226,0708,2.9490,2.9500,2.9480,2.9500,54,0
20190226,0709,2.9500,2.9500,2.9490,2.9490,10,0
20190226,0710,2.9490,2.9490,2.9490,2.9490,3,0
20190226,0711,2.9490,2.9490,2.9490,2.9490,2,0
20190226,0712,2.9490,2.9500,2.9490,2.9500,5,0
20190226,0713,2.9500,2.9500,2.9500,2.9500,0,0
20190226,0714,2.9500,2.9500,2.9500,2.9500,1,0
20190226,0715,2.9500,2.9500,2.9490,2.9490,3,0
20190226,0716,2.9490,2.9490,2.9490,2.9490,0,0
20190226,0717,2.9490,2.9490,2.9490,2.9490,21,0
20190226,0718,2.9490,2.9490,2.9490,2.9490,17,0
20190226,0719,2.9490,2.9490,2.9490,2.9490,3,0
20190226,0720,2.9490,2.9490,2.9490,2.9490,1,0
20190226,0721,2.9490,2.9490,2.9490,2.9490,5,0
20190226,0722,2.9490,2.9490,2.9490,2.9490,6,0
20190226,0723,2.9490,2.9490,2.9490,2.9490,0,0
20190226,0724,2.9490,2.9490,2.9490,2.9490,13,0
20190226,0725,2.9490,2.9490,2.9490,2.9490,7,0
20190226,0726,2.9490,2.9490,2.9490,2.9490,0,0
20190226,0727,2.9490,2.9490,2.9490,2.9490,5,0
20190226,0728,2.9490,2.9490,2.9490,2.9490,5,0
20190226,0729,2.9490,2.9490,2.9490,2.9490,1,0
20190226,0730,2.9490,2.9490,2.9490,2.9490,0,0
20190226,0731,2.9490,2.9490,2.9490,2.9490,4,0
20190226,0732,2.9490,2.9490,2.9480,2.9490,2,0
20190226,0733,2.9490,2.9490,2.9480,2.9490,6,0
20190226,0734,2.9490,2.9490,2.9490,2.9490,2,0
20190226,0735,2.9490,2.9490,2.9490,2.9490,1,0
20190226,0736,2.9490,2.9490,2.9490,2.9490,0,0
20190226,0738,2.9490,2.9490,2.9490,2.9490,2,0
20190226,0739,2.9490,2.9490,2.9490,2.9490,3,0
20190226,0740,2.9490,2.9490,2.9490,2.9490,0,0
20190226,0741,2.9490,2.9490,2.9490,2.9490,1,0
20190226,0742,2.9490,2.9490,2.9490,2.9490,3,0
20190226,0743,2.9490,2.9490,2.9490,2.9490,3,0
20190226,0744,2.9490,2.9490,2.9490,2.9490,1,0
20190226,0745,2.9490,2.9490,2.9490,2.9490,1,0
20190226,0746,2.9490,2.9490,2.9490,2.9490,0,0
20190226,0747,2.9490,2.9490,2.9490,2.9490,0,0
20190226,0748,2.9490,2.9490,2.9490,2.9490,6,0
20190226,0749,2.9490,2.9490,2.9490,2.9490,2,0
20190226,0750,2.9490,2.9490,2.9490,2.9490,2,0
20190226,0751,2.9490,2.9490,2.9490,2.9490,0,0
20190226,0752,2.9490,2.9490,2.9490,2.9490,0,0
20190226,0753,2.9490,2.9490,2.9490,2.9490,3,0
20190226,0754,2.9490,2.9490,2.9490,2.9490,1,0
20190226,0755,2.9490,2.9490,2.9490,2.9490,3,0
20190226,0756,2.9490,2.9490,2.9490,2.9490,6,0
20190226,0757,2.9490,2.9500,2.9490,2.9500,15,0
20190226,0758,2.9500,2.9500,2.9500,2.9500,10,0
20190226,0759,2.9500,2.9500,2.9500,2.9500,5,0
20190226,0800,2.9500,2.9500,2.9500,2.9500,9,0
20190226,0802,2.9500,2.9500,2.9490,2.9490,8,0
20190226,0803,2.9490,2.9490,2.9490,2.9490,4,0
20190226,0804,2.9490,2.9500,2.9490,2.9490,2,0
20190226,0805,2.9490,2.9500,2.9490,2.9500,4,0
20190226,0806,2.9500,2.9500,2.9490,2.9490,8,0
20190226,0807,2.9490,2.9500,2.9490,2.9490,2,0
20190226,0808,2.9490,2.9490,2.9490,2.9490,2,0
20190226,0809,2.9490,2.9490,2.9490,2.9490,2,0
20190226,0810,2.9490,2.9490,2.9490,2.9490,2,0
20190226,0811,2.9500,2.9500,2.9490,2.9490,3,0
20190226,0812,2.9500,2.9500,2.9490,2.9490,2,0
20190226,0813,2.9500,2.9500,2.9490,2.9490,2,0
20190226,0814,2.9500,2.9500,2.9490,2.9490,8,0
20190226,0815,2.9490,2.9490,2.9490,2.9490,7,0
20190226,0816,2.9490,2.9490,2.9470,2.9470,16,0
20190226,0817,2.9470,2.9480,2.9470,2.9480,4,0
20190226,0818,2.9480,2.9490,2.9480,2.9490,10,0
20190226,0819,2.9480,2.9480,2.9480,2.9480,1,0
20190226,0820,2.9490,2.9490,2.9480,2.9480,3,0
20190226,0821,2.9480,2.9490,2.9480,2.9490,5,0
20190226,0822,2.9490,2.9490,2.9480,2.9480,18,0
20190226,0823,2.9480,2.9480,2.9480,2.9480,2,0
20190226,0824,2.9480,2.9480,2.9480,2.9480,3,0
20190226,0825,2.9480,2.9490,2.9480,2.9490,6,0
20190226,0826,2.9490,2.9500,2.9490,2.9500,8,0
20190226,0827,2.9500,2.9500,2.9490,2.9490,25,0
20190226,0828,2.9490,2.9490,2.9490,2.9490,2,0
20190226,0829,2.9490,2.9490,2.9480,2.9480,6,0
20190226,0830,2.9480,2.9480,2.9470,2.9470,12,0
20190226,0831,2.9470,2.9470,2.9470,2.9470,3,0
20190226,0832,2.9470,2.9470,2.9470,2.9470,4,0
20190226,0833,2.9470,2.9470,2.9470,2.9470,2,0
20190226,0834,2.9470,2.9480,2.9470,2.9470,9,0
20190226,0835,2.9480,2.9480,2.9480,2.9480,20,0
20190226,0836,2.9480,2.9480,2.9480,2.9480,19,0
20190226,0837,2.9480,2.9480,2.9480,2.9480,5,0
20190226,0847,2.9480,2.9480,2.9480,2.9480,8,0
20190226,0848,2.9480,2.9480,2.9480,2.9480,11,0
20190226,0849,2.9480,2.9480,2.9480,2.9480,4,0
20190226,0850,2.9480,2.9480,2.9480,2.9480,0,0
20190226,0851,2.9480,2.9480,2.9470,2.9480,5,0
20190226,0852,2.9480,2.9480,2.9480,2.9480,3,0
20190226,0853,2.9480,2.9480,2.9470,2.9470,5,0
20190226,0854,2.9470,2.9480,2.9470,2.9470,4,0
20190226,0855,2.9470,2.9470,2.9470,2.9470,2,0
20190226,0856,2.9470,2.9480,2.9470,2.9480,11,0
20190226,0857,2.9480,2.9480,2.9480,2.9480,3,0
20190226,0858,2.9480,2.9480,2.9470,2.9470,5,0
20190226,0859,2.9470,2.9480,2.9470,2.9480,1,0
20190226,0900,2.9490,2.9490,2.9480,2.9480,60,0
20190226,0901,2.9480,2.9500,2.9480,2.9500,40,0
20190226,0902,2.9500,2.9510,2.9500,2.9510,40,0
20190226,0903,2.9510,2.9510,2.9490,2.9500,26,0
20190226,0904,2.9500,2.9510,2.9500,2.9500,18,0
20190226,0905,2.9500,2.9510,2.9500,2.9510,30,0
20190226,0906,2.9510,2.9520,2.9510,2.9510,19,0
20190226,0907,2.9510,2.9520,2.9510,2.9520,9,0
20190226,0908,2.9520,2.9520,2.9500,2.9500,17,0
20190226,0909,2.9500,2.9510,2.9500,2.9510,12,0
20190226,0910,2.9510,2.9510,2.9500,2.9500,14,0
20190226,0911,2.9500,2.9510,2.9500,2.9510,22,0
20190226,0912,2.9510,2.9510,2.9500,2.9500,13,0
20190226,0913,2.9500,2.9510,2.9500,2.9510,5,0
20190226,0914,2.9510,2.9510,2.9500,2.9500,25,0
20190226,0915,2.9500,2.9510,2.9500,2.9500,24,0
20190226,0916,2.9500,2.9500,2.9490,2.9490,15,0
20190226,0917,2.9490,2.9500,2.9490,2.9500,9,0
20190226,0918,2.9500,2.9500,2.9490,2.9500,12,0
20190226,0919,2.9500,2.9500,2.9490,2.9490,27,0
20190226,0920,2.9490,2.9490,2.9470,2.9470,22,0
20190226,0921,2.9470,2.9470,2.9460,2.9460,34,0
20190226,0922,2.9460,2.9470,2.9460,2.9460,22,0
20190226,0923,2.9460,2.9460,2.9460,2.9460,9,0
20190226,0924,2.9460,2.9470,2.9460,2.9460,18,0
20190226,0925,2.9460,2.9460,2.9450,2.9450,11,0
20190226,0926,2.9450,2.9450,2.9450,2.9450,23,0
20190226,0927,2.9450,2.9450,2.9440,2.9440,9,0
20190226,0928,2.9440,2.9450,2.9440,2.9450,33,0
20190226,0929,2.9450,2.9450,2.9440,2.9440,30,0
20190226,0930,2.9440,2.9440,2.9420,2.9420,113,0
20190226,0931,2.9420,2.9420,2.9410,2.9410,45,0
20190226,0932,2.9410,2.9410,2.9410,2.9410,100,0
20190226,0933,2.9400,2.9410,2.9400,2.9410,140,0
20190226,0934,2.9410,2.9410,2.9390,2.9410,53,0
20190226,0935,2.9410,2.9410,2.9400,2.9410,55,0
20190226,0936,2.9410,2.9410,2.9400,2.9410,69,0
20190226,0937,2.9410,2.9410,2.9400,2.9410,56,0
20190226,0938,2.9410,2.9420,2.9410,2.9420,60,0
20190226,0939,2.9420,2.9430,2.9420,2.9430,50,0
20190226,0940,2.9430,2.9430,2.9420,2.9420,13,0
20190226,0941,2.9420,2.9430,2.9420,2.9430,20,0
20190226,0942,2.9430,2.9430,2.9410,2.9410,19,0
20190226,0943,2.9410,2.9420,2.9400,2.9410,17,0
20190226,0944,2.9410,2.9410,2.9400,2.9400,12,0
20190226,0945,2.9400,2.9400,2.9390,2.9390,76,0
20190226,0946,2.9390,2.9400,2.9390,2.9400,31,0
20190226,0947,2.9400,2.9400,2.9390,2.9390,29,0
20190226,0948,2.9390,2.9400,2.9390,2.9390,39,0
20190226,0949,2.9390,2.9390,2.9380,2.9390,11,0
20190226,0950,2.9380,2.9390,2.9380,2.9390,34,0
20190226,0951,2.9390,2.9410,2.9390,2.9410,33,0
20190226,0952,2.9410,2.9410,2.9400,2.9410,8,0
20190226,0953,2.9410,2.9410,2.9410,2.9410,91,0
20190226,0954,2.9410,2.9410,2.9400,2.9400,36,0
20190226,0955,2.9400,2.9420,2.9400,2.9420,74,0
20190226,0956,2.9420,2.9420,2.9410,2.9420,61,0
20190226,0957,2.9420,2.9420,2.9420,2.9420,4,0
20190226,0958,2.9420,2.9420,2.9410,2.9420,27,0
20190226,0959,2.9420,2.9420,2.9420,2.9420,10,0
20190226,1000,2.9420,2.9430,2.9420,2.9430,55,0
20190226,1001,2.9430,2.9430,2.9430,2.9430,16,0
20190226,1002,2.9430,2.9430,2.9420,2.9420,31,0
20190226,1003,2.9420,2.9420,2.9410,2.9410,42,0
20190226,1004,2.9410,2.9420,2.9410,2.9420,16,0
20190226,1005,2.9420,2.9430,2.9420,2.9430,16,0
20190226,1006,2.9430,2.9440,2.9430,2.9440,32,0
20190226,1007,2.9440,2.9440,2.9430,2.9440,37,0
20190226,1008,2.9440,2.9440,2.9420,2.9420,12,0
20190226,1009,2.9420,2.9430,2.9420,2.9430,53,0
20190226,1010,2.9430,2.9440,2.9430,2.9440,13,0
20190226,1011,2.9440,2.9450,2.9430,2.9440,29,0
20190226,1012,2.9440,2.9450,2.9440,2.9440,20,0
20190226,1013,2.9440,2.9440,2.9440,2.9440,7,0
20190226,1014,2.9440,2.9460,2.9440,2.9450,64,0
20190226,1015,2.9450,2.9460,2.9450,2.9460,19,0
20190226,1016,2.9460,2.9460,2.9460,2.9460,5,0
20190226,1017,2.9460,2.9460,2.9450,2.9460,12,0
20190226,1018,2.9460,2.9460,2.9450,2.9450,22,0
20190226,1019,2.9450,2.9460,2.9450,2.9450,11,0
20190226,1020,2.9450,2.9450,2.9450,2.9450,3,0
20190226,1021,2.9450,2.9450,2.9440,2.9440,5,0
20190226,1022,2.9440,2.9450,2.9440,2.9440,6,0
20190226,1023,2.9440,2.9450,2.9440,2.9450,3,0
20190226,1024,2.9450,2.9450,2.9430,2.9430,40,0
20190226,1025,2.9430,2.9440,2.9430,2.9430,17,0
20190226,1026,2.9430,2.9440,2.9420,2.9420,19,0
20190226,1027,2.9420,2.9420,2.9410,2.9410,29,0
20190226,1028,2.9410,2.9420,2.9410,2.9420,14,0
20190226,1029,2.9420,2.9420,2.9420,2.9420,12,0
20190226,1030,2.9430,2.9430,2.9420,2.9430,54,0
20190226,1031,2.9430,2.9440,2.9430,2.9430,40,0
20190226,1032,2.9430,2.9440,2.9430,2.9430,17,0
20190226,1033,2.9430,2.9440,2.9430,2.9430,20,0
20190226,1034,2.9430,2.9430,2.9410,2.9420,8,0
20190226,1035,2.9420,2.9420,2.9410,2.9410,34,0
20190226,1036,2.9410,2.9410,2.9410,2.9410,9,0
20190226,1037,2.9410,2.9410,2.9400,2.9410,32,0
20190226,1038,2.9400,2.9410,2.9400,2.9410,25,0
20190226,1039,2.9410,2.9410,2.9400,2.9400,17,0
20190226,1040,2.9400,2.9400,2.9400,2.9400,43,0
20190226,1041,2.9400,2.9400,2.9390,2.9400,50,0
20190226,1042,2.9400,2.9400,2.9380,2.9390,119,0
20190226,1043,2.9380,2.9390,2.9380,2.9390,27,0
20190226,1044,2.9390,2.9390,2.9380,2.9380,38,0
20190226,1045,2.9380,2.9380,2.9380,2.9380,48,0
20190226,1046,2.9380,2.9390,2.9380,2.9390,31,0
20190226,1047,2.9390,2.9390,2.9380,2.9390,15,0
20190226,1048,2.9390,2.9390,2.9380,2.9390,8,0
20190226,1049,2.9390,2.9390,2.9380,2.9390,30,0
20190226,1050,2.9390,2.9390,2.9390,2.9390,3,0
20190226,1051,2.9390,2.9400,2.9390,2.9390,87,0
20190226,1052,2.9390,2.9410,2.9390,2.9410,73,0
20190226,1053,2.9410,2.9410,2.9400,2.9410,40,0
20190226,1054,2.9410,2.9410,2.9400,2.9410,20,0
20190226,1055,2.9400,2.9410,2.9400,2.9410,45,0
20190226,1056,2.9410,2.9410,2.9400,2.9410,26,0
20190226,1057,2.9410,2.9420,2.9410,2.9410,46,0
20190226,1058,2.9410,2.9420,2.9410,2.9410,2,0
20190226,1059,2.9410,2.9410,2.9400,2.9400,11,0
20190226,1100,2.9410,2.9410,2.9400,2.9410,17,0
20190226,1101,2.9410,2.9410,2.9390,2.9390,47,0
20190226,1102,2.9390,2.9400,2.9390,2.9400,18,0
20190226,1103,2.9400,2.9400,2.9400,2.9400,16,0
20190226,1104,2.9400,2.9410,2.9400,2.9410,19,0
20190226,1105,2.9410,2.9420,2.9410,2.9410,21,0
20190226,1106,2.9410,2.9410,2.9410,2.9410,3,0
20190226,1107,2.9410,2.9410,2.9410,2.9410,8,0
20190226,1108,2.9410,2.9420,2.9410,2.9410,11,0
20190226,1109,2.9410,2.9410,2.9410,2.9410,3,0
20190226,1110,2.9410,2.9420,2.9410,2.9420,28,0
20190226,1111,2.9420,2.9420,2.9400,2.9400,35,0
20190226,1112,2.9400,2.9400,2.9390,2.9390,14,0
20190226,1113,2.9390,2.9400,2.9390,2.9390,6,0
20190226,1114,2.9390,2.9390,2.9380,2.9380,67,0
20190226,1115,2.9380,2.9390,2.9380,2.9380,101,0
20190226,1116,2.9380,2.9390,2.9380,2.9380,35,0
20190226,1117,2.9380,2.9380,2.9370,2.9380,22,0
20190226,1118,2.9380,2.9400,2.9380,2.9400,24,0
20190226,1119,2.9400,2.9400,2.9400,2.9400,27,0
20190226,1120,2.9400,2.9410,2.9400,2.9410,42,0
20190226,1121,2.9410,2.9410,2.9410,2.9410,26,0
20190226,1122,2.9410,2.9410,2.9390,2.9390,33,0
20190226,1123,2.9390,2.9400,2.9390,2.9400,12,0
20190226,1124,2.9400,2.9400,2.9400,2.9400,7,0
20190226,1125,2.9400,2.9410,2.9400,2.9400,12,0
20190226,1126,2.9400,2.9410,2.9400,2.9400,16,0
20190226,1127,2.9400,2.9400,2.9400,2.9400,29,0
20190226,1128,2.9400,2.9410,2.9400,2.9410,6,0
20190226,1129,2.9410,2.9410,2.9410,2.9410,25,0
20190226,1130,2.9410,2.9410,2.9400,2.9410,7,0
20190226,1131,2.9410,2.9410,2.9400,2.9410,4,0
20190226,1132,2.9410,2.9410,2.9400,2.9410,3,0
20190226,1133,2.9410,2.9420,2.9410,2.9410,13,0
20190226,1134,2.9410,2.9420,2.9410,2.9420,9,0
20190226,1135,2.9420,2.9420,2.9410,2.9410,14,0
20190226,1136,2.9410,2.9420,2.9410,2.9410,42,0
20190226,1137,2.9410,2.9420,2.9410,2.9410,9,0
20190226,1138,2.9410,2.9420,2.9410,2.9420,36,0
20190226,1139,2.9420,2.9420,2.9410,2.9420,35,0
20190226,1140,2.9420,2.9420,2.9420,2.9420,15,0
20190226,1141,2.9420,2.9420,2.9420,2.9420,13,0
20190226,1142,2.9420,2.9420,2.9420,2.9420,110,0
20190226,1143,2.9420,2.9430,2.9420,2.9420,6,0
20190226,1144,2.9420,2.9420,2.9420,2.9420,0,0
20190226,1145,2.9420,2.9430,2.9420,2.9430,8,0
20190226,1146,2.9430,2.9430,2.9420,2.9420,6,0
20190226,1147,2.9420,2.9430,2.9420,2.9430,6,0
20190226,1148,2.9430,2.9440,2.9430,2.9430,18,0
20190226,1149,2.9430,2.9430,2.9430,2.9430,19,0
20190226,1150,2.9430,2.9430,2.9430,2.9430,2,0
20190226,1151,2.9430,2.9430,2.9430,2.9430,14,0
20190226,1152,2.9430,2.9430,2.9430,2.9430,4,0
20190226,1153,2.9430,2.9430,2.9420,2.9420,10,0
20190226,1154,2.9420,2.9420,2.9420,2.9420,9,0
20190226,1155,2.9420,2.9430,2.9420,2.9430,1,0
20190226,1156,2.9430,2.9430,2.9430,2.9430,15,0
20190226,1157,2.9430,2.9440,2.9430,2.9440,35,0
20190226,1158,2.9440,2.9440,2.9430,2.9440,24,0
20190226,1159,2.9440,2.9440,2.9430,2.9430,24,0
20190226,1200,2.9430,2.9430,2.9430,2.9430,3,0
20190226,1201,2.9430,2.9430,2.9430,2.9430,5,0
20190226,1202,2.9430,2.9430,2.9430,2.9430,27,0
20190226,1203,2.9430,2.9440,2.9430,2.9440,5,0
20190226,1204,2.9440,2.9440,2.9430,2.9430,9,0
20190226,1205,2.9430,2.9430,2.9430,2.9430,2,0
20190226,1206,2.9430,2.9430,2.9430,2.9430,13,0
20190226,1207,2.9430,2.9430,2.9430,2.9430,0,0
20190226,1208,2.9430,2.9440,2.9430,2.9440,13,0
20190226,1209,2.9440,2.9440,2.9430,2.9430,2,0
20190226,1210,2.9430,2.9430,2.9430,2.9430,3,0
20190226,1211,2.9430,2.9430,2.9430,2.9430,0,0
20190226,1212,2.9430,2.9440,2.9430,2.9430,5,0
20190226,1213,2.9430,2.9440,2.9430,2.9430,4,0
20190226,1214,2.9430,2.9430,2.9420,2.9430,10,0
20190226,1215,2.9430,2.9430,2.9430,2.9430,1,0
20190226,1216,2.9430,2.9430,2.9420,2.9420,11,0
20190226,1217,2.9420,2.9430,2.9420,2.9430,5,0
20190226,1218,2.9430,2.9430,2.9430,2.9430,5,0
20190226,1219,2.9430,2.9430,2.9430,2.9430,8,0
20190226,1220,2.9430,2.9430,2.9430,2.9430,16,0
20190226,1221,2.9430,2.9430,2.9430,2.9430,1,0
20190226,1222,2.9430,2.9440,2.9430,2.9440,11,0
20190226,1223,2.9440,2.9440,2.9440,2.9440,2,0
20190226,1224,2.9440,2.9440,2.9440,2.9440,7,0
20190226,1225,2.9440,2.9440,2.9440,2.9440,3,0
20190226,1226,2.9440,2.9440,2.9440,2.9440,3,0
20190226,1227,2.9440,2.9440,2.9440,2.9440,2,0
20190226,1228,2.9440,2.9440,2.9440,2.9440,3,0
20190226,1229,2.9440,2.9440,2.9440,2.9440,3,0
20190226,1230,2.9440,2.9440,2.9440,2.9440,2,0
20190226,1231,2.9440,2.9440,2.9430,2.9430,6,0
20190226,1232,2.9430,2.9440,2.9430,2.9440,4,0
20190226,1233,2.9440,2.9440,2.9440,2.9440,3,0
20190226,1234,2.9440,2.9440,2.9430,2.9440,2,0
20190226,1235,2.9430,2.9430,2.9430,2.9430,12,0
20190226,1236,2.9430,2.9430,2.9430,2.9430,1,0
20190226,1237,2.9430,2.9430,2.9430,2.9430,0,0
20190226,1238,2.9430,2.9440,2.9430,2.9440,2,0
20190226,1239,2.9440,2.9440,2.9440,2.9440,2,0
20190226,1240,2.9440,2.9440,2.9440,2.9440,2,0
20190226,1241,2.9440,2.9440,2.9440,2.9440,2,0
20190226,1242,2.9440,2.9440,2.9440,2.9440,15,0
20190226,1243,2.9440,2.9440,2.9440,2.9440,4,0
20190226,1244,2.9440,2.9440,2.9440,2.9440,4,0
20190226,1245,2.9440,2.9440,2.9440,2.9440,0,0
20190226,1246,2.9440,2.9440,2.9440,2.9440,0,0
20190226,1247,2.9440,2.9440,2.9440,2.9440,1,0
20190226,1248,2.9440,2.9440,2.9440,2.9440,1,0
20190226,1249,2.9440,2.9440,2.9440,2.9440,3,0
20190226,1250,2.9440,2.9440,2.9430,2.9430,1,0
20190226,1251,2.9430,2.9430,2.9430,2.9430,6,0
20190226,1252,2.9430,2.9430,2.9430,2.9430,3,0
20190226,1253,2.9430,2.9440,2.9430,2.9430,2,0
20190226,1254,2.9430,2.9440,2.9430,2.9440,1,0
20190226,1255,2.9440,2.9440,2.9440,2.9440,2,0
20190226,1256,2.9440,2.9440,2.9440,2.9440,0,0
20190226,1257,2.9440,2.9440,2.9440,2.9440,16,0
20190226,1258,2.9440,2.9440,2.9440,2.9440,10,0
20190226,1259,2.9440,2.9450,2.9440,2.9440,8,0
20190226,1300,2.9440,2.9450,2.9440,2.9450,7,0
20190226,1301,2.9450,2.9450,2.9440,2.9440,5,0
20190226,1302,2.9440,2.9460,2.9440,2.9460,38,0
20190226,1303,2.9460,2.9460,2.9440,2.9450,38,0
20190226,1304,2.9450,2.9450,2.9440,2.9440,30,0
20190226,1305,2.9440,2.9440,2.9440,2.9440,7,0
20190226,1306,2.9440,2.9440,2.9440,2.9440,9,0
20190226,1307,2.9440,2.9440,2.9430,2.9440,17,0
20190226,1308,2.9440,2.9440,2.9440,2.9440,20,0
20190226,1309,2.9440,2.9450,2.9440,2.9450,15,0
20190226,1310,2.9450,2.9460,2.9450,2.9460,14,0
20190226,1311,2.9460,2.9460,2.9450,2.9460,23,0
20190226,1312,2.9460,2.9460,2.9460,2.9460,10,0
20190226,1313,2.9460,2.9460,2.9460,2.9460,6,0
20190226,1314,2.9460,2.9460,2.9460,2.9460,3,0
20190226,1315,2.9460,2.9460,2.9460,2.9460,4,0
20190226,1316,2.9460,2.9460,2.9460,2.9460,7,0
20190226,1317,2.9460,2.9460,2.9460,2.9460,11,0
20190226,1318,2.9460,2.9480,2.9460,2.9470,65,0
20190226,1319,2.9470,2.9470,2.9470,2.9470,32,0
20190226,1320,2.9470,2.9470,2.9460,2.9470,27,0
20190226,1321,2.9470,2.9480,2.9470,2.9470,28,0
20190226,1322,2.9470,2.9470,2.9460,2.9460,13,0
20190226,1323,2.9460,2.9470,2.9460,2.9470,18,0
20190226,1324,2.9470,2.9470,2.9460,2.9470,6,0
20190226,1325,2.9470,2.9470,2.9460,2.9460,2,0
20190226,1326,2.9460,2.9460,2.9460,2.9460,13,0
20190226,1327,2.9460,2.9460,2.9450,2.9450,18,0
20190226,1328,2.9450,2.9450,2.9450,2.9450,21,0
20190226,1329,2.9450,2.9450,2.9450,2.9450,23,0
20190226,1330,2.9450,2.9450,2.9420,2.9420,201,0
20190226,1331,2.9420,2.9440,2.9420,2.9440,33,0
20190226,1332,2.9440,2.9440,2.9430,2.9440,41,0
20190226,1333,2.9440,2.9440,2.9440,2.9440,20,0
20190226,1334,2.9440,2.9440,2.9430,2.9430,50,0
20190226,1335,2.9420,2.9440,2.9420,2.9430,49,0
20190226,1336,2.9430,2.9450,2.9430,2.9440,27,0
20190226,1337,2.9440,2.9440,2.9430,2.9440,19,0
20190226,1338,2.9440,2.9440,2.9430,2.9440,7,0
20190226,1339,2.9440,2.9440,2.9420,2.9420,23,0
20190226,1340,2.9420,2.9420,2.9420,2.9420,56,0
20190226,1341,2.9420,2.9430,2.9420,2.9420,12,0
20190226,1342,2.9420,2.9420,2.9420,2.9420,17,0
20190226,1343,2.9420,2.9430,2.9420,2.9430,15,0
20190226,1344,2.9430,2.9440,2.9430,2.9440,53,0
20190226,1345,2.9440,2.9440,2.9430,2.9430,21,0
20190226,1346,2.9440,2.9440,2.9430,2.9430,8,0
20190226,1347,2.9440,2.9440,2.9420,2.9420,21,0
20190226,1348,2.9420,2.9420,2.9420,2.9420,9,0
20190226,1349,2.9420,2.9440,2.9420,2.9430,29,0
20190226,1350,2.9430,2.9430,2.9430,2.9430,34,0
20190226,1351,2.9430,2.9440,2.9430,2.9440,21,0
20190226,1352,2.9440,2.9440,2.9420,2.9420,16,0
20190226,1353,2.9420,2.9430,2.9420,2.9430,18,0
20190226,1354,2.9430,2.9430,2.9430,2.9430,32,0
20190226,1355,2.9430,2.9450,2.9430,2.9450,35,0
20190226,1356,2.9450,2.9450,2.9440,2.9440,22,0
20190226,1357,2.9440,2.9460,2.9430,2.9430,56,0
20190226,1358,2.9430,2.9460,2.9430,2.9460,40,0
20190226,1359,2.9470,2.9470,2.9460,2.9460,38,0
20190226,1400,2.9460,2.9460,2.9450,2.9460,17,0
20190226,1401,2.9460,2.9460,2.9440,2.9440,44,0
20190226,1402,2.9440,2.9460,2.9440,2.9460,39,0
20190226,1403,2.9460,2.9470,2.9460,2.9460,16,0
20190226,1404,2.9460,2.9460,2.9460,2.9460,30,0
20190226,1405,2.9460,2.9460,2.9460,2.9460,10,0
20190226,1406,2.9460,2.9470,2.9460,2.9470,4,0
20190226,1407,2.9470,2.9470,2.9460,2.9460,9,0
20190226,1408,2.9460,2.9470,2.9460,2.9470,13,0
20190226,1409,2.9470,2.9470,2.9470,2.9470,7,0
20190226,1410,2.9470,2.9480,2.9470,2.9470,25,0
20190226,1411,2.9470,2.9470,2.9460,2.9470,14,0
20190226,1412,2.9470,2.9480,2.9460,2.9480,49,0
20190226,1413,2.9470,2.9470,2.9460,2.9470,52,0
20190226,1414,2.9470,2.9470,2.9460,2.9470,53,0
20190226,1415,2.9470,2.9470,2.9460,2.9470,42,0
20190226,1416,2.9470,2.9470,2.9460,2.9460,30,0
20190226,1417,2.9460,2.9470,2.9460,2.9470,14,0
20190226,1418,2.9470,2.9470,2.9460,2.9460,28,0
20190226,1419,2.9460,2.9460,2.9460,2.9460,21,0
20190226,1420,2.9460,2.9470,2.9460,2.9470,24,0
20190226,1421,2.9470,2.9470,2.9450,2.9460,21,0
20190226,1422,2.9460,2.9460,2.9450,2.9460,17,0
20190226,1423,2.9460,2.9460,2.9450,2.9450,28,0
20190226,1424,2.9450,2.9460,2.9450,2.9450,14,0
20190226,1425,2.9450,2.9450,2.9450,2.9450,22,0
20190226,1426,2.9440,2.9440,2.9430,2.9440,62,0
20190226,1427,2.9430,2.9430,2.9420,2.9430,23,0
20190226,1428,2.9430,2.9440,2.9420,2.9440,52,0
20190226,1429,2.9440,2.9450,2.9440,2.9440,16,0
20190226,1430,2.9440,2.9440,2.9430,2.9430,29,0
20190226,1431,2.9430,2.9440,2.9430,2.9440,18,0
20190226,1432,2.9440,2.9440,2.9420,2.9430,21,0
20190226,1433,2.9430,2.9430,2.9420,2.9420,37,0
20190226,1434,2.9420,2.9420,2.9420,2.9420,57,0
20190226,1435,2.9420,2.9430,2.9420,2.9430,24,0
20190226,1436,2.9430,2.9430,2.9420,2.9430,11,0
20190226,1437,2.9430,2.9440,2.9430,2.9440,7,0
20190226,1438,2.9440,2.9450,2.9440,2.9450,19,0
20190226,1439,2.9450,2.9470,2.9450,2.9460,49,0
20190226,1440,2.9470,2.9490,2.9470,2.9490,87,0
20190226,1441,2.9490,2.9490,2.9480,2.9480,38,0
20190226,1442,2.9480,2.9490,2.9480,2.9490,55,0
20190226,1443,2.9480,2.9490,2.9480,2.9480,38,0
20190226,1444,2.9480,2.9480,2.9470,2.9470,22,0
20190226,1445,2.9470,2.9470,2.9470,2.9470,28,0
20190226,1446,2.9470,2.9470,2.9450,2.9450,96,0
20190226,1447,2.9450,2.9460,2.9440,2.9440,79,0
20190226,1448,2.9440,2.9440,2.9430,2.9440,68,0
20190226,1449,2.9440,2.9440,2.9430,2.9440,37,0
20190226,1450,2.9440,2.9450,2.9430,2.9440,27,0
20190226,1451,2.9440,2.9440,2.9440,2.9440,29,0
20190226,1452,2.9440,2.9450,2.9440,2.9450,18,0
20190226,1453,2.9450,2.9450,2.9440,2.9440,7,0
20190226,1454,2.9440,2.9460,2.9440,2.9450,12,0
20190226,1455,2.9450,2.9450,2.9440,2.9440,9,0
20190226,1456,2.9440,2.9450,2.9440,2.9440,15,0
20190226,1457,2.9440,2.9450,2.9440,2.9450,25,0
20190226,1458,2.9450,2.9460,2.9450,2.9450,29,0
20190226,1459,2.9450,2.9450,2.9440,2.9440,31,0
20190226,1500,2.9440,2.9460,2.9440,2.9460,29,0
20190226,1501,2.9460,2.9460,2.9440,2.9440,72,0
20190226,1502,2.9440,2.9450,2.9440,2.9450,9,0
20190226,1503,2.9450,2.9460,2.9440,2.9440,21,0
20190226,1504,2.9440,2.9450,2.9440,2.9450,14,0
20190226,1505,2.9450,2.9460,2.9450,2.9460,4,0
20190226,1506,2.9460,2.9460,2.9460,2.9460,8,0
20190226,1507,2.9460,2.9460,2.9450,2.9450,9,0
20190226,1508,2.9450,2.9460,2.9450,2.9450,36,0
20190226,1509,2.9450,2.9450,2.9450,2.9450,8,0
20190226,1510,2.9450,2.9460,2.9450,2.9460,50,0
20190226,1511,2.9460,2.9460,2.9460,2.9460,21,0
20190226,1512,2.9460,2.9460,2.9460,2.9460,14,0
20190226,1513,2.9460,2.9470,2.9460,2.9470,10,0
20190226,1514,2.9470,2.9470,2.9450,2.9450,17,0
20190226,1515,2.9450,2.9460,2.9450,2.9460,13,0
20190226,1516,2.9460,2.9470,2.9460,2.9460,190,0
20190226,1517,2.9460,2.9470,2.9460,2.9470,3,0
20190226,1518,2.9470,2.9470,2.9450,2.9450,23,0
20190226,1519,2.9450,2.9460,2.9440,2.9450,50,0
20190226,1520,2.9450,2.9450,2.9450,2.9450,18,0
20190226,1521,2.9450,2.9450,2.9450,2.9450,73,0
20190226,1522,2.9450,2.9450,2.9440,2.9450,32,0
20190226,1523,2.9450,2.9450,2.9430,2.9430,25,0
20190226,1524,2.9430,2.9440,2.9430,2.9440,45,0
20190226,1525,2.9440,2.9440,2.9430,2.9430,15,0
20190226,1526,2.9430,2.9460,2.9430,2.9440,66,0
20190226,1527,2.9440,2.9450,2.9440,2.9440,29,0
20190226,1528,2.9440,2.9440,2.9440,2.9440,8,0
20190226,1529,2.9440,2.9450,2.9440,2.9440,12,0
20190226,1530,2.9440,2.9460,2.9440,2.9450,83,0
20190226,1531,2.9450,2.9460,2.9450,2.9450,64,0
20190226,1532,2.9450,2.9460,2.9440,2.9440,36,0
20190226,1533,2.9440,2.9440,2.9430,2.9430,47,0
20190226,1534,2.9430,2.9440,2.9430,2.9440,30,0
20190226,1535,2.9440,2.9440,2.9430,2.9440,3,0
20190226,1536,2.9440,2.9440,2.9420,2.9430,54,0
20190226,1537,2.9430,2.9430,2.9430,2.9430,30,0
20190226,1538,2.9430,2.9430,2.9430,2.9430,14,0
20190226,1539,2.9430,2.9430,2.9430,2.9430,21,0
20190226,1540,2.9430,2.9430,2.9420,2.9430,30,0
20190226,1541,2.9430,2.9440,2.9430,2.9430,22,0
20190226,1542,2.9430,2.9430,2.9420,2.9420,18,0
20190226,1543,2.9420,2.9430,2.9420,2.9420,37,0
20190226,1544,2.9420,2.9440,2.9420,2.9440,58,0
20190226,1545,2.9440,2.9450,2.9430,2.9440,61,0
20190226,1546,2.9440,2.9450,2.9440,2.9450,66,0
20190226,1547,2.9450,2.9460,2.9450,2.9460,33,0
20190226,1548,2.9460,2.9460,2.9450,2.9460,28,0
20190226,1549,2.9460,2.9460,2.9460,2.9460,62,0
20190226,1550,2.9460,2.9470,2.9460,2.9470,120,0
20190226,1551,2.9470,2.9480,2.9460,2.9470,96,0
20190226,1552,2.9480,2.9480,2.9480,2.9480,75,0
20190226,1553,2.9490,2.9490,2.9480,2.9490,91,0
20190226,1554,2.9490,2.9490,2.9490,2.9490,60,0
20190226,1555,2.9490,2.9500,2.9490,2.9500,76,0
20190226,1556,2.9500,2.9510,2.9500,2.9510,90,0
20190226,1557,2.9500,2.9530,2.9500,2.9520,184,0
20190226,1558,2.9520,2.9530,2.9520,2.9520,70,0
20190226,1559,2.9520,2.9550,2.9520,2.9550,199,0
20190226,1600,2.9570,2.9570,2.9510,2.9520,298,0
20190226,1601,2.9530,2.9540,2.9520,2.9530,37,0
20190226,1602,2.9530,2.9530,2.9510,2.9510,96,0
20190226,1603,2.9510,2.9540,2.9510,2.9520,83,0
20190226,1604,2.9520,2.9530,2.9520,2.9530,15,0
20190226,1605,2.9530,2.9530,2.9520,2.9520,92,0
20190226,1606,2.9520,2.9530,2.9520,2.9520,54,0
20190226,1607,2.9520,2.9530,2.9520,2.9530,29,0
20190226,1608,2.9530,2.9530,2.9520,2.9520,78,0
20190226,1609,2.9520,2.9520,2.9510,2.9520,46,0
20190226,1610,2.9520,2.9530,2.9520,2.9530,15,0
20190226,1611,2.9530,2.9530,2.9520,2.9530,22,0
20190226,1612,2.9530,2.9530,2.9510,2.9520,31,0
20190226,1613,2.9520,2.9520,2.9510,2.9520,94,0
20190226,1614,2.9510,2.9530,2.9510,2.9530,55,0
20190226,1615,2.9530,2.9530,2.9520,2.9520,15,0
20190226,1616,2.9520,2.9520,2.9520,2.9520,7,0
20190226,1617,2.9520,2.9520,2.9510,2.9510,21,0
20190226,1618,2.9510,2.9530,2.9510,2.9530,53,0
20190226,1619,2.9530,2.9530,2.9510,2.9510,51,0
20190226,1620,2.9510,2.9530,2.9510,2.9530,56,0
20190226,1621,2.9530,2.9540,2.9530,2.9540,41,0
20190226,1622,2.9540,2.9540,2.9540,2.9540,26,0
20190226,1623,2.9540,2.9540,2.9540,2.9540,62,0
20190226,1624,2.9540,2.9550,2.9540,2.9550,20,0
20190226,1625,2.9550,2.9550,2.9540,2.9550,29,0
20190226,1626,2.9550,2.9550,2.9540,2.9540,23,0
20190226,1627,2.9540,2.9540,2.9530,2.9530,57,0
20190226,1628,2.9530,2.9530,2.9530,2.9530,17,0
20190226,1629,2.9530,2.9530,2.9530,2.9530,24,0
20190226,1630,2.9530,2.9540,2.9530,2.9540,58,0
20190226,1631,2.9540,2.9540,2.9530,2.9540,14,0
20190226,1632,2.9540,2.9550,2.9540,2.9550,62,0
20190226,1633,2.9550,2.9560,2.9550,2.9560,28,0
20190226,1634,2.9560,2.9560,2.9550,2.9550,42,0
20190226,1635,2.9550,2.9560,2.9550,2.9550,41,0
20190226,1636,2.9550,2.9550,2.9540,2.9540,37,0
20190226,1637,2.9540,2.9550,2.9530,2.9530,107,0
20190226,1638,2.9530,2.9540,2.9530,2.9530,52,0
20190226,1639,2.9530,2.9530,2.9520,2.9530,86,0
20190226,1640,2.9530,2.9540,2.9520,2.9520,38,0
20190226,1641,2.9520,2.9530,2.9520,2.9520,27,0
20190226,1642,2.9520,2.9520,2.9510,2.9520,43,0
20190226,1643,2.9520,2.9520,2.9510,2.9510,70,0
20190226,1644,2.9510,2.9520,2.9510,2.9520,20,0
20190226,1645,2.9520,2.9520,2.9520,2.9520,10,0
20190226,1646,2.9520,2.9520,2.9500,2.9510,106,0
20190226,1647,2.9500,2.9510,2.9500,2.9510,70,0
20190226,1648,2.9510,2.9510,2.9510,2.9510,24,0
20190226,1649,2.9510,2.9520,2.9510,2.9520,10,0
20190226,1650,2.9520,2.9520,2.9510,2.9510,27,0
20190226,1651,2.9510,2.9510,2.9510,2.9510,5,0
20190226,1652,2.9510,2.9510,2.9500,2.9500,24,0
20190226,1653,2.9500,2.9510,2.9500,2.9510,13,0
20190226,1654,2.9510,2.9520,2.9510,2.9520,39,0
20190226,1655,2.9520,2.9520,2.9510,2.9520,26,0
20190226,1656,2.9520,2.9520,2.9510,2.9510,5,0
20190226,1657,2.9510,2.9520,2.9510,2.9510,24,0
20190226,1658,2.9510,2.9520,2.9510,2.9520,23,0
20190226,1659,2.9520,2.9520,2.9510,2.9510,15,0
20190226,1700,2.9510,2.9520,2.9510,2.9520,40,0
20190226,1701,2.9520,2.9520,2.9520,2.9520,19,0
20190226,1702,2.9520,2.9530,2.9520,2.9530,71,0
20190226,1703,2.9530,2.9530,2.9530,2.9530,62,0
20190226,1704,2.9530,2.9530,2.9520,2.9520,26,0
20190226,1705,2.9520,2.9520,2.9520,2.9520,2,0
20190226,1706,2.9520,2.9520,2.9520,2.9520,18,0
20190226,1707,2.9520,2.9520,2.9520,2.9520,19,0
20190226,1708,2.9520,2.9540,2.9520,2.9540,19,0
20190226,1709,2.9540,2.9540,2.9530,2.9530,19,0
20190226,1710,2.9530,2.9540,2.9530,2.9540,25,0
20190226,1711,2.9540,2.9540,2.9540,2.9540,14,0
20190227,2344,2.9560,2.9570,2.9560,2.9570,98,0
20190227,2345,2.9570,2.9590,2.9570,2.9590,228,0
20190227,2346,2.9590,2.9590,2.9570,2.9570,153,0
20190227,2347,2.9570,2.9570,2.9560,2.9560,61,0
20190227,2348,2.9560,2.9560,2.9540,2.9550,174,0
20190227,2349,2.9550,2.9560,2.9550,2.9550,35,0
20190227,2350,2.9550,2.9550,2.9550,2.9550,74,0
20190227,2351,2.9550,2.9550,2.9550,2.9550,86,0
20190227,2352,2.9540,2.9560,2.9530,2.9560,115,0
20190227,2353,2.9560,2.9570,2.9560,2.9560,42,0
20190227,2354,2.9560,2.9570,2.9560,2.9570,49,0
20190227,2355,2.9570,2.9570,2.9560,2.9560,76,0
20190227,2356,2.9560,2.9560,2.9550,2.9550,231,0
20190227,2357,2.9550,2.9580,2.9550,2.9570,76,0
20190227,2358,2.9570,2.9580,2.9570,2.9580,124,0
20190227,2359,2.9580,2.9580,2.9570,2.9570,37,0
20190228,0000,2.9570,2.9590,2.9560,2.9590,110,0
20190228,0001,2.9590,2.9590,2.9560,2.9560,146,0
20190228,0002,2.9560,2.9570,2.9550,2.9550,72,0
20190228,0003,2.9550,2.9560,2.9540,2.9560,146,0
20190228,0004,2.9560,2.9570,2.9560,2.9560,42,0
20190228,0005,2.9560,2.9570,2.9550,2.9560,54,0
20190228,0006,2.9560,2.9570,2.9560,2.9570,79,0
20190228,0007,2.9570,2.9570,2.9570,2.9570,60,0
20190228,0008,2.9570,2.9580,2.9570,2.9570,51,0
20190228,0009,2.9570,2.9600,2.9570,2.9600,134,0
20190228,0010,2.9600,2.9600,2.9590,2.9590,74,0
20190228,0011,2.9590,2.9590,2.9570,2.9580,89,0
20190228,0012,2.9580,2.9580,2.9560,2.9560,77,0
20190228,0013,2.9560,2.9570,2.9550,2.9560,112,0
20190228,0014,2.9560,2.9570,2.9560,2.9570,48,0
20190228,0015,2.9570,2.9570,2.9560,2.9560,77,0
20190228,0016,2.9560,2.9560,2.9550,2.9550,60,0
20190228,0017,2.9550,2.9550,2.9540,2.9550,111,0
20190228,0018,2.9550,2.9550,2.9520,2.9520,230,0
20190228,0019,2.9520,2.9540,2.9520,2.9540,316,0
20190228,0020,2.9540,2.9540,2.9540,2.9540,10,0
20190228,0719,2.9660,2.9660,2.9660,2.9660,5,0
20190228,0720,2.9660,2.9660,2.9660,2.9660,3,0
20190228,0721,2.9660,2.9670,2.9660,2.9660,13,0
20190228,0722,2.9670,2.9670,2.9670,2.9670,8,0
20190228,0723,2.9670,2.9670,2.9670,2.9670,0,0
20190228,0724,2.9670,2.9670,2.9660,2.9660,18,0
20190228,0725,2.9660,2.9660,2.9660,2.9660,0,0
20190228,0726,2.9660,2.9660,2.9660,2.9660,3,0
20190228,0727,2.9660,2.9660,2.9660,2.9660,0,0
20190228,0728,2.9660,2.9660,2.9660,2.9660,4,0
20190228,0729,2.9660,2.9660,2.9660,2.9660,13,0
20190228,0730,2.9660,2.9670,2.9660,2.9670,4,0
20190228,0731,2.9670,2.9670,2.9660,2.9660,4,0
20190228,0732,2.9660,2.9670,2.9660,2.9670,4,0
20190228,0734,2.9660,2.9660,2.9660,2.9660,2,0
20190228,0735,2.9660,2.9660,2.9660,2.9660,1,0
20190228,0736,2.9660,2.9660,2.9660,2.9660,14,0
20190228,0737,2.9660,2.9660,2.9660,2.9660,6,0
20190228,0738,2.9660,2.9670,2.9660,2.9670,1,0
20190228,0739,2.9660,2.9660,2.9660,2.9660,1,0
20190228,0740,2.9670,2.9670,2.9670,2.9670,2,0
20190228,0741,2.9670,2.9670,2.9670,2.9670,0,0
20190228,0742,2.9670,2.9670,2.9670,2.9670,1,0
20190228,0743,2.9670,2.9670,2.9670,2.9670,3,0
20190228,0744,2.9670,2.9670,2.9670,2.9670,0,0
20190228,0745,2.9670,2.9670,2.9660,2.9660,3,0
20190228,0746,2.9660,2.9660,2.9660,2.9660,0,0
20190228,0747,2.9660,2.9660,2.9660,2.9660,1,0
20190228,0748,2.9670,2.9670,2.9670,2.9670,2,0
20190228,0749,2.9660,2.9660,2.9660,2.9660,3,0
20190228,0750,2.9660,2.9670,2.9660,2.9670,13,0
20190228,0751,2.9670,2.9670,2.9660,2.9660,4,0
20190228,0752,2.9660,2.9660,2.9660,2.9660,0,0
20190228,0754,2.9660,2.9670,2.9660,2.9670,3,0
20190228,0755,2.9670,2.9670,2.9670,2.9670,2,0
20190228,0756,2.9670,2.9670,2.9660,2.9660,3,0
20190228,0757,2.9660,2.9660,2.9660,2.9660,1,0
20190228,0758,2.9660,2.9670,2.9660,2.9670,4,0
20190228,0759,2.9670,2.9670,2.9670,2.9670,10,0
20190228,0800,2.9670,2.9670,2.9660,2.9660,3,0
20190228,0801,2.9660,2.9660,2.9650,2.9650,10,0
20190228,0802,2.9650,2.9650,2.9650,2.9650,1,0
20190228,0803,2.9650,2.9650,2.9650,2.9650,11,0
20190228,0804,2.9650,2.9650,2.9650,2.9650,3,0
20190228,0805,2.9650,2.9650,2.9650,2.9650,4,0
20190228,0806,2.9650,2.9650,2.9650,2.9650,14,0
20190228,0807,2.9650,2.9650,2.9650,2.9650,8,0
20190228,0808,2.9650,2.9650,2.9650,2.9650,2,0
20190228,0809,2.9650,2.9650,2.9650,2.9650,1,0
20190228,0810,2.9650,2.9650,2.9650,2.9650,3,0
20190228,0811,2.9650,2.9650,2.9650,2.9650,2,0
20190228,0812,2.9650,2.9650,2.9650,2.9650,20,0
20190228,0813,2.9650,2.9650,2.9640,2.9640,7,0
20190228,0814,2.9640,2.9650,2.9640,2.9640,16,0
20190228,0815,2.9640,2.9640,2.9640,2.9640,3,0
20190228,0816,2.9640,2.9640,2.9640,2.9640,9,0
20190228,0817,2.9640,2.9640,2.9640,2.9640,11,0
20190228,0818,2.9640,2.9650,2.9640,2.9650,1,0
20190228,0819,2.9650,2.9650,2.9640,2.9650,7,0
20190228,0820,2.9650,2.9650,2.9640,2.9640,3,0
20190228,0821,2.9640,2.9640,2.9640,2.9640,0,0
20190228,0822,2.9640,2.9640,2.9640,2.9640,2,0
20190228,0823,2.9640,2.9650,2.9640,2.9650,4,0
20190228,0824,2.9650,2.9650,2.9650,2.9650,7,0
20190228,0825,2.9650,2.9650,2.9650,2.9650,8,0
20190228,0826,2.9640,2.9640,2.9630,2.9630,44,0
20190228,0827,2.9630,2.9630,2.9630,2.9630,37,0
20190228,0828,2.9630,2.9630,2.9620,2.9630,19,0
20190228,0829,2.9620,2.9620,2.9620,2.9620,34,0
20190228,0830,2.9620,2.9650,2.9620,2.9640,46,0
20190228,0831,2.9640,2.9640,2.9630,2.9640,10,0
20190228,0832,2.9630,2.9640,2.9630,2.9630,15,0
20190228,0833,2.9630,2.9640,2.9630,2.9640,14,0
20190228,0834,2.9640,2.9650,2.9640,2.9650,3,0
20190228,0835,2.9640,2.9640,2.9640,2.9640,5,0
20190228,0836,2.9640,2.9640,2.9640,2.9640,3,0
20190228,0837,2.9640,2.9640,2.9630,2.9640,10,0
20190228,0838,2.9640,2.9640,2.9630,2.9640,11,0
20190228,0839,2.9640,2.9640,2.9640,2.9640,5,0
20190228,0840,2.9640,2.9640,2.9640,2.9640,7,0
20190228,0841,2.9640,2.9650,2.9640,2.9650,24,0
20190228,0842,2.9650,2.9650,2.9640,2.9640,4,0
20190228,0843,2.9640,2.9640,2.9640,2.9640,4,0
20190228,0844,2.9640,2.9640,2.9640,2.9640,4,0
20190228,0845,2.9640,2.9640,2.9640,2.9640,2,0
20190228,0846,2.9640,2.9650,2.9640,2.9640,12,0
20190228,0847,2.9640,2.9650,2.9640,2.9650,4,0
20190228,0848,2.9650,2.9650,2.9650,2.9650,2,0
20190228,0849,2.9650,2.9650,2.9640,2.9640,4,0
20190228,0850,2.9640,2.9650,2.9640,2.9650,1,0
20190228,0851,2.9650,2.9650,2.9640,2.9640,6,0
20190228,0852,2.9640,2.9640,2.9640,2.9640,3,0
20190228,0853,2.9640,2.9640,2.9640,2.9640,10,0
20190228,0854,2.9640,2.9640,2.9630,2.9630,14,0
20190228,0855,2.9630,2.9640,2.9630,2.9630,15,0
20190228,0856,2.9630,2.9630,2.9630,2.9630,3,0
20190228,0857,2.9630,2.9640,2.9630,2.9630,3,0
20190228,0858,2.9640,2.9640,2.9640,2.9640,6,0
20190228,0859,2.9640,2.9640,2.9610,2.9620,157,0
20190228,0900,2.9610,2.9620,2.9610,2.9620,216,0
20190228,0901,2.9620,2.9630,2.9610,2.9620,172,0
20190228,0902,2.9620,2.9630,2.9600,2.9600,185,0
20190228,0903,2.9600,2.9610,2.9590,2.9590,171,0
20190228,0904,2.9590,2.9590,2.9580,2.9590,95,0
20190228,0905,2.9590,2.9620,2.9590,2.9620,152,0
20190228,0906,2.9620,2.9620,2.9610,2.9620,32,0
20190228,0907,2.9620,2.9630,2.9620,2.9630,29,0
20190228,0908,2.9630,2.9640,2.9630,2.9630,50,0
20190228,0909,2.9630,2.9650,2.9630,2.9640,104,0
20190228,0910,2.9640,2.9640,2.9640,2.9640,17,0
20190228,0911,2.9640,2.9640,2.9640,2.9640,21,0
20190228,0912,2.9640,2.9640,2.9640,2.9640,23,0
20190228,0913,2.9640,2.9640,2.9640,2.9640,65,0
20190228,0914,2.9640,2.9640,2.9640,2.9640,22,0
20190228,0915,2.9640,2.9640,2.9620,2.9630,49,0
20190228,0916,2.9620,2.9640,2.9620,2.9640,30,0
20190228,0917,2.9640,2.9640,2.9630,2.9630,60,0
20190228,0918,2.9630,2.9630,2.9620,2.9620,47,0
20190228,0919,2.9630,2.9630,2.9620,2.9620,17,0
20190228,0920,2.9620,2.9620,2.9610,2.9610,32,0
20190228,0921,2.9610,2.9610,2.9610,2.9610,18,0
20190228,0922,2.9610,2.9610,2.9600,2.9610,18,0
20190228,0923,2.9600,2.9610,2.9600,2.9610,73,0
20190228,0924,2.9610,2.9610,2.9600,2.9600,48,0
20190228,0925,2.9600,2.9610,2.9600,2.9600,8,0
20190228,0926,2.9600,2.9610,2.9600,2.9610,15,0
20190228,0927,2.9610,2.9610,2.9600,2.9600,27,0
20190228,0928,2.9600,2.9600,2.9600,2.9600,13,0
20190228,0929,2.9600,2.9600,2.9590,2.9600,22,0
20190228,0930,2.9600,2.9610,2.9600,2.9600,15,0
20190228,0931,2.9600,2.9620,2.9600,2.9610,37,0
20190228,0932,2.9610,2.9610,2.9610,2.9610,10,0
20190228,0933,2.9610,2.9620,2.9600,2.9620,78,0
20190228,0934,2.9620,2.9620,2.9620,2.9620,41,0
20190228,0935,2.9630,2.9630,2.9610,2.9620,41,0
20190228,0936,2.9620,2.9620,2.9600,2.9610,11,0
20190228,0937,2.9610,2.9610,2.9590,2.9590,49,0
20190228,0938,2.9590,2.9590,2.9580,2.9580,49,0
20190228,0939,2.9580,2.9590,2.9580,2.9590,26,0
20190228,0940,2.9590,2.9590,2.9590,2.9590,53,0
20190228,0941,2.9590,2.9590,2.9580,2.9580,38,0
20190228,0942,2.9580,2.9590,2.9580,2.9580,67,0
20190228,0943,2.9580,2.9590,2.9580,2.9590,35,0
20190228,0944,2.9580,2.9580,2.9580,2.9580,34,0
20190228,0945,2.9580,2.9600,2.9580,2.9600,78,0
20190228,0946,2.9600,2.9600,2.9600,2.9600,15,0
20190228,0947,2.9600,2.9600,2.9590,2.9590,20,0
20190228,0948,2.9590,2.9600,2.9590,2.9600,17,0
20190228,0949,2.9600,2.9600,2.9600,2.9600,24,0
20190228,0950,2.9600,2.9610,2.9600,2.9610,28,0
20190228,0951,2.9610,2.9610,2.9600,2.9600,46,0
20190228,0952,2.9600,2.9620,2.9600,2.9610,59,0
20190228,0953,2.9610,2.9610,2.9600,2.9600,43,0
20190228,0954,2.9600,2.9610,2.9600,2.9600,30,0
20190228,0955,2.9610,2.9610,2.9600,2.9600,25,0
20190228,0956,2.9600,2.9610,2.9600,2.9610,14,0
20190228,0957,2.9610,2.9610,2.9610,2.9610,8,0
20190228,0958,2.9610,2.9620,2.9610,2.9610,52,0
20190228,0959,2.9610,2.9620,2.9610,2.9620,18,0
20190228,1000,2.9620,2.9620,2.9610,2.9610,17,0
20190228,1001,2.9610,2.9610,2.9600,2.9600,28,0
20190228,1002,2.9600,2.9610,2.9600,2.9610,26,0
20190228,1003,2.9610,2.9610,2.9590,2.9590,68,0
20190228,1004,2.9590,2.9590,2.9590,2.9590,28,0
20190228,1005,2.9590,2.9600,2.9580,2.9580,68,0
20190228,1006,2.9580,2.9580,2.9580,2.9580,60,0
20190228,1007,2.9580,2.9590,2.9580,2.9580,54,0
20190228,1008,2.9590,2.9590,2.9580,2.9580,46,0
20190228,1009,2.9580,2.9590,2.9580,2.9590,12,0
20190228,1010,2.9590,2.9590,2.9590,2.9590,21,0
20190228,1011,2.9590,2.9600,2.9590,2.9600,6,0
20190228,1012,2.9600,2.9600,2.9590,2.9600,14,0
20190228,1013,2.9600,2.9600,2.9590,2.9600,20,0
20190228,1014,2.9600,2.9600,2.9590,2.9600,30,0
20190228,1015,2.9600,2.9600,2.9600,2.9600,8,0
20190228,1016,2.9610,2.9610,2.9600,2.9610,29,0
20190228,1017,2.9610,2.9610,2.9600,2.9600,15,0
20190228,1018,2.9600,2.9610,2.9600,2.9610,4,0
20190228,1019,2.9610,2.9610,2.9600,2.9610,10,0
20190228,1020,2.9610,2.9610,2.9610,2.9610,8,0
20190228,1021,2.9610,2.9610,2.9610,2.9610,4,0
20190228,1022,2.9610,2.9610,2.9600,2.9610,12,0
20190228,1023,2.9610,2.9610,2.9610,2.9610,16,0
20190228,1024,2.9610,2.9610,2.9610,2.9610,10,0
20190228,1025,2.9610,2.9620,2.9610,2.9610,23,0
20190228,1026,2.9610,2.9630,2.9610,2.9630,41,0
20190228,1027,2.9630,2.9630,2.9620,2.9620,32,0
20190228,1028,2.9620,2.9620,2.9620,2.9620,23,0
20190228,1029,2.9620,2.9620,2.9620,2.9620,10,0
20190228,1030,2.9620,2.9620,2.9610,2.9610,16,0
20190228,1031,2.9610,2.9620,2.9610,2.9620,5,0
20190228,1032,2.9620,2.9620,2.9620,2.9620,19,0
20190228,1033,2.9620,2.9620,2.9610,2.9610,11,0
20190228,1034,2.9610,2.9620,2.9610,2.9610,7,0
20190228,1035,2.9620,2.9620,2.9620,2.9620,5,0
20190228,1036,2.9620,2.9620,2.9620,2.9620,1,0
20190228,1037,2.9620,2.9630,2.9620,2.9630,22,0
20190228,1038,2.9630,2.9630,2.9630,2.9630,26,0
20190228,1039,2.9630,2.9630,2.9630,2.9630,13,0
20190228,1040,2.9630,2.9640,2.9630,2.9640,36,0
20190228,1041,2.9640,2.9640,2.9630,2.9630,30,0
20190228,1042,2.9630,2.9630,2.9620,2.9620,4,0
20190228,1043,2.9620,2.9630,2.9620,2.9620,11,0
20190228,1044,2.9620,2.9630,2.9620,2.9630,13,0
20190228,1045,2.9630,2.9640,2.9630,2.9640,34,0
20190228,1046,2.9640,2.9640,2.9630,2.9630,21,0
20190228,1047,2.9630,2.9630,2.9620,2.9620,17,0
20190228,1048,2.9620,2.9630,2.9620,2.9620,20,0
20190228,1049,2.9620,2.9620,2.9610,2.9610,22,0
20190228,1050,2.9610,2.9620,2.9610,2.9610,11,0
20190228,1051,2.9610,2.9620,2.9610,2.9610,47,0
20190228,1052,2.9610,2.9610,2.9600,2.9610,13,0
20190228,1053,2.9610,2.9610,2.9610,2.9610,25,0
20190228,1054,2.9610,2.9610,2.9610,2.9610,17,0
20190228,1055,2.9610,2.9620,2.9610,2.9620,53,0
20190228,1056,2.9620,2.9620,2.9610,2.9610,20,0
20190228,1057,2.9610,2.9610,2.9610,2.9610,8,0
20190228,1058,2.9610,2.9610,2.9590,2.9590,64,0
20190228,1059,2.9590,2.9600,2.9590,2.9590,48,0
20190228,1100,2.9590,2.9600,2.9590,2.9600,18,0
20190228,1101,2.9600,2.9600,2.9590,2.9600,45,0
20190228,1102,2.9600,2.9600,2.9600,2.9600,3,0
20190228,1103,2.9600,2.9600,2.9590,2.9600,20,0
20190228,1104,2.9600,2.9600,2.9590,2.9590,18,0
20190228,1105,2.9590,2.9590,2.9580,2.9580,95,0
20190228,1106,2.9580,2.9590,2.9580,2.9580,22,0
20190228,1107,2.9580,2.9580,2.9580,2.9580,11,0
20190228,1108,2.9580,2.9590,2.9570,2.9570,81,0
20190228,1109,2.9560,2.9570,2.9550,2.9560,125,0
20190228,1110,2.9560,2.9560,2.9550,2.9550,71,0
20190228,1111,2.9550,2.9560,2.9550,2.9550,46,0
20190228,1112,2.9560,2.9560,2.9550,2.9550,63,0
20190228,1113,2.9550,2.9550,2.9540,2.9550,103,0
20190228,1114,2.9550,2.9550,2.9540,2.9550,40,0
20190228,1115,2.9550,2.9550,2.9530,2.9530,108,0
20190228,1116,2.9530,2.9540,2.9530,2.9540,106,0
20190228,1117,2.9540,2.9540,2.9530,2.9530,54,0
20190228,1118,2.9530,2.9530,2.9530,2.9530,24,0
20190228,1119,2.9530,2.9530,2.9500,2.9510,254,0
20190228,1120,2.9510,2.9520,2.9510,2.9520,57,0
20190228,1121,2.9520,2.9540,2.9520,2.9530,80,0
20190228,1122,2.9530,2.9550,2.9530,2.9540,91,0
20190228,1123,2.9540,2.9540,2.9540,2.9540,32,0
20190228,1124,2.9540,2.9540,2.9540,2.9540,23,0
20190228,1125,2.9540,2.9540,2.9520,2.9520,202,0
20190228,1126,2.9520,2.9530,2.9520,2.9530,52,0
20190228,1127,2.9530,2.9540,2.9530,2.9530,9,0
20190228,1128,2.9530,2.9540,2.9530,2.9530,47,0
20190228,1129,2.9530,2.9530,2.9530,2.9530,12,0
20190228,1130,2.9540,2.9540,2.9530,2.9530,16,0
20190228,1131,2.9530,2.9540,2.9530,2.9530,8,0
20190228,1132,2.9530,2.9530,2.9530,2.9530,17,0
20190228,1133,2.9530,2.9530,2.9520,2.9520,11,0
20190228,1134,2.9520,2.9530,2.9520,2.9520,7,0
20190228,1135,2.9520,2.9530,2.9520,2.9530,11,0
20190228,1136,2.9530,2.9530,2.9520,2.9520,4,0
20190228,1137,2.9520,2.9520,2.9520,2.9520,1,0
20190228,1138,2.9520,2.9530,2.9520,2.9530,11,0
20190228,1139,2.9530,2.9530,2.9520,2.9520,19,0
20190228,1140,2.9520,2.9530,2.9520,2.9530,8,0
20190228,1141,2.9530,2.9530,2.9520,2.9520,19,0
20190228,1142,2.9520,2.9520,2.9520,2.9520,11,0
20190228,1143,2.9520,2.9530,2.9520,2.9520,62,0
20190228,1144,2.9520,2.9520,2.9510,2.9520,9,0
20190228,1226,2.9510,2.9510,2.9510,2.9510,548,0
20190228,1227,2.9510,2.9510,2.9510,2.9510,2,0
20190228,1228,2.9510,2.9510,2.9510,2.9510,1,0
20190228,1229,2.9510,2.9510,2.9510,2.9510,0,0
20190228,1230,2.9510,2.9510,2.9510,2.9510,2,0
20190228,1231,2.9510,2.9520,2.9510,2.9520,14,0
20190228,1232,2.9520,2.9520,2.9520,2.9520,7,0
20190228,1233,2.9520,2.9520,2.9520,2.9520,2,0
20190228,1234,2.9520,2.9520,2.9520,2.9520,2,0
20190228,1235,2.9520,2.9520,2.9520,2.9520,1,0
20190228,1236,2.9520,2.9520,2.9510,2.9510,20,0
20190228,1237,2.9510,2.9510,2.9510,2.9510,2,0
20190228,1238,2.9520,2.9520,2.9510,2.9510,4,0
20190228,1239,2.9510,2.9520,2.9510,2.9520,7,0
20190228,1240,2.9520,2.9520,2.9520,2.9520,1,0
20190228,1241,2.9520,2.9520,2.9520,2.9520,7,0
20190228,1242,2.9520,2.9520,2.9520,2.9520,6,0
20190228,1243,2.9520,2.9520,2.9520,2.9520,6,0
20190228,1244,2.9520,2.9520,2.9520,2.9520,0,0
20190228,1245,2.9520,2.9520,2.9520,2.9520,3,0
20190228,1246,2.9520,2.9530,2.9520,2.9530,3,0
20190228,1247,2.9530,2.9530,2.9530,2.9530,6,0
20190228,1248,2.9530,2.9530,2.9520,2.9520,12,0
20190228,1249,2.9520,2.9530,2.9520,2.9530,6,0
20190228,1250,2.9530,2.9530,2.9520,2.9530,5,0
20190228,1251,2.9520,2.9520,2.9520,2.9520,1,0
20190228,1252,2.9520,2.9520,2.9520,2.9520,5,0
20190228,1253,2.9520,2.9520,2.9520,2.9520,2,0
20190228,1254,2.9520,2.9520,2.9520,2.9520,7,0
20190228,1255,2.9520,2.9520,2.9520,2.9520,12,0
20190228,1256,2.9520,2.9520,2.9520,2.9520,9,0
20190228,1257,2.9520,2.9520,2.9520,2.9520,2,0
20190228,1258,2.9510,2.9510,2.9510,2.9510,26,0
20190228,1259,2.9510,2.9510,2.9510,2.9510,5,0
20190228,1300,2.9510,2.9510,2.9510,2.9510,3,0
20190228,1301,2.9510,2.9510,2.9510,2.9510,16,0
20190228,1302,2.9520,2.9520,2.9510,2.9520,9,0
20190228,1303,2.9520,2.9520,2.9520,2.9520,5,0
20190228,1304,2.9520,2.9520,2.9510,2.9520,17,0
20190228,1305,2.9520,2.9520,2.9510,2.9520,3,0
20190228,1306,2.9520,2.9520,2.9510,2.9520,15,0
20190228,1307,2.9520,2.9520,2.9520,2.9520,18,0
20190228,1308,2.9520,2.9520,2.9510,2.9520,9,0
20190228,1309,2.9520,2.9530,2.9520,2.9520,11,0
20190228,1310,2.9520,2.9530,2.9520,2.9530,23,0
20190228,1311,2.9530,2.9540,2.9530,2.9540,14,0
20190228,1312,2.9540,2.9540,2.9530,2.9530,18,0
20190228,1313,2.9530,2.9530,2.9530,2.9530,5,0
20190228,1314,2.9530,2.9530,2.9530,2.9530,3,0
20190228,1315,2.9530,2.9530,2.9530,2.9530,3,0
20190228,1316,2.9530,2.9530,2.9520,2.9520,9,0
20190228,1317,2.9530,2.9530,2.9520,2.9530,3,0
20190228,1318,2.9530,2.9530,2.9530,2.9530,9,0
20190228,1319,2.9530,2.9540,2.9530,2.9530,12,0
20190228,1320,2.9530,2.9530,2.9530,2.9530,2,0
20190228,1321,2.9530,2.9530,2.9530,2.9530,0,0
20190228,1322,2.9530,2.9530,2.9530,2.9530,7,0
20190228,1323,2.9530,2.9530,2.9530,2.9530,0,0
20190228,1324,2.9530,2.9530,2.9530,2.9530,19,0
20190228,1325,2.9530,2.9530,2.9530,2.9530,13,0
20190228,1326,2.9530,2.9540,2.9530,2.9530,49,0
20190228,1327,2.9530,2.9530,2.9530,2.9530,15,0
20190228,1328,2.9530,2.9530,2.9530,2.9530,4,0
20190228,1329,2.9530,2.9530,2.9530,2.9530,6,0
20190228,1330,2.9520,2.9530,2.9520,2.9520,11,0
20190228,1331,2.9520,2.9520,2.9520,2.9520,48,0
20190228,1332,2.9520,2.9520,2.9520,2.9520,28,0
20190228,1333,2.9520,2.9530,2.9520,2.9530,11,0
20190228,1334,2.9530,2.9540,2.9530,2.9540,63,0
20190228,1335,2.9540,2.9540,2.9530,2.9530,30,0
20190228,1336,2.9530,2.9540,2.9530,2.9530,26,0
20190228,1337,2.9530,2.9540,2.9530,2.9540,41,0
20190228,1338,2.9540,2.9540,2.9540,2.9540,70,0
20190228,1339,2.9540,2.9550,2.9540,2.9540,21,0
20190228,1340,2.9550,2.9550,2.9540,2.9550,65,0
20190228,1341,2.9550,2.9550,2.9540,2.9540,26,0
20190228,1342,2.9540,2.9540,2.9540,2.9540,23,0
20190228,1343,2.9540,2.9540,2.9530,2.9530,17,0
20190228,1344,2.9530,2.9540,2.9530,2.9540,43,0
20190228,1345,2.9540,2.9540,2.9530,2.9530,18,0
20190228,1346,2.9530,2.9530,2.9530,2.9530,15,0
20190228,1347,2.9530,2.9530,2.9530,2.9530,7,0
20190228,1348,2.9530,2.9540,2.9530,2.9540,15,0
20190228,1349,2.9540,2.9540,2.9540,2.9540,0,0
20190228,1350,2.9540,2.9540,2.9540,2.9540,12,0
20190228,1351,2.9540,2.9540,2.9540,2.9540,33,0
20190228,1352,2.9540,2.9540,2.9520,2.9530,34,0
20190228,1353,2.9520,2.9530,2.9520,2.9520,36,0
20190228,1354,2.9520,2.9530,2.9520,2.9530,38,0
20190228,1355,2.9520,2.9520,2.9510,2.9510,74,0
20190228,1356,2.9510,2.9510,2.9510,2.9510,23,0
20190228,1357,2.9510,2.9520,2.9510,2.9510,65,0
20190228,1358,2.9510,2.9510,2.9480,2.9480,225,0
20190228,1359,2.9480,2.9480,2.9460,2.9460,216,0
20190228,1400,2.9460,2.9480,2.9460,2.9480,129,0
20190228,1401,2.9480,2.9480,2.9470,2.9480,35,0
20190228,1402,2.9480,2.9480,2.9470,2.9480,45,0
20190228,1403,2.9480,2.9490,2.9480,2.9490,62,0
20190228,1404,2.9490,2.9500,2.9490,2.9490,30,0
20190228,1405,2.9490,2.9490,2.9480,2.9480,29,0
20190228,1406,2.9490,2.9490,2.9490,2.9490,6,0
20190228,1407,2.9490,2.9490,2.9490,2.9490,33,0
20190228,1408,2.9490,2.9500,2.9480,2.9480,41,0
20190228,1409,2.9480,2.9490,2.9480,2.9480,8,0
20190228,1410,2.9490,2.9490,2.9490,2.9490,23,0
20190228,1411,2.9490,2.9490,2.9490,2.9490,10,0
20190228,1412,2.9490,2.9500,2.9490,2.9500,19,0
20190228,1413,2.9500,2.9500,2.9490,2.9490,6,0
20190228,1414,2.9490,2.9500,2.9490,2.9490,26,0
20190228,1415,2.9490,2.9490,2.9480,2.9480,23,0
20190228,1416,2.9480,2.9480,2.9480,2.9480,1,0
20190228,1417,2.9480,2.9490,2.9480,2.9490,2,0
20190228,1418,2.9490,2.9490,2.9480,2.9480,10,0
20190228,1419,2.9480,2.9480,2.9480,2.9480,16,0
20190228,1420,2.9480,2.9480,2.9470,2.9470,29,0
20190228,1421,2.9470,2.9480,2.9470,2.9480,16,0
20190228,1422,2.9480,2.9480,2.9480,2.9480,12,0
20190228,1423,2.9480,2.9480,2.9480,2.9480,15,0
20190228,1424,2.9480,2.9480,2.9470,2.9480,21,0
20190228,1425,2.9480,2.9480,2.9470,2.9470,24,0
20190228,1426,2.9470,2.9470,2.9450,2.9460,98,0
20190228,1427,2.9460,2.9460,2.9450,2.9450,69,0
20190228,1428,2.9450,2.9460,2.9440,2.9440,137,0
20190228,1429,2.9440,2.9450,2.9430,2.9450,130,0
20190228,1430,2.9450,2.9460,2.9440,2.9440,81,0
20190228,1431,2.9440,2.9450,2.9440,2.9450,33,0
20190228,1432,2.9450,2.9450,2.9450,2.9450,64,0
20190228,1433,2.9450,2.9450,2.9440,2.9440,15,0
20190228,1434,2.9440,2.9450,2.9430,2.9430,59,0
20190228,1435,2.9430,2.9430,2.9430,2.9430,76,0
20190228,1436,2.9430,2.9430,2.9430,2.9430,50,0
20190228,1437,2.9430,2.9440,2.9430,2.9430,59,0
20190228,1438,2.9430,2.9440,2.9430,2.9430,160,0
20190228,1439,2.9430,2.9440,2.9430,2.9430,33,0
20190228,1440,2.9430,2.9440,2.9430,2.9440,16,0
20190228,1441,2.9440,2.9450,2.9440,2.9450,45,0
20190228,1442,2.9450,2.9450,2.9440,2.9440,24,0
20190228,1443,2.9440,2.9440,2.9440,2.9440,69,0
20190228,1444,2.9440,2.9450,2.9440,2.9450,59,0
20190228,1445,2.9450,2.9450,2.9450,2.9450,18,0
20190228,1446,2.9450,2.9460,2.9450,2.9460,85,0
20190228,1447,2.9460,2.9460,2.9450,2.9450,23,0
20190228,1448,2.9450,2.9470,2.9450,2.9470,61,0
20190228,1449,2.9470,2.9470,2.9450,2.9450,54,0
20190228,1450,2.9450,2.9460,2.9450,2.9460,21,0
20190228,1451,2.9460,2.9460,2.9460,2.9460,23,0
20190228,1452,2.9460,2.9470,2.9460,2.9460,12,0
20190228,1453,2.9460,2.9470,2.9460,2.9460,16,0
20190228,1454,2.9460,2.9460,2.9450,2.9450,38,0
20190228,1455,2.9450,2.9450,2.9440,2.9450,33,0
20190228,1456,2.9450,2.9450,2.9440,2.9450,10,0
20190228,1457,2.9450,2.9450,2.9450,2.9450,15,0
20190228,1458,2.9450,2.9460,2.9450,2.9450,37,0
20190228,1459,2.9450,2.9460,2.9450,2.9460,24,0
20190228,1500,2.9450,2.9460,2.9450,2.9460,32,0
20190228,1501,2.9460,2.9460,2.9440,2.9440,33,0
20190228,1502,2.9440,2.9450,2.9440,2.9440,66,0
20190228,1503,2.9440,2.9440,2.9410,2.9410,438,0
20190228,1504,2.9410,2.9410,2.9400,2.9410,95,0
20190228,1505,2.9410,2.9420,2.9410,2.9420,122,0
20190228,1506,2.9420,2.9430,2.9420,2.9420,65,0
20190228,1507,2.9420,2.9420,2.9400,2.9410,91,0
20190228,1508,2.9410,2.9410,2.9400,2.9400,103,0
20190228,1509,2.9400,2.9410,2.9400,2.9400,72,0
20190228,1510,2.9400,2.9410,2.9400,2.9410,85,0
20190228,1511,2.9410,2.9420,2.9410,2.9420,14,0
20190228,1512,2.9420,2.9440,2.9420,2.9430,161,0
20190228,1513,2.9430,2.9430,2.9420,2.9430,81,0
20190228,1514,2.9430,2.9440,2.9430,2.9440,186,0
20190228,1515,2.9440,2.9440,2.9440,2.9440,15,0
20190228,1516,2.9440,2.9440,2.9410,2.9420,122,0
20190228,1517,2.9420,2.9420,2.9410,2.9410,17,0
20190228,1518,2.9410,2.9420,2.9410,2.9420,19,0
20190228,1519,2.9420,2.9430,2.9420,2.9430,2,0
20190228,1520,2.9430,2.9440,2.9430,2.9430,15,0
20190228,1521,2.9430,2.9440,2.9430,2.9430,18,0
20190228,1522,2.9430,2.9440,2.9430,2.9440,45,0
20190228,1523,2.9440,2.9450,2.9440,2.9440,48,0
20190228,1524,2.9440,2.9450,2.9440,2.9440,69,0
20190228,1525,2.9440,2.9450,2.9440,2.9450,10,0
20190228,1526,2.9450,2.9450,2.9450,2.9450,21,0
20190228,1527,2.9460,2.9460,2.9450,2.9450,69,0
20190228,1528,2.9450,2.9460,2.9450,2.9450,28,0
20190228,1529,2.9450,2.9460,2.9450,2.9460,16,0
20190228,1530,2.9460,2.9460,2.9440,2.9450,49,0
20190228,1531,2.9450,2.9460,2.9450,2.9460,50,0
20190228,1532,2.9460,2.9460,2.9460,2.9460,14,0
20190228,1533,2.9460,2.9460,2.9450,2.9450,14,0
20190228,1534,2.9450,2.9460,2.9450,2.9460,17,0
20190228,1535,2.9460,2.9470,2.9460,2.9470,48,0
20190228,1536,2.9470,2.9470,2.9460,2.9470,12,0
20190228,1537,2.9470,2.9470,2.9460,2.9460,30,0
20190228,1538,2.9460,2.9470,2.9450,2.9470,28,0
20190228,1539,2.9470,2.9470,2.9460,2.9470,24,0
20190228,1540,2.9470,2.9470,2.9460,2.9470,48,0
20190228,1541,2.9470,2.9470,2.9470,2.9470,24,0
20190228,1542,2.9470,2.9470,2.9470,2.9470,15,0
