20181226,2030,1296.0,1296.0,1296.0,1296.0,0,0
20181226,2100,1296.0,1296.0,1296.0,1296.0,0,0
20181226,2130,1296.0,1297.3,1296.0,1297.3,0,0
20181226,2200,1297.3,1297.3,1295.8,1296.8,0,0
20181226,2230,1296.8,1296.8,1296.8,1296.8,0,0
20181226,2300,1296.8,1296.8,1296.8,1296.8,0,0
20181226,2330,1296.8,1296.8,1296.8,1296.8,0,0
20181227,0000,1296.8,1299.6,1296.8,1299.6,0,0
20181227,0030,1299.6,1299.6,1299.6,1299.6,0,0
20181227,0100,1299.6,1299.8,1299.6,1299.6,0,0
20181227,0130,1299.6,1299.6,1294.3,1294.3,0,0
20181227,0200,1294.3,1294.3,1291.9,1291.9,0,0
20181227,0230,1291.9,1292.3,1291.3,1291.3,0,0
20181227,0300,1291.3,1291.3,1291.3,1291.3,0,0
20181227,0330,1291.3,1291.3,1288.1,1288.1,0,0
20181227,0400,1288.1,1288.1,1288.1,1288.1,0,0
20181227,0430,1288.1,1288.1,1288.1,1288.1,0,0
20181227,0500,1288.1,1288.1,1288.1,1288.1,0,0
20181227,0530,1288.1,1288.2,1288.1,1288.2,0,0
20181227,0600,1288.2,1288.2,1288.2,1288.2,0,0
20181227,0930,1293.1,1293.1,1292.0,1292.0,0,0
20181227,1000,1292.0,1292.0,1292.0,1292.0,0,0
20181227,1030,1292.0,1292.0,1292.0,1292.0,0,0
20181227,1100,1292.0,1292.0,1292.0,1292.0,0,0
20181227,1130,1292.0,1292.0,1292.0,1292.0,0,0
20181227,1200,1292.0,1292.0,1292.0,1292.0,0,0
20181227,1230,1292.0,1292.0,1292.0,1292.0,0,0
20181227,1300,1292.0,1292.0,1292.0,1292.0,0,0
20181227,1330,1292.0,1292.0,1290.0,1290.0,0,0
20181227,1400,1290.0,1290.0,1290.0,1290.0,0,0
20181227,1430,1290.0,1290.0,1290.0,1290.0,0,0
20181227,1500,1290.0,1290.0,1290.0,1290.0,0,0
20181227,1530,1290.0,1290.0,1290.0,1290.0,0,0
20181227,1600,1290.0,1290.0,1290.0,1290.0,0,0
20181227,1630,1290.0,1290.0,1290.0,1290.0,0,0
20181227,1700,1290.0,1290.0,1290.0,1290.0,0,0
20181227,1730,1290.0,1293.6,1290.0,1293.6,0,0
20181227,1800,1293.6,1293.6,1293.0,1293.0,0,0
20181227,1830,1293.0,1293.0,1293.0,1293.0,0,0
20181227,1900,1293.0,1293.0,1293.0,1293.0,0,0
20181227,1930,1293.0,1293.0,1293.0,1293.0,0,0
20181227,2000,1293.0,1293.0,1293.0,1293.0,0,0
20181227,2030,1293.0,1293.0,1293.0,1293.0,0,0
20181227,2100,1293.0,1293.0,1293.0,1293.0,0,0
20181227,2130,1293.0,1294.5,1293.0,1294.5,0,0
20181227,2200,1294.5,1294.5,1294.5,1294.5,0,0
20181227,2230,1294.5,1294.5,1294.5,1294.5,0,0
20181227,2300,1294.5,1294.5,1294.5,1294.5,0,0
20181227,2330,1294.5,1294.5,1294.5,1294.5,0,0
20181228,0000,1294.5,1294.5,1294.5,1294.5,0,0
20181228,0030,1294.5,1294.5,1294.5,1294.5,0,0
20181228,0100,1294.5,1294.5,1294.5,1294.5,0,0
20181228,0130,1294.5,1297.7,1294.5,1297.7,0,0
20181228,0200,1297.7,1297.7,1297.7,1297.7,0,0
20181228,0230,1297.7,1300.0,1297.7,1299.6,0,0
20181228,0300,1299.6,1299.6,1299.6,1299.6,0,0
20181228,0330,1299.6,1299.6,1299.6,1299.6,0,0
20181228,0400,1299.6,1299.6,1299.6,1299.6,0,0
20181228,0430,1299.6,1299.6,1299.6,1299.6,0,0
20181228,0500,1299.6,1299.6,1295.7,1295.7,0,0
20181228,0530,1295.7,1295.7,1295.7,1295.7,0,0
20181228,0600,1295.7,1295.7,1295.7,1295.7,0,0
20181228,1800,1297.8,1297.8,1297.8,1297.8,0,0
20181228,1830,1297.8,1297.8,1297.8,1297.8,0,0
20181228,1900,1297.8,1300.3,1297.8,1300.3,0,0
20181228,1930,1300.3,1300.3,1300.3,1300.3,0,0
20181228,2000,1300.3,1300.3,1300.3,1300.3,0,0
20181228,2030,1300.3,1300.3,1298.9,1298.9,0,0
20181228,2100,1298.9,1299.5,1298.9,1299.5,0,0
20181228,2130,1299.5,1299.5,1297.3,1297.3,0,0
20181228,2200,1297.3,1298.5,1297.3,1298.5,0,0
20181228,2230,1298.5,1298.5,1297.0,1298.3,0,0
20181228,2300,1298.3,1299.6,1298.3,1299.0,0,0
20181228,2330,1299.0,1299.4,1298.7,1299.4,0,0
20181229,0000,1299.4,1299.8,1299.1,1299.2,0,0
20181229,0030,1299.2,1299.4,1298.7,1298.8,0,0
20181229,0100,1298.8,1300.3,1298.8,1300.0,0,0
20181229,0130,1300.0,1300.6,1299.9,1300.1,0,0
20181229,0200,1300.1,1300.1,1299.3,1299.5,0,0
20181229,0230,1299.5,1299.5,1299.5,1299.5,0,0
20181229,0300,1299.5,1301.1,1299.5,1301.1,0,0
20181229,0330,1301.1,1301.1,1301.1,1301.1,0,0
20181229,0400,1301.1,1301.1,1301.1,1301.1,0,0
20181229,0430,1301.1,1301.1,1301.1,1301.1,0,0
20181229,0500,1301.1,1301.1,1301.1,1301.1,0,0
20181229,0530,1301.1,1301.1,1301.1,1301.1,0,0
20181229,0600,1301.1,1301.1,1301.1,1301.1,0,0
20181231,1000,1299.6,1299.6,1299.6,1299.6,0,0
20181231,1030,1299.6,1299.6,1299.6,1299.6,0,0
20181231,1100,1299.6,1299.6,1299.6,1299.6,0,0
20181231,1130,1299.6,1299.6,1299.6,1299.6,0,0
20181231,1200,1299.6,1299.6,1299.6,1299.6,0,0
20181231,1230,1299.6,1299.6,1299.6,1299.6,0,0
20181231,1300,1299.6,1299.6,1299.6,1299.6,0,0
20181231,1330,1299.6,1299.6,1299.6,1299.6,0,0
20181231,1400,1299.6,1299.6,1299.6,1299.6,0,0
20181231,1430,1299.6,1299.6,1299.6,1299.6,0,0
20181231,1500,1299.6,1299.6,1299.6,1299.6,0,0
20181231,1530,1299.6,1299.6,1299.6,1299.6,0,0
20181231,1600,1299.6,1302.0,1299.6,1302.0,0,0
20181231,1630,1302.0,1302.5,1301.8,1302.5,0,0
20181231,1700,1302.5,1302.5,1302.5,1302.5,0,0
20181231,1730,1302.5,1302.5,1302.2,1302.4,0,0
20181231,1800,1302.4,1302.8,1302.4,1302.8,0,0
20181231,1830,1302.8,1302.8,1302.8,1302.8,0,0
20181231,1900,1302.8,1302.8,1302.8,1302.8,0,0
20181231,1930,1302.8,1304.9,1302.8,1304.9,0,0
20181231,2000,1304.9,1304.9,1304.6,1304.6,0,0
20181231,2030,1304.6,1304.6,1303.4,1303.5,0,0
20181231,2100,1303.5,1304.9,1303.5,1304.9,0,0
20181231,2130,1304.9,1304.9,1303.4,1303.4,0,0
20181231,2200,1303.4,1303.4,1300.4,1300.5,0,0
20181231,2230,1300.5,1301.5,1300.5,1301.5,0,0
20181231,2300,1301.5,1301.5,1300.5,1300.8,0,0
20181231,2330,1300.8,1301.7,1300.3,1300.5,0,0
20190101,0000,1300.5,1301.9,1299.8,1301.9,0,0
20190101,0030,1301.9,1302.6,1301.9,1302.6,0,0
20190101,0100,1302.6,1302.9,1302.1,1302.9,0,0
20190101,0130,1302.9,1303.2,1301.6,1301.6,0,0
20190101,0200,1301.6,1302.5,1301.4,1302.5,0,0
20190101,0230,1302.5,1302.5,1299.1,1299.3,0,0
20190101,0300,1299.3,1299.3,1299.3,1299.3,0,0
20190101,0330,1299.3,1299.3,1299.3,1299.3,0,0
20190101,0400,1299.3,1302.4,1299.3,1302.4,0,0
20190101,0430,1302.4,1302.4,1302.4,1302.4,0,0
20190101,0500,1302.4,1302.4,1302.4,1302.4,0,0
20190101,0530,1302.4,1302.4,1302.4,1302.4,0,0
20190101,0600,1302.4,1302.4,1302.4,1302.4,0,0
20190102,0830,1302.9,1302.9,1302.9,1302.9,0,0
20190102,0900,1302.9,1302.9,1302.9,1302.9,0,0
20190102,0930,1302.9,1302.9,1302.9,1302.9,0,0
20190102,1000,1302.9,1302.9,1302.9,1302.9,0,0
20190102,1030,1302.9,1302.9,1302.9,1302.9,0,0
20190102,1100,1302.9,1302.9,1302.9,1302.9,0,0
20190102,1130,1302.9,1302.9,1302.9,1302.9,0,0
20190102,1200,1302.9,1302.9,1302.9,1302.9,0,0
20190102,1230,1302.9,1302.9,1302.9,1302.9,0,0
20190102,1300,1302.9,1302.9,1302.9,1302.9,0,0
20190102,1330,1302.9,1306.4,1302.9,1306.2,0,0
20190102,1400,1306.2,1306.7,1306.2,1306.7,0,0
20190102,1430,1306.7,1308.5,1306.7,1307.9,0,0
20190102,1500,1307.9,1307.9,1307.9,1307.9,0,0
20190102,1530,1307.9,1307.9,1306.3,1306.3,0,0
20190102,1600,1306.3,1306.3,1306.3,1306.3,0,0
20190102,1630,1306.3,1306.3,1306.3,1306.3,0,0
20190102,1700,1306.3,1308.5,1306.3,1308.5,0,0
20190102,1730,1308.5,1309.3,1308.5,1309.3,0,0
20190102,1800,1309.3,1309.3,1308.5,1308.5,0,0
20190102,1830,1308.5,1308.5,1308.5,1308.5,0,0
20190102,1900,1308.5,1308.5,1308.5,1308.5,0,0
20190102,1930,1308.5,1308.5,1308.5,1308.5,0,0
20190102,2000,1308.5,1308.5,1308.5,1308.5,0,0
20190102,2030,1308.5,1308.5,1306.7,1306.7,0,0
20190102,2100,1306.7,1306.7,1306.7,1306.7,0,0
20190102,2130,1306.7,1306.7,1306.7,1306.7,0,0
20190102,2200,1306.7,1306.7,1305.0,1305.0,0,0
20190102,2230,1305.0,1305.4,1303.1,1303.9,0,0
20190102,2300,1303.9,1305.5,1303.9,1305.4,0,0
20190102,2330,1305.4,1306.3,1304.2,1306.0,0,0
20190103,0000,1306.0,1307.0,1306.0,1306.9,0,0
20190103,0030,1306.9,1308.3,1306.7,1308.3,0,0
20190103,0100,1308.3,1308.3,1305.0,1305.0,0,0
20190103,0130,1305.0,1307.3,1305.0,1306.0,0,0
20190103,0200,1306.0,1306.7,1305.2,1305.5,0,0
20190103,0230,1305.5,1305.5,1302.6,1303.0,0,0
20190103,0300,1303.0,1303.0,1302.4,1302.4,0,0
20190103,0330,1302.4,1302.4,1302.4,1302.4,0,0
20190103,0400,1302.4,1302.4,1302.4,1302.4,0,0
20190103,0430,1302.4,1302.4,1302.2,1302.2,0,0
20190103,0500,1302.2,1302.2,1302.2,1302.2,0,0
20190103,0530,1302.2,1302.2,1302.2,1302.2,0,0
20190103,0600,1302.2,1302.2,1302.2,1302.2,0,0
20190103,0730,1309.8,1310.0,1309.5,1310.0,0,0
20190103,0800,1310.0,1310.0,1310.0,1310.0,0,0
20190103,0830,1310.0,1310.0,1310.0,1310.0,0,0
20190103,0900,1310.0,1310.0,1310.0,1310.0,0,0
20190103,0930,1310.0,1310.0,1310.0,1310.0,0,0
20190103,1000,1310.0,1310.0,1310.0,1310.0,0,0
20190103,1030,1310.0,1310.0,1310.0,1310.0,0,0
20190103,1100,1310.0,1310.0,1310.0,1310.0,0,0
20190103,1130,1310.0,1310.0,1310.0,1310.0,0,0
20190103,1200,1310.0,1310.0,1310.0,1310.0,0,0
20190103,1230,1310.0,1310.0,1310.0,1310.0,0,0
20190103,1300,1310.0,1310.0,1310.0,1310.0,0,0
20190103,1330,1310.0,1310.0,1310.0,1310.0,0,0
20190103,1400,1310.0,1310.9,1310.0,1310.9,0,0
20190103,1430,1310.9,1310.9,1310.9,1310.9,0,0
20190103,1500,1310.9,1310.9,1310.9,1310.9,0,0
20190103,1530,1310.9,1312.7,1310.9,1312.3,0,0
20190103,1600,1312.3,1312.3,1312.3,1312.3,0,0
20190103,1630,1312.3,1312.3,1311.0,1311.0,0,0
20190103,1700,1311.0,1311.0,1311.0,1311.0,0,0
20190103,1730,1311.0,1311.0,1311.0,1311.0,0,0
20190103,1800,1311.0,1311.0,1311.0,1311.0,0,0
20190103,1830,1311.0,1311.0,1311.0,1311.0,0,0
20190103,1900,1311.0,1311.0,1311.0,1311.0,0,0
20190103,1930,1311.0,1311.0,1307.9,1307.9,0,0
20190103,2000,1307.9,1307.9,1307.9,1307.9,0,0
20190103,2030,1307.9,1307.9,1307.9,1307.9,0,0
20190103,2100,1307.9,1307.9,1307.9,1307.9,0,0
20190103,2130,1307.9,1308.1,1305.9,1308.1,0,0
20190103,2200,1308.1,1310.4,1308.1,1308.6,0,0
20190103,2230,1308.6,1308.9,1308.5,1308.6,0,0
20190103,2300,1308.6,1309.5,1308.6,1308.8,0,0
20190103,2330,1308.8,1311.5,1308.3,1309.0,0,0
20190104,0000,1309.0,1311.5,1309.0,1310.7,0,0
20190104,0030,1310.7,1310.7,1309.3,1310.6,0,0
20190104,0100,1310.6,1311.0,1309.6,1309.9,0,0
20190104,0130,1309.9,1311.1,1309.7,1310.6,0,0
20190104,0200,1310.6,1311.6,1310.6,1311.0,0,0
20190104,0230,1311.0,1313.7,1311.0,1313.6,0,0
20190104,0300,1313.6,1313.6,1313.5,1313.5,0,0
20190104,0330,1313.5,1313.5,1313.5,1313.5,0,0
20190104,0400,1313.5,1313.6,1313.1,1313.6,0,0
20190104,0430,1313.6,1314.8,1313.6,1314.8,0,0
20190104,0500,1314.8,1314.8,1314.8,1314.8,0,0
20190104,0530,1314.8,1315.1,1314.8,1315.1,0,0
20190104,0600,1315.1,1315.1,1315.1,1315.1,0,0
20190104,0800,1315.5,1315.5,1315.5,1315.5,0,0
20190104,0830,1315.5,1316.5,1315.5,1316.5,0,0
20190104,0900,1316.5,1316.5,1316.5,1316.5,0,0
20190104,0930,1316.5,1318.1,1316.5,1318.1,0,0
20190104,1000,1318.1,1319.0,1318.1,1318.6,0,0
20190104,1030,1318.6,1318.6,1318.6,1318.6,0,0
20190104,1100,1318.6,1318.6,1318.6,1318.6,0,0
20190104,1130,1318.6,1318.6,1318.6,1318.6,0,0
20190104,1200,1318.6,1318.6,1318.6,1318.6,0,0
20190104,1230,1318.6,1318.6,1318.6,1318.6,0,0
20190104,1300,1318.6,1318.6,1318.6,1318.6,0,0
20190104,1330,1318.6,1318.6,1318.6,1318.6,0,0
20190104,1400,1318.6,1318.6,1318.6,1318.6,0,0
20190104,1430,1318.6,1318.6,1318.6,1318.6,0,0
20190104,1500,1318.6,1318.6,1318.6,1318.6,0,0
20190104,1530,1318.6,1318.6,1314.6,1314.7,0,0
20190104,1600,1314.7,1314.7,1314.7,1314.7,0,0
20190104,1630,1314.7,1314.7,1314.7,1314.7,0,0
20190104,1700,1314.7,1314.7,1314.7,1314.7,0,0
20190104,1730,1314.7,1314.7,1312.8,1312.8,0,0
20190104,1800,1312.8,1312.8,1312.8,1312.8,0,0
20190104,1830,1312.8,1312.8,1312.8,1312.8,0,0
20190104,1900,1312.8,1312.8,1311.4,1311.4,0,0
20190104,1930,1311.4,1311.4,1311.4,1311.4,0,0
20190104,2000,1311.4,1311.4,1311.4,1311.4,0,0
20190104,2030,1311.4,1311.4,1311.4,1311.4,0,0
20190104,2100,1311.4,1311.4,1311.4,1311.4,0,0
20190104,2130,1311.4,1311.4,1311.3,1311.3,0,0
20190104,2200,1311.3,1311.3,1307.3,1308.8,0,0
20190104,2230,1308.8,1308.8,1303.6,1303.6,0,0
20190104,2300,1303.6,1303.6,1297.9,1298.0,0,0
20190104,2330,1298.0,1301.8,1298.0,1301.8,0,0
20190105,0000,1301.8,1304.6,1301.8,1302.8,0,0
20190105,0030,1302.8,1304.3,1302.8,1304.3,0,0
20190105,0100,1304.3,1304.3,1304.3,1304.3,0,0
20190105,0130,1304.3,1304.3,1304.3,1304.3,0,0
20190105,0200,1304.3,1305.8,1303.7,1303.7,0,0
20190105,0230,1303.7,1304.8,1303.7,1304.7,0,0
20190105,0300,1304.7,1304.7,1304.7,1304.7,0,0
20190105,0330,1304.7,1304.7,1304.7,1304.7,0,0
20190105,0400,1304.7,1304.7,1304.7,1304.7,0,0
20190105,0430,1304.7,1304.7,1304.7,1304.7,0,0
20190105,0500,1304.7,1304.7,1304.7,1304.7,0,0
20190105,0530,1304.7,1304.7,1304.7,1304.7,0,0
20190105,0600,1304.7,1304.7,1304.7,1304.7,0,0
20190107,1000,1310.0,1310.0,1310.0,1310.0,0,0
20190107,1030,1310.0,1310.0,1310.0,1310.0,0,0
20190107,1100,1310.0,1310.0,1310.0,1310.0,0,0
20190107,1130,1310.0,1310.0,1309.8,1309.8,0,0
20190107,1200,1309.8,1309.8,1309.8,1309.8,0,0
20190107,1230,1309.8,1309.8,1309.8,1309.8,0,0
20190107,1300,1309.8,1309.8,1309.8,1309.8,0,0
20190107,1330,1309.8,1309.8,1309.8,1309.8,0,0
20190107,1400,1309.8,1311.3,1309.8,1311.3,0,0
20190107,1430,1311.3,1311.3,1311.3,1311.3,0,0
20190107,1500,1311.3,1311.3,1310.4,1310.4,0,0
20190107,1530,1310.4,1310.4,1310.4,1310.4,0,0
20190107,1600,1310.4,1311.9,1310.4,1311.9,0,0
20190107,1630,1311.9,1311.9,1311.9,1311.9,0,0
20190107,1700,1311.9,1311.9,1311.9,1311.9,0,0
20190107,1730,1311.9,1311.9,1311.9,1311.9,0,0
20190107,1800,1311.9,1311.9,1311.9,1311.9,0,0
20190107,1830,1311.9,1311.9,1311.9,1311.9,0,0
20190107,1900,1311.9,1311.9,1311.9,1311.9,0,0
20190107,1930,1311.9,1311.9,1311.9,1311.9,0,0
20190107,2000,1311.9,1311.9,1311.9,1311.9,0,0
20190107,2030,1311.9,1312.3,1311.4,1311.4,0,0
20190107,2100,1311.4,1313.1,1311.4,1312.6,0,0
20190107,2130,1312.6,1315.1,1312.6,1314.4,0,0
20190107,2200,1314.4,1314.5,1312.6,1312.7,0,0
20190107,2230,1312.7,1312.7,1311.4,1312.5,0,0
20190107,2300,1312.5,1312.8,1311.9,1312.0,0,0
20190107,2330,1312.0,1312.3,1310.2,1310.3,0,0
20190108,0000,1310.3,1310.3,1308.3,1309.1,0,0
20190108,0030,1309.1,1309.3,1308.1,1308.1,0,0
20190108,0100,1308.1,1308.4,1307.8,1307.8,0,0
20190108,0130,1307.8,1308.7,1307.8,1307.9,0,0
20190108,0200,1307.9,1308.7,1307.9,1308.3,0,0
20190108,0230,1308.3,1309.1,1308.3,1309.0,0,0
20190108,0300,1309.0,1309.0,1308.7,1308.7,0,0
20190108,0330,1308.7,1308.7,1308.7,1308.7,0,0
20190108,0400,1308.7,1308.7,1308.7,1308.7,0,0
20190108,0430,1308.7,1308.7,1308.7,1308.7,0,0
20190108,0500,1308.7,1308.7,1308.7,1308.7,0,0
20190108,0530,1308.7,1308.7,1308.7,1308.7,0,0
20190108,0600,1308.7,1308.7,1308.7,1308.7,0,0
20190108,0700,1308.7,1308.7,1308.7,1308.7,0,0
20190108,1000,1308.3,1308.3,1308.1,1308.1,0,0
20190108,1030,1308.1,1308.1,1308.1,1308.1,0,0
20190108,1100,1308.1,1308.1,1308.1,1308.1,0,0
20190108,1130,1308.1,1308.1,1308.1,1308.1,0,0
20190108,1200,1308.1,1308.1,1308.1,1308.1,0,0
20190108,1230,1308.1,1308.1,1302.3,1302.3,0,0
20190108,1300,1302.3,1302.3,1302.3,1302.3,0,0
20190108,1330,1302.3,1302.3,1302.3,1302.3,0,0
20190108,1400,1302.3,1302.6,1302.3,1302.6,0,0
20190108,1430,1302.6,1302.6,1302.6,1302.6,0,0
20190108,1500,1302.6,1302.6,1302.6,1302.6,0,0
20190108,1530,1302.6,1302.6,1302.6,1302.6,0,0
20190108,1600,1302.6,1302.6,1302.6,1302.6,0,0
20190108,1630,1302.6,1302.6,1302.6,1302.6,0,0
20190108,1700,1302.6,1302.6,1302.6,1302.6,0,0
20190108,1730,1302.6,1302.6,1302.6,1302.6,0,0
20190108,1800,1302.6,1302.6,1302.6,1302.6,0,0
20190108,1830,1302.6,1302.6,1302.6,1302.6,0,0
20190108,1900,1302.6,1302.6,1302.6,1302.6,0,0
20190108,1930,1302.6,1302.6,1302.6,1302.6,0,0
20190108,2000,1302.6,1302.6,1302.6,1302.6,0,0
20190108,2030,1302.6,1302.6,1302.6,1302.6,0,0
20190108,2100,1302.6,1302.6,1302.1,1302.1,0,0
20190108,2130,1302.1,1302.1,1299.3,1299.3,0,0
20190108,2200,1299.3,1301.0,1299.3,1300.2,0,0
20190108,2230,1300.2,1301.8,1300.2,1301.3,0,0
20190108,2300,1301.3,1305.9,1300.6,1304.8,0,0
20190108,2330,1304.8,1305.3,1303.0,1303.5,0,0
20190109,0000,1303.5,1305.1,1303.5,1304.9,0,0
20190109,0030,1304.9,1304.9,1304.1,1304.2,0,0
20190109,0100,1304.2,1304.8,1303.8,1304.2,0,0
20190109,0130,1304.2,1304.5,1304.1,1304.4,0,0
20190109,0200,1304.4,1306.8,1304.4,1306.7,0,0
20190109,0230,1306.7,1306.7,1304.4,1304.8,0,0
20190109,0300,1304.8,1305.4,1304.8,1305.4,0,0
20190109,0330,1305.4,1305.4,1305.4,1305.4,0,0
20190109,0400,1305.4,1305.4,1305.4,1305.4,0,0
20190109,0430,1305.4,1305.4,1305.4,1305.4,0,0
20190109,0500,1305.4,1305.4,1305.4,1305.4,0,0
20190109,0530,1305.4,1305.4,1305.1,1305.1,0,0
20190109,0600,1305.1,1305.1,1305.1,1305.1,0,0
20190109,0700,1305.1,1305.1,1305.1,1305.1,0,0
20190109,1230,1302.7,1302.7,1301.6,1301.6,0,0
20190109,1300,1301.6,1301.6,1301.6,1301.6,0,0
20190109,1330,1301.6,1301.6,1301.6,1301.6,0,0
20190109,1400,1301.6,1301.6,1301.6,1301.6,0,0
20190109,1430,1301.6,1301.7,1301.6,1301.7,0,0
20190109,1500,1301.7,1301.7,1301.7,1301.7,0,0
20190109,1530,1301.7,1301.7,1301.7,1301.7,0,0
20190109,1600,1301.7,1302.1,1301.7,1302.1,0,0
20190109,1630,1302.1,1302.2,1302.1,1302.2,0,0
20190109,1700,1302.2,1302.4,1302.2,1302.4,0,0
20190109,1730,1302.4,1302.4,1302.4,1302.4,0,0
20190109,1800,1302.4,1302.4,1302.4,1302.4,0,0
20190109,1830,1302.4,1302.4,1301.2,1301.2,0,0
20190109,1900,1301.2,1301.2,1301.2,1301.2,0,0
20190109,1930,1301.2,1301.2,1301.2,1301.2,0,0
20190109,2000,1301.2,1301.2,1301.2,1301.2,0,0
20190109,2030,1301.2,1301.2,1300.8,1300.8,0,0
20190109,2100,1300.8,1300.8,1300.8,1300.8,0,0
20190109,2130,1300.8,1304.5,1300.8,1303.8,0,0
20190109,2200,1303.8,1305.0,1303.8,1304.3,0,0
20190109,2230,1304.3,1305.6,1304.3,1304.4,0,0
20190109,2300,1304.4,1309.1,1304.4,1309.0,0,0
20190109,2330,1309.0,1311.6,1308.4,1311.5,0,0
20190110,0000,1311.5,1311.6,1310.3,1310.3,0,0
20190110,0030,1310.3,1310.5,1309.5,1310.4,0,0
20190110,0100,1310.4,1310.4,1308.7,1308.7,0,0
20190110,0130,1308.7,1308.9,1308.3,1308.5,0,0
20190110,0200,1308.5,1309.8,1308.5,1309.8,0,0
20190110,0230,1309.8,1311.1,1309.8,1311.0,0,0
20190110,0300,1311.0,1311.8,1311.0,1311.8,0,0
20190110,0330,1311.8,1312.8,1311.2,1312.8,0,0
20190110,0400,1312.8,1313.0,1311.4,1311.4,0,0
20190110,0430,1311.4,1312.0,1311.4,1312.0,0,0
20190110,0500,1312.0,1313.6,1312.0,1313.6,0,0
20190110,0530,1313.6,1313.6,1313.6,1313.6,0,0
20190110,0600,1313.6,1313.6,1313.6,1313.6,0,0
20190110,0700,1313.6,1313.6,1313.6,1313.6,0,0
20190110,0730,1312.9,1312.9,1312.9,1312.9,0,0
20190110,0800,1312.9,1312.9,1312.9,1312.9,0,0
20190110,0830,1312.9,1312.9,1312.9,1312.9,0,0
20190110,0900,1312.9,1312.9,1312.9,1312.9,0,0
20190110,0930,1312.9,1312.9,1312.9,1312.9,0,0
20190110,1000,1312.9,1312.9,1312.9,1312.9,0,0
20190110,1030,1312.9,1312.9,1312.9,1312.9,0,0
20190110,1100,1312.9,1312.9,1312.9,1312.9,0,0
20190110,1130,1312.9,1316.0,1312.9,1316.0,0,0
20190110,1200,1316.0,1316.0,1316.0,1316.0,0,0
20190110,1230,1316.0,1316.0,1316.0,1316.0,0,0
20190110,1300,1316.0,1316.0,1316.0,1316.0,0,0
20190110,1330,1316.0,1316.0,1316.0,1316.0,0,0
20190110,1400,1316.0,1316.0,1316.0,1316.0,0,0
20190110,1430,1316.0,1316.0,1316.0,1316.0,0,0
20190110,1500,1316.0,1316.0,1315.7,1315.7,0,0
20190110,1530,1315.7,1315.7,1315.7,1315.7,0,0
20190110,1600,1315.7,1315.7,1315.7,1315.7,0,0
20190110,1630,1315.7,1315.7,1315.7,1315.7,0,0
20190110,1700,1315.7,1315.7,1315.7,1315.7,0,0
20190110,1730,1315.7,1315.7,1315.7,1315.7,0,0
20190110,1800,1315.7,1315.7,1315.7,1315.7,0,0
20190110,1830,1315.7,1315.7,1315.7,1315.7,0,0
20190110,1900,1315.7,1315.7,1315.7,1315.7,0,0
20190110,1930,1315.7,1315.7,1315.7,1315.7,0,0
20190110,2000,1315.7,1315.7,1315.7,1315.7,0,0
20190110,2030,1315.7,1315.7,1312.7,1313.1,0,0
20190110,2100,1313.1,1313.7,1313.0,1313.7,0,0
20190110,2130,1313.7,1314.4,1312.8,1312.8,0,0
20190110,2200,1312.8,1312.8,1310.5,1311.1,0,0
20190110,2230,1311.1,1311.1,1309.6,1310.4,0,0
20190110,2300,1310.4,1312.2,1310.4,1311.8,0,0
20190110,2330,1311.8,1312.1,1310.5,1310.5,0,0
20190111,0000,1310.5,1310.7,1309.6,1309.9,0,0
20190111,0030,1309.9,1309.9,1308.6,1308.7,0,0
20190111,0100,1308.7,1309.1,1308.5,1309.1,0,0
20190111,0130,1309.1,1309.1,1308.4,1308.9,0,0
20190111,0200,1308.9,1308.9,1308.0,1308.0,0,0
20190111,0230,1308.0,1308.0,1306.4,1306.8,0,0
20190111,0300,1306.8,1306.8,1306.6,1306.6,0,0
20190111,0330,1306.6,1306.6,1306.6,1306.6,0,0
20190111,0400,1306.6,1307.4,1306.6,1307.4,0,0
20190111,0430,1307.4,1307.4,1307.4,1307.4,0,0
20190111,0500,1307.4,1307.4,1307.4,1307.4,0,0
20190111,0530,1307.4,1307.4,1307.4,1307.4,0,0
20190111,0600,1307.4,1307.4,1307.4,1307.4,0,0
20190111,0700,1307.4,1307.4,1307.4,1307.4,0,0
20190111,0800,1307.5,1307.5,1307.5,1307.5,0,0
20190111,0830,1307.5,1307.5,1307.5,1307.5,0,0
20190111,0900,1307.5,1307.5,1307.5,1307.5,0,0
20190111,0930,1307.5,1307.5,1307.5,1307.5,0,0
20190111,1000,1307.5,1309.6,1307.5,1309.5,0,0
20190111,1030,1309.5,1309.5,1309.5,1309.5,0,0
20190111,1100,1309.5,1310.5,1309.5,1310.5,0,0
20190111,1130,1310.5,1310.5,1310.5,1310.5,0,0
20190111,1200,1310.5,1310.5,1310.5,1310.5,0,0
20190111,1230,1310.5,1310.5,1310.5,1310.5,0,0
20190111,1300,1310.5,1310.5,1310.5,1310.5,0,0
20190111,1330,1310.5,1310.5,1310.5,1310.5,0,0
20190111,1400,1310.5,1313.9,1310.5,1313.9,0,0
20190111,1430,1313.9,1313.9,1313.9,1313.9,0,0
20190111,1500,1313.9,1313.9,1313.9,1313.9,0,0
20190111,1530,1313.9,1313.9,1313.9,1313.9,0,0
20190111,1600,1313.9,1313.9,1313.9,1313.9,0,0
20190111,1630,1313.9,1313.9,1313.9,1313.9,0,0
20190111,1700,1313.9,1313.9,1312.0,1312.0,0,0
20190111,1730,1312.0,1312.5,1312.0,1312.5,0,0
20190111,1800,1312.5,1312.5,1312.5,1312.5,0,0
20190111,1830,1312.5,1312.5,1312.5,1312.5,0,0
20190111,1900,1312.5,1312.5,1312.5,1312.5,0,0
20190111,1930,1312.5,1312.5,1312.5,1312.5,0,0
20190111,2000,1312.5,1312.5,1312.5,1312.5,0,0
20190111,2030,1312.5,1313.0,1311.9,1312.9,0,0
20190111,2100,1312.9,1313.1,1312.1,1312.1,0,0
20190111,2130,1312.1,1312.4,1311.6,1312.0,0,0
20190111,2200,1312.0,1312.7,1311.0,1312.1,0,0
20190111,2230,1312.1,1312.1,1306.9,1306.9,0,0
20190111,2300,1306.9,1308.4,1306.9,1307.1,0,0
20190111,2330,1307.1,1309.4,1307.1,1309.2,0,0
20190112,0000,1309.2,1310.6,1309.2,1309.9,0,0
20190112,0030,1309.9,1309.9,1309.5,1309.5,0,0
20190112,0100,1309.5,1309.5,1308.9,1309.0,0,0
20190112,0130,1309.0,1310.6,1309.0,1310.3,0,0
20190112,0200,1310.3,1310.4,1310.0,1310.0,0,0
20190112,0230,1310.0,1310.0,1308.8,1309.0,0,0
20190112,0300,1309.0,1309.0,1308.8,1308.8,0,0
20190112,0330,1308.8,1308.8,1308.8,1308.8,0,0
20190112,0400,1308.8,1308.8,1308.8,1308.8,0,0
20190112,0430,1308.8,1308.8,1308.8,1308.8,0,0
20190112,0500,1308.8,1308.8,1308.8,1308.8,0,0
20190112,0530,1308.8,1308.8,1308.8,1308.8,0,0
20190112,0600,1308.8,1308.8,1308.8,1308.8,0,0
20190114,0730,1307.3,1307.3,1307.3,1307.3,0,0
20190114,0800,1307.3,1307.3,1307.3,1307.3,0,0
20190114,0830,1307.3,1307.3,1307.3,1307.3,0,0
20190114,0900,1307.3,1307.3,1307.3,1307.3,0,0
20190114,0930,1307.3,1309.8,1307.3,1309.8,0,0
20190114,1000,1309.8,1309.8,1309.8,1309.8,0,0
20190114,1030,1309.8,1309.8,1309.8,1309.8,0,0
20190114,1100,1309.8,1309.8,1309.8,1309.8,0,0
20190114,1130,1309.8,1309.8,1309.8,1309.8,0,0
20190114,1200,1309.8,1309.8,1309.8,1309.8,0,0
20190114,1230,1309.8,1309.8,1309.8,1309.8,0,0
20190114,1300,1309.8,1309.8,1309.8,1309.8,0,0
20190114,1330,1309.8,1309.8,1309.8,1309.8,0,0
20190114,1400,1309.8,1310.5,1309.8,1310.5,1,0
20190114,1430,1310.5,1310.5,1310.5,1310.5,0,0
20190114,1500,1310.5,1310.6,1310.5,1310.6,2,0
20190114,1530,1310.6,1310.6,1310.6,1310.6,2,0
20190114,1600,1310.6,1310.6,1310.6,1310.6,1,0
20190114,1630,1310.6,1310.6,1310.6,1310.6,0,0
20190114,1700,1310.6,1310.6,1310.6,1310.6,3,0
20190114,1730,1310.6,1310.6,1310.6,1310.6,3,0
20190114,1800,1310.6,1313.2,1310.6,1313.2,3,0
20190114,1830,1313.2,1313.5,1313.2,1313.5,67,0
20190114,1900,1313.5,1313.5,1313.5,1313.5,14,0
20190114,1930,1313.5,1313.5,1313.5,1313.5,226,0
20190114,2000,1313.5,1313.5,1313.5,1313.5,11,0
20190114,2030,1313.5,1315.3,1313.5,1314.3,66,0
20190114,2100,1314.3,1314.4,1313.7,1314.4,35,0
20190114,2130,1314.4,1315.4,1313.9,1313.9,22,0
20190114,2200,1313.9,1313.9,1308.7,1309.1,323,0
20190114,2230,1309.1,1312.1,1309.1,1311.6,55,0
20190114,2300,1311.6,1312.5,1311.6,1311.6,18,0
20190114,2330,1311.6,1312.1,1311.0,1311.0,23,0
20190115,0000,1311.0,1311.0,1310.1,1310.2,17,0
20190115,0030,1310.2,1310.2,1309.8,1309.8,103,0
20190115,0100,1309.8,1309.8,1309.8,1309.8,0,0
20190115,0130,1309.8,1310.7,1309.8,1310.2,35,0
20190115,0200,1310.2,1311.8,1310.2,1311.4,14,0
20190115,0230,1311.4,1311.4,1310.6,1310.7,1256,0
20190115,0300,1310.7,1310.7,1310.7,1310.7,688,0
20190115,0330,1310.7,1310.7,1310.7,1310.7,0,0
20190115,0400,1310.7,1311.5,1310.7,1311.5,84,0
20190115,0430,1311.5,1311.5,1311.5,1311.5,9,0
20190115,0500,1311.5,1311.5,1311.5,1311.5,0,0
20190115,0530,1311.5,1311.5,1311.5,1311.5,0,0
20190115,0600,1311.5,1311.5,1311.5,1311.5,0,0
20190115,0630,1311.5,1311.5,1311.5,1311.5,0,0
20190115,0830,1310.9,1310.9,1310.9,1310.9,0,0
20190115,0900,1310.9,1310.9,1310.9,1310.9,0,0
20190115,0930,1310.9,1311.0,1310.9,1311.0,2,0
20190115,1000,1311.0,1312.6,1311.0,1312.6,4,0
20190115,1030,1312.6,1312.6,1312.3,1312.3,1,0
20190115,1100,1312.3,1312.3,1312.3,1312.3,0,0
20190115,1130,1312.3,1312.3,1311.4,1311.4,1,0
20190115,1200,1311.4,1311.4,1310.6,1310.6,1,0
20190115,1230,1310.6,1310.6,1310.6,1310.6,0,0
20190115,1300,1310.6,1310.6,1310.3,1310.5,4,0
20190115,1330,1310.5,1310.5,1309.5,1309.5,5,0
20190115,1400,1309.5,1310.6,1309.5,1310.6,1,0
20190115,1430,1310.6,1310.6,1310.6,1310.6,0,0
20190115,1500,1310.6,1310.6,1310.6,1310.6,0,0
20190115,1530,1310.6,1310.6,1309.5,1309.5,508,0
20190115,1600,1309.5,1309.5,1309.5,1309.5,0,0
20190115,1630,1309.5,1309.5,1309.5,1309.5,0,0
20190115,1700,1309.5,1309.5,1309.5,1309.5,1,0
20190115,1730,1309.5,1309.5,1309.5,1309.5,0,0
20190115,1800,1309.5,1309.5,1309.5,1309.5,98,0
20190115,1830,1309.5,1309.5,1309.5,1309.5,0,0
20190115,1900,1309.5,1309.5,1309.5,1309.5,58,0
20190115,1930,1309.5,1309.5,1309.5,1309.5,0,0
20190115,2000,1309.5,1309.5,1309.5,1309.5,0,0
20190115,2030,1309.5,1309.8,1309.5,1309.8,508,0
20190115,2100,1309.8,1309.8,1309.8,1309.8,59,0
20190115,2130,1309.8,1310.0,1309.3,1309.3,15,0
20190115,2200,1309.3,1310.7,1309.3,1310.7,12,0
20190115,2230,1310.7,1310.7,1310.7,1310.7,61,0
20190115,2300,1310.7,1313.6,1310.7,1313.5,29,0
20190115,2330,1313.5,1313.7,1310.8,1310.8,9,0
20190116,0000,1310.8,1311.2,1309.9,1309.9,9,0
20190116,0030,1309.9,1309.9,1308.0,1308.0,43,0
20190116,0100,1308.0,1308.0,1306.9,1306.9,397,0
20190116,0130,1306.9,1307.9,1306.9,1306.9,112,0
20190116,0200,1306.9,1306.9,1306.2,1306.2,4,0
20190116,0230,1306.2,1307.5,1306.2,1307.4,429,0
20190116,0300,1307.4,1307.4,1307.2,1307.2,2,0
20190116,0330,1307.2,1308.0,1307.2,1308.0,1,0
20190116,0400,1308.0,1308.0,1308.0,1308.0,13,0
20190116,0430,1308.0,1308.0,1308.0,1308.0,0,0
20190116,0500,1308.0,1308.0,1308.0,1308.0,0,0
20190116,0530,1308.0,1308.0,1308.0,1308.0,1,0
20190116,0600,1308.0,1308.0,1308.0,1308.0,0,0
20190116,0630,1308.0,1308.0,1308.0,1308.0,0,0
20190116,1400,1309.2,1309.2,1309.2,1309.2,1,0
20190116,1430,1309.2,1311.2,1309.2,1310.8,5,0
20190116,1500,1310.8,1310.8,1309.5,1309.5,5,0
20190116,1530,1309.5,1309.5,1309.5,1309.5,300,0
20190116,1600,1309.5,1309.6,1308.4,1308.4,111,0
20190116,1630,1308.4,1308.4,1308.4,1308.4,0,0
20190116,1700,1308.4,1308.4,1308.4,1308.4,629,0
20190116,1730,1308.4,1308.4,1308.4,1308.4,0,0
20190116,1800,1308.4,1308.4,1308.4,1308.4,0,0
20190116,1830,1308.4,1308.4,1308.4,1308.4,0,0
20190116,1900,1308.4,1308.4,1308.4,1308.4,200,0
20190116,1930,1308.4,1308.4,1307.8,1307.8,2,0
20190116,2000,1307.8,1307.8,1307.8,1307.8,0,0
20190116,2030,1307.8,1307.9,1307.8,1307.8,2,0
20190116,2100,1307.8,1307.8,1307.3,1307.3,31,0
20190116,2130,1307.3,1308.5,1307.3,1308.4,13,0
20190116,2200,1308.4,1309.1,1308.4,1309.1,711,0
20190116,2230,1309.1,1309.9,1309.1,1309.8,12,0
20190116,2300,1309.8,1311.2,1309.8,1311.2,212,0
20190116,2330,1311.2,1312.5,1311.2,1312.2,216,0
20190117,0000,1312.2,1313.9,1311.8,1311.8,114,0
20190117,0030,1311.8,1313.5,1311.8,1313.3,652,0
20190117,0100,1313.2,1313.9,1313.1,1313.8,22,0
20190117,0130,1313.8,1314.0,1313.4,1313.7,94,0
20190117,0200,1313.7,1313.8,1312.3,1312.8,207,0
20190117,0230,1312.8,1312.9,1312.5,1312.7,289,0
20190117,0300,1312.6,1312.6,1312.3,1312.3,30,0
20190117,0330,1312.3,1312.3,1312.3,1312.3,0,0
20190117,0400,1312.3,1312.3,1312.3,1312.3,1,0
20190117,0430,1312.3,1312.3,1312.3,1312.3,0,0
20190117,0500,1312.3,1312.3,1312.0,1312.0,1,0
20190117,0530,1312.0,1312.0,1312.0,1312.0,0,0
20190117,0600,1312.0,1312.0,1312.0,1312.0,0,0
20190117,0630,1312.0,1312.0,1312.0,1312.0,0,0
20190117,0900,1311.8,1311.8,1311.8,1311.8,0,0
20190117,0930,1311.8,1313.3,1311.8,1313.3,5,0
20190117,1000,1313.3,1313.3,1313.3,1313.3,0,0
20190117,1030,1313.3,1313.3,1313.3,1313.3,0,0
20190117,1100,1313.3,1313.3,1312.1,1312.1,3,0
20190117,1130,1312.1,1312.1,1312.1,1312.1,0,0
20190117,1200,1312.1,1312.1,1310.5,1311.0,36,0
20190117,1230,1310.9,1310.9,1310.0,1310.0,8,0
20190117,1300,1310.0,1310.0,1310.0,1310.0,1,0
20190117,1330,1310.0,1310.0,1310.0,1310.0,7,0
20190117,1400,1310.0,1310.5,1310.0,1310.5,1,0
20190117,1430,1310.5,1311.2,1310.5,1311.2,1,0
20190117,1500,1311.2,1311.2,1311.2,1311.2,0,0
20190117,1530,1311.2,1311.2,1311.2,1311.2,0,0
20190117,1600,1311.2,1311.2,1310.0,1310.0,3,0
20190117,1630,1310.0,1310.0,1310.0,1310.0,0,0
20190117,1700,1310.0,1310.0,1310.0,1310.0,0,0
20190117,1730,1310.0,1310.0,1310.0,1310.0,0,0
20190117,1800,1310.0,1310.0,1310.0,1310.0,14,0
20190117,1830,1310.0,1310.0,1310.0,1310.0,0,0
20190117,1900,1310.0,1312.7,1310.0,1312.7,1,0
20190117,1930,1312.7,1313.1,1312.7,1313.1,57,0
20190117,2000,1313.1,1313.1,1312.6,1312.6,17,0
20190117,2030,1312.6,1312.6,1312.6,1312.6,10,0
20190117,2100,1312.6,1312.6,1312.6,1312.6,451,0
20190117,2130,1312.6,1312.6,1310.9,1310.9,1,0
20190117,2200,1310.9,1310.9,1308.4,1309.4,193,0
20190117,2230,1309.4,1309.4,1308.6,1308.6,2,0
20190117,2300,1308.6,1309.3,1308.6,1309.3,8,0
20190117,2330,1309.3,1309.6,1309.0,1309.0,143,0
20190118,0000,1309.0,1309.0,1308.5,1308.5,9,0
20190118,0030,1308.5,1310.5,1308.5,1310.3,46,0
20190118,0100,1310.3,1310.3,1309.3,1309.7,30,0
20190118,0130,1309.7,1310.1,1309.7,1310.0,3,0
20190118,0200,1310.0,1310.0,1310.0,1310.0,0,0
20190118,0230,1310.0,1311.2,1310.0,1311.0,233,0
20190118,0300,1311.0,1311.0,1311.0,1311.0,1,0
20190118,0330,1311.0,1311.0,1311.0,1311.0,6,0
20190118,0400,1311.0,1311.0,1311.0,1311.0,0,0
20190118,0430,1311.0,1311.0,1311.0,1311.0,111,0
20190118,0500,1311.0,1311.0,1311.0,1311.0,0,0
20190118,0530,1311.0,1311.0,1311.0,1311.0,0,0
20190118,0600,1311.0,1311.0,1311.0,1311.0,0,0
20190118,0630,1311.0,1311.0,1311.0,1311.0,0,0
20190118,1630,1308.0,1308.0,1308.0,1308.0,0,0
20190118,1700,1308.0,1308.0,1308.0,1308.0,0,0
20190118,1730,1308.0,1308.0,1305.8,1305.8,14,0
20190118,1800,1305.8,1305.8,1301.7,1303.2,50,0
20190118,1830,1303.2,1303.2,1303.2,1303.2,11,0
20190118,1900,1303.2,1303.2,1303.2,1303.2,0,0
20190118,1930,1303.2,1303.7,1303.2,1303.7,1,0
20190118,2000,1303.7,1303.7,1303.7,1303.7,15,0
20190118,2030,1303.7,1304.3,1303.7,1304.3,1,0
20190118,2100,1304.3,1304.3,1304.2,1304.2,1,0
20190118,2130,1304.2,1304.2,1300.2,1300.3,40,0
20190118,2200,1300.3,1301.4,1299.9,1301.3,8,0
20190118,2230,1301.3,1301.3,1301.3,1301.3,29,0
20190118,2300,1301.3,1301.3,1300.4,1300.4,3,0
20190118,2330,1300.4,1301.9,1300.4,1301.8,73,0
20190119,0000,1301.8,1301.8,1301.1,1301.1,28,0
20190119,0030,1301.1,1301.5,1301.1,1301.3,6,0
20190119,0100,1301.3,1301.3,1300.6,1300.6,42,0
20190119,0130,1300.6,1301.4,1300.6,1301.3,2,0
20190119,0200,1301.3,1301.3,1301.0,1301.0,15,0
20190119,0230,1301.0,1301.3,1301.0,1301.3,60,0
20190119,0300,1301.4,1301.4,1300.9,1300.9,44,0
20190119,0330,1300.9,1300.9,1300.9,1300.9,20,0
20190119,0400,1300.9,1300.9,1300.9,1300.9,0,0
20190119,0430,1300.9,1300.9,1300.9,1300.9,0,0
20190119,0500,1300.9,1300.9,1300.9,1300.9,0,0
20190119,0530,1300.9,1300.9,1300.9,1300.9,0,0
20190119,0600,1300.9,1300.9,1300.9,1300.9,0,0
20190119,0630,1300.9,1300.9,1300.9,1300.9,0,0
20190121,1700,1298.5,1298.5,1298.5,1298.5,0,0
20190121,1730,1298.5,1298.5,1298.5,1298.5,0,0
20190121,1800,1298.5,1298.5,1296.4,1296.4,3,0
20190121,1830,1296.4,1296.4,1296.4,1296.4,5,0
20190121,1900,1296.4,1296.4,1296.4,1296.4,0,0
20190121,1930,1296.4,1296.4,1296.4,1296.4,151,0
20190121,2000,1296.4,1296.4,1296.4,1296.4,0,0
20190121,2030,1296.4,1296.4,1295.5,1295.5,1,0
20190121,2100,1295.5,1295.5,1295.5,1295.5,0,0
20190121,2130,1295.5,1295.5,1294.9,1294.9,1,0
20190121,2200,1294.9,1294.9,1294.9,1294.9,0,0
20190121,2230,1294.9,1294.9,1294.9,1294.9,21,0
20190121,2300,1294.9,1297.9,1294.9,1297.9,46,0
20190121,2330,1297.9,1297.9,1297.9,1297.9,43,0
20190122,0000,1297.9,1297.9,1297.9,1297.9,64,0
20190122,0030,1297.9,1298.5,1297.9,1298.5,20,0
20190122,0100,1298.5,1298.5,1298.5,1298.5,0,0
20190122,0130,1298.5,1298.5,1298.5,1298.5,0,0
20190122,0200,1298.5,1298.5,1298.5,1298.5,5,0
20190122,0230,1298.5,1298.5,1298.5,1298.5,0,0
20190122,0300,1298.5,1298.5,1298.5,1298.5,0,0
20190122,0330,1298.5,1298.5,1298.5,1298.5,0,0
20190122,0430,1298.5,1298.5,1298.5,1298.5,0,0
20190122,0530,1298.5,1298.5,1298.5,1298.5,0,0
20190122,0600,1298.5,1298.5,1298.5,1298.5,0,0
20190122,0630,1298.5,1298.5,1298.5,1298.5,0,0
20190122,0730,1298.5,1298.5,1298.5,1298.5,0,0
20190122,0800,1298.5,1298.5,1298.5,1298.5,0,0
20190122,0830,1298.5,1298.5,1298.5,1298.5,0,0
20190122,0900,1298.5,1298.5,1298.5,1298.5,0,0
20190122,0930,1298.5,1298.5,1296.9,1296.9,1,0
20190122,1000,1296.9,1296.9,1296.9,1296.9,0,0
20190122,1030,1296.9,1296.9,1296.9,1296.9,1,0
20190122,1100,1296.9,1296.9,1296.9,1296.9,0,0
20190122,1130,1296.9,1296.9,1295.8,1295.8,32,0
20190122,1200,1295.8,1295.8,1295.8,1295.8,1,0
20190122,1230,1295.8,1295.8,1295.8,1295.8,0,0
20190122,1300,1295.8,1295.8,1295.8,1295.8,0,0
20190122,1330,1295.8,1295.8,1295.8,1295.8,0,0
20190122,1400,1295.8,1297.6,1295.5,1297.6,7,0
20190122,1430,1297.6,1297.6,1297.0,1297.0,1,0
20190122,1500,1297.0,1297.0,1296.6,1296.6,46,0
20190122,1530,1296.6,1296.6,1296.6,1296.6,0,0
20190122,1600,1296.6,1296.6,1296.6,1296.6,0,0
20190122,1630,1296.6,1296.6,1296.6,1296.6,0,0
20190122,1700,1296.6,1302.4,1296.6,1302.4,1,0
20190122,1730,1302.4,1302.4,1302.4,1302.4,4,0
20190122,1800,1302.4,1302.4,1302.4,1302.4,0,0
20190122,1830,1302.4,1302.4,1302.4,1302.4,85,0
20190122,1900,1302.4,1302.4,1302.3,1302.3,1,0
20190122,1930,1302.3,1302.3,1302.3,1302.3,0,0
20190122,2000,1302.3,1302.3,1301.5,1301.5,56,0
20190122,2030,1301.5,1301.5,1300.5,1300.6,6,0
20190122,2100,1300.6,1301.4,1300.6,1301.3,10,0
20190122,2130,1301.3,1301.3,1299.9,1299.9,201,0
20190122,2200,1299.9,1300.6,1299.9,1300.6,36,0
20190122,2230,1300.6,1302.1,1300.6,1301.0,4,0
20190122,2300,1301.0,1301.0,1300.0,1300.0,15,0
20190122,2330,1300.0,1300.1,1298.3,1298.3,14,0
20190123,0000,1298.3,1298.3,1297.7,1298.1,28,0
20190123,0030,1298.1,1299.4,1298.1,1299.0,60,0
20190123,0100,1299.0,1301.1,1299.0,1301.1,8,0
20190123,0130,1301.1,1301.5,1301.0,1301.1,77,0
20190123,0200,1301.1,1301.6,1301.1,1301.4,458,0
20190123,0230,1301.4,1302.6,1301.4,1301.9,172,0
20190123,0300,1301.9,1302.6,1301.8,1302.6,559,0
20190123,0330,1302.6,1302.6,1302.6,1302.6,166,0
20190123,0400,1302.6,1302.6,1302.6,1302.6,252,0
20190123,0430,1302.6,1302.6,1302.6,1302.6,10,0
20190123,0500,1302.6,1302.6,1302.6,1302.6,0,0
20190123,0530,1302.6,1302.6,1302.6,1302.6,0,0
20190123,0600,1302.6,1303.2,1302.6,1303.2,1,0
20190123,0630,1303.2,1303.2,1303.2,1303.2,0,0
20190123,1400,1302.0,1302.0,1302.0,1302.0,0,0
20190123,1430,1302.0,1302.1,1302.0,1302.1,66,0
20190123,1500,1302.1,1302.5,1302.1,1302.5,1,0
20190123,1530,1302.5,1302.5,1302.5,1302.5,0,0
20190123,1600,1302.5,1302.5,1302.5,1302.5,10,0
20190123,1630,1302.5,1302.5,1302.5,1302.5,10,0
20190123,1700,1302.5,1302.5,1302.5,1302.5,15,0
20190123,1730,1302.5,1302.5,1302.5,1302.5,0,0
20190123,1800,1302.5,1303.5,1302.5,1303.0,531,0
20190123,1830,1303.0,1303.0,1303.0,1303.0,49,0
20190123,1900,1303.0,1303.0,1303.0,1303.0,0,0
20190123,1930,1303.0,1303.9,1303.0,1303.9,62,0
20190123,2000,1303.9,1303.9,1303.6,1303.6,16,0
20190123,2030,1303.6,1303.6,1302.9,1302.9,53,0
20190123,2100,1302.9,1303.5,1302.9,1303.5,106,0
20190123,2130,1303.5,1303.5,1299.8,1299.8,67,0
20190123,2200,1299.8,1299.9,1299.0,1299.2,18,0
20190123,2230,1299.2,1299.4,1297.2,1297.6,675,0
20190123,2300,1297.6,1297.6,1296.5,1297.4,17,0
20190123,2330,1297.4,1297.9,1297.4,1297.9,143,0
20190124,0000,1297.9,1301.0,1297.9,1300.6,23,0
20190124,0030,1300.6,1302.6,1299.9,1302.6,23,0
20190124,0100,1302.6,1303.1,1302.2,1303.0,14,0
20190124,0130,1303.0,1303.3,1302.9,1303.2,19,0
20190124,0200,1303.2,1303.2,1302.5,1302.7,428,0
20190124,0230,1302.7,1302.8,1302.2,1302.6,383,0
20190124,0300,1302.4,1302.4,1302.3,1302.3,79,0
20190124,0330,1302.3,1302.3,1302.3,1302.3,0,0
20190124,0400,1302.3,1302.3,1302.3,1302.3,5,0
20190124,0430,1302.3,1302.3,1302.3,1302.3,0,0
20190124,0500,1302.3,1302.3,1302.3,1302.3,0,0
20190124,0530,1302.3,1302.3,1302.3,1302.3,0,0
20190124,0600,1302.3,1302.3,1302.3,1302.3,0,0
20190124,0630,1302.3,1302.3,1302.3,1302.3,0,0
20190124,1030,1301.4,1301.4,1301.4,1301.4,1,0
20190124,1100,1301.4,1301.4,1301.4,1301.4,0,0
20190124,1130,1301.4,1301.4,1301.4,1301.4,0,0
20190124,1200,1301.4,1301.4,1301.4,1301.4,0,0
20190124,1230,1301.4,1301.4,1301.4,1301.4,0,0
20190124,1300,1301.4,1301.4,1301.4,1301.4,0,0
20190124,1330,1301.4,1301.4,1301.4,1301.4,0,0
20190124,1400,1301.4,1301.4,1299.1,1299.1,2,0
20190124,1430,1299.1,1299.1,1299.1,1299.1,1,0
20190124,1500,1299.1,1299.1,1298.9,1298.9,4,0
20190124,1530,1298.9,1298.9,1298.9,1298.9,0,0
20190124,1600,1298.9,1298.9,1297.4,1297.4,29,0
20190124,1630,1297.4,1297.8,1297.4,1297.8,1,0
20190124,1700,1297.8,1297.8,1297.1,1297.1,3,0
20190124,1730,1297.1,1297.1,1297.1,1297.1,0,0
20190124,1800,1297.1,1297.1,1297.1,1297.1,0,0
20190124,1830,1297.1,1297.1,1297.1,1297.1,0,0
20190124,1900,1297.1,1297.1,1297.1,1297.1,0,0
20190124,1930,1297.1,1297.1,1297.1,1297.1,0,0
20190124,2000,1297.1,1297.1,1297.1,1297.1,1,0
20190124,2030,1297.1,1297.1,1297.0,1297.0,107,0
20190124,2100,1297.0,1297.0,1297.0,1297.0,33,0
20190124,2130,1297.0,1297.0,1295.6,1295.6,34,0
20190124,2200,1295.6,1298.9,1295.6,1298.9,57,0
20190124,2230,1298.9,1298.9,1297.3,1298.4,271,0
20190124,2300,1298.4,1301.1,1298.4,1300.7,139,0
20190124,2330,1300.7,1300.7,1300.3,1300.5,3,0
20190125,0000,1300.5,1300.5,1299.6,1299.9,123,0
20190125,0030,1299.9,1300.4,1299.9,1300.4,10,0
20190125,0100,1300.4,1300.5,1299.4,1299.9,29,0
20190125,0130,1299.9,1299.9,1299.7,1299.7,1,0
20190125,0200,1299.7,1299.7,1298.0,1298.0,3,0
20190125,0230,1298.0,1298.7,1298.0,1298.2,81,0
20190125,0300,1298.2,1298.3,1298.2,1298.3,614,0
20190125,0330,1298.3,1298.3,1298.3,1298.3,0,0
20190125,0400,1298.3,1298.3,1298.3,1298.3,204,0
20190125,0430,1298.3,1298.3,1298.3,1298.3,0,0
20190125,0500,1298.3,1298.3,1298.3,1298.3,0,0
20190125,0530,1298.3,1298.3,1298.3,1298.3,0,0
20190125,0600,1298.3,1298.3,1298.2,1298.2,1,0
20190125,0630,1298.2,1298.2,1298.2,1298.2,0,0
20190125,0730,1298.8,1298.8,1298.8,1298.8,0,0
20190125,0800,1298.8,1298.8,1298.8,1298.8,0,0
20190125,0830,1298.8,1298.8,1298.8,1298.8,0,0
20190125,0900,1298.8,1298.8,1298.8,1298.8,0,0
20190125,0930,1298.8,1298.8,1298.8,1298.8,1,0
20190125,1000,1298.8,1298.8,1298.1,1298.1,3,0
20190125,1030,1298.1,1298.1,1298.1,1298.1,0,0
20190125,1100,1298.1,1298.1,1298.1,1298.1,0,0
20190125,1130,1298.1,1298.1,1298.1,1298.1,0,0
20190125,1200,1298.1,1298.1,1298.1,1298.1,0,0
20190125,1230,1298.1,1298.1,1298.1,1298.1,0,0
20190125,1300,1298.1,1298.1,1298.1,1298.1,0,0
20190125,1330,1298.1,1298.1,1298.1,1298.1,0,0
20190125,1400,1298.1,1298.1,1298.1,1298.1,0,0
20190125,1430,1298.1,1298.1,1298.1,1298.1,0,0
20190125,1500,1298.1,1300.1,1298.1,1300.1,7,0
20190125,1530,1300.1,1301.6,1300.1,1301.6,2,0
20190125,1600,1301.6,1301.6,1301.6,1301.6,0,0
20190125,1630,1301.6,1301.6,1301.6,1301.6,0,0
20190125,1700,1301.6,1301.6,1300.9,1300.9,6,0
20190125,1730,1300.9,1301.0,1300.9,1301.0,1,0
20190125,1800,1301.0,1301.0,1300.7,1300.8,91,0
20190125,1830,1300.8,1300.8,1300.6,1300.6,18,0
20190125,1900,1300.6,1300.6,1300.6,1300.6,0,0
20190125,1930,1300.6,1300.6,1300.6,1300.6,0,0
20190125,2000,1300.6,1302.1,1300.6,1302.1,1,0
20190125,2030,1302.1,1302.4,1302.1,1302.4,7,0
20190125,2100,1302.4,1302.4,1302.4,1302.4,0,0
20190125,2130,1302.4,1302.8,1302.0,1302.8,4,0
20190125,2200,1302.8,1306.3,1302.8,1306.3,130,0
20190125,2230,1306.3,1309.7,1306.3,1309.3,155,0
20190125,2300,1309.3,1312.5,1309.3,1311.6,316,0
20190125,2330,1311.6,1315.1,1311.6,1315.0,25,0
20190126,0000,1315.0,1316.0,1315.0,1316.0,5,0
20190126,0030,1316.0,1317.9,1315.5,1317.9,5,0
20190126,0100,1317.9,1317.9,1316.8,1316.8,3,0
20190126,0130,1316.8,1316.8,1315.1,1315.1,1,0
20190126,0200,1315.1,1315.3,1314.8,1314.8,8,0
20190126,0230,1314.8,1316.7,1314.8,1316.6,669,0
20190126,0300,1316.6,1316.6,1316.6,1316.6,40,0
20190126,0330,1316.6,1316.6,1316.6,1316.6,417,0
20190126,0400,1316.6,1316.6,1316.6,1316.6,0,0
20190126,0430,1316.6,1316.6,1316.6,1316.6,1,0
20190126,0500,1316.6,1316.6,1316.6,1316.6,0,0
20190126,0530,1316.6,1318.0,1316.6,1318.0,5,0
20190126,0600,1318.0,1321.0,1318.0,1320.7,14,0
20190126,0630,1320.7,1320.7,1320.7,1320.7,0,0
20190128,0730,1319.1,1319.1,1319.1,1319.1,0,0
20190128,0800,1319.1,1319.1,1318.0,1318.1,11,0
20190128,0830,1318.1,1318.1,1318.1,1318.1,0,0
20190128,0900,1318.1,1319.3,1318.1,1319.3,1,0
20190128,0930,1319.3,1319.3,1319.3,1319.3,1,0
20190128,1000,1319.3,1319.3,1319.3,1319.3,0,0
20190128,1030,1319.3,1319.3,1319.3,1319.3,0,0
20190128,1100,1319.3,1319.3,1319.3,1319.3,0,0
20190128,1130,1319.3,1319.3,1319.3,1319.3,57,0
20190128,1200,1319.3,1320.7,1319.3,1320.7,1,0
20190128,1230,1320.7,1320.7,1320.7,1320.7,0,0
20190128,1300,1320.7,1320.7,1320.7,1320.7,0,0
20190128,1330,1320.7,1321.9,1320.7,1321.9,3,0
20190128,1400,1321.9,1321.9,1320.2,1320.7,10,0
20190128,1430,1320.7,1320.7,1320.1,1320.1,1,0
20190128,1500,1320.1,1320.1,1320.1,1320.1,0,0
20190128,1530,1320.1,1320.1,1320.1,1320.1,0,0
20190128,1600,1320.1,1320.1,1320.1,1320.1,6,0
20190128,1800,1318.5,1318.5,1318.5,1318.5,464,0
20190128,1830,1318.5,1318.5,1318.5,1318.5,0,0
20190128,1900,1318.5,1319.7,1318.5,1319.3,7,0
20190128,1930,1319.3,1319.3,1319.1,1319.1,352,0
20190128,2000,1319.1,1319.1,1319.1,1319.1,0,0
20190128,2030,1319.1,1319.1,1317.7,1317.7,407,0
20190128,2100,1317.7,1318.1,1317.7,1318.1,10,0
20190128,2130,1318.1,1318.1,1318.1,1318.1,368,0
20190128,2200,1318.1,1318.4,1318.1,1318.4,719,0
20190128,2230,1318.4,1318.4,1318.4,1318.4,1,0
20190128,2300,1318.4,1318.6,1318.4,1318.6,113,0
20190128,2330,1318.6,1321.7,1318.6,1320.3,79,0
20190129,0000,1320.3,1320.5,1320.3,1320.4,66,0
20190129,0030,1320.4,1320.7,1320.4,1320.4,29,0
20190129,0100,1320.4,1321.4,1320.4,1321.4,19,0
20190129,0130,1321.4,1321.6,1320.9,1320.9,5,0
20190129,0200,1320.9,1321.2,1320.6,1321.2,173,0
20190129,0230,1321.2,1322.2,1321.2,1322.2,678,0
20190129,0300,1322.2,1322.2,1320.8,1320.8,131,0
20190129,0330,1320.8,1321.0,1320.8,1321.0,5,0
20190129,0400,1321.0,1321.0,1320.5,1320.5,5,0
20190129,0430,1320.5,1320.5,1320.5,1320.5,0,0
20190129,0500,1320.5,1321.8,1320.5,1321.8,28,0
20190129,0530,1321.8,1321.8,1321.8,1321.8,0,0
20190129,0600,1321.8,1321.8,1321.8,1321.8,0,0
20190129,0630,1321.8,1321.8,1321.8,1321.8,0,0
20190129,0930,1321.6,1321.6,1321.6,1321.6,2,0
20190129,1000,1321.6,1321.6,1321.6,1321.6,0,0
20190129,1030,1321.6,1321.6,1321.6,1321.6,3,0
20190129,1100,1321.6,1321.6,1321.6,1321.6,0,0
20190129,1130,1321.6,1321.6,1321.6,1321.6,0,0
20190129,1200,1321.6,1321.6,1321.6,1321.6,0,0
20190129,1230,1321.6,1321.6,1321.6,1321.6,0,0
20190129,1300,1321.6,1321.6,1321.6,1321.6,0,0
20190129,1330,1321.6,1322.1,1321.6,1321.9,14,0
20190129,1400,1321.9,1321.9,1321.2,1321.2,3,0
20190129,1430,1321.2,1324.1,1321.2,1324.1,152,0
20190129,1500,1324.1,1324.1,1323.5,1323.5,48,0
20190129,1530,1323.5,1323.5,1323.4,1323.5,58,0
20190129,1600,1323.5,1324.8,1323.5,1324.8,45,0
20190129,1630,1324.8,1326.0,1324.8,1326.0,678,0
20190129,1700,1326.0,1326.0,1326.0,1326.0,74,0
20190129,1730,1326.0,1326.0,1324.9,1324.9,274,0
20190129,1800,1324.9,1324.9,1324.9,1324.9,209,0
20190129,1830,1324.9,1324.9,1324.9,1324.9,196,0
20190129,1900,1324.9,1326.0,1324.9,1326.0,12,0
20190129,1930,1326.0,1326.0,1326.0,1326.0,20,0
20190129,2000,1326.0,1326.0,1326.0,1326.0,0,0
20190129,2030,1326.0,1326.0,1326.0,1326.0,110,0
20190129,2100,1326.0,1327.3,1326.0,1327.3,1,0
20190129,2130,1327.3,1327.3,1327.3,1327.3,64,0
20190129,2200,1327.3,1327.3,1327.3,1327.3,49,0
20190129,2230,1327.3,1327.3,1326.6,1326.6,180,0
20190129,2300,1326.6,1326.6,1324.4,1324.4,39,0
20190129,2330,1324.4,1328.2,1324.4,1328.2,51,0
20190130,0000,1328.2,1329.1,1328.1,1328.2,25,0
20190130,0030,1328.2,1328.6,1327.6,1327.6,79,0
20190130,0100,1327.6,1328.1,1327.2,1327.4,19,0
20190130,0130,1327.4,1327.4,1326.3,1326.7,104,0
20190130,0200,1326.7,1327.2,1326.7,1327.2,20,0
20190130,0230,1327.2,1327.9,1326.9,1327.8,464,0
20190130,0300,1327.8,1327.8,1327.6,1327.8,33,0
20190130,0330,1327.8,1329.3,1327.8,1329.3,15,0
20190130,0400,1329.3,1329.3,1329.3,1329.3,0,0
20190130,0430,1329.3,1329.3,1329.3,1329.3,0,0
20190130,0500,1329.3,1329.3,1329.3,1329.3,0,0
20190130,0530,1329.3,1329.3,1329.3,1329.3,1,0
20190130,0600,1329.3,1329.3,1329.3,1329.3,0,0
20190130,0630,1329.3,1329.3,1329.3,1329.3,0,0
20190130,0930,1328.5,1328.5,1328.5,1328.5,0,0
20190130,1000,1328.5,1331.2,1328.5,1331.2,2,0
20190130,1030,1331.2,1331.2,1331.2,1331.2,0,0
20190130,1100,1331.2,1331.2,1331.2,1331.2,0,0
20190130,1130,1331.2,1331.2,1331.2,1331.2,0,0
20190130,1200,1331.2,1331.2,1331.2,1331.2,0,0
20190130,1230,1331.2,1331.2,1331.2,1331.2,0,0
20190130,1300,1331.2,1331.2,1331.2,1331.2,0,0
20190130,1330,1331.2,1331.5,1331.2,1331.5,12,0
20190130,1400,1331.5,1332.3,1331.5,1332.3,5,0
20190130,1430,1332.3,1332.4,1332.2,1332.2,9,0
20190130,1500,1332.2,1332.8,1332.2,1332.8,8,0
20190130,1530,1332.8,1332.8,1332.8,1332.8,0,0
20190130,1600,1332.8,1332.8,1332.8,1332.8,0,0
20190130,1630,1332.8,1332.8,1331.1,1332.5,2,0
20190130,1700,1332.5,1332.5,1332.5,1332.5,127,0
20190130,1730,1332.5,1332.5,1331.4,1331.4,61,0
20190130,1800,1331.4,1331.4,1331.2,1331.2,38,0
20190130,1830,1331.2,1331.2,1331.2,1331.2,2,0
20190130,1900,1331.2,1331.2,1331.2,1331.2,0,0
20190130,1930,1331.2,1331.2,1330.7,1330.7,1,0
20190130,2000,1330.7,1330.9,1330.7,1330.9,85,0
20190130,2030,1330.9,1330.9,1330.9,1330.9,13,0
20190130,2100,1330.9,1330.9,1329.8,1330.0,4,0
20190130,2130,1330.0,1330.0,1328.7,1328.7,6,0
20190130,2200,1328.7,1329.0,1328.7,1329.0,68,0
20190130,2230,1329.0,1329.0,1327.8,1327.8,10,0
20190130,2300,1327.8,1327.8,1327.8,1327.8,685,0
20190130,2330,1327.8,1327.8,1327.8,1327.8,146,0
20190131,0000,1327.8,1329.6,1327.8,1329.5,91,0
20190131,0030,1329.5,1329.5,1328.6,1328.6,284,0
20190131,0100,1328.6,1329.0,1328.5,1328.7,16,0
20190131,0130,1328.7,1328.7,1328.0,1328.5,164,0
20190131,0200,1328.5,1328.6,1328.2,1328.6,13,0
20190131,0230,1328.6,1328.6,1327.8,1328.2,269,0
20190131,0300,1328.2,1328.2,1327.9,1327.9,7,0
20190131,0330,1327.9,1335.3,1327.9,1335.3,0,0
20190131,0400,1335.3,1341.0,1335.3,1336.5,0,0
20190131,0430,1336.5,1336.7,1336.5,1336.7,0,0
20190131,0500,1336.7,1336.7,1336.7,1336.7,0,0
20190131,0530,1336.7,1336.7,1336.7,1336.7,0,0
20190131,0600,1336.7,1336.7,1336.7,1336.7,0,0
20190131,0630,1336.7,1336.7,1336.7,1336.7,0,0
20190131,0930,1335.0,1335.0,1335.0,1335.0,0,0
20190131,1000,1335.0,1335.0,1335.0,1335.0,0,0
20190131,1030,1335.0,1335.0,1335.0,1335.0,11,0
20190131,1100,1335.0,1335.0,1335.0,1335.0,0,0
20190131,1130,1335.0,1335.0,1335.0,1335.0,0,0
20190131,1200,1335.0,1335.0,1335.0,1335.0,0,0
20190131,1230,1335.0,1335.0,1335.0,1335.0,0,0
20190131,1300,1335.0,1335.0,1335.0,1335.0,20,0
20190131,1330,1335.0,1335.0,1335.0,1335.0,0,0
20190131,1400,1335.0,1337.8,1335.0,1337.8,2,0
20190131,1430,1337.8,1337.8,1337.8,1337.8,0,0
20190131,1500,1337.8,1337.8,1337.8,1337.8,40,0
20190131,1530,1337.8,1337.8,1337.8,1337.8,0,0
20190131,1600,1337.8,1337.8,1337.8,1337.8,0,0
20190131,1630,1337.8,1338.4,1337.8,1338.4,1,0
20190131,1700,1338.4,1338.4,1338.4,1338.4,0,0
20190131,1730,1338.4,1338.4,1337.5,1337.5,1,0
20190131,1800,1337.5,1337.5,1337.5,1337.5,0,0
20190131,1830,1337.5,1337.9,1337.5,1337.9,1,0
20190131,1900,1337.9,1339.3,1337.9,1339.3,1,0
20190131,1930,1339.3,1339.9,1339.3,1339.9,2,0
20190131,2000,1339.9,1340.7,1339.9,1340.7,11,0
20190131,2030,1340.7,1340.7,1340.5,1340.5,8,0
20190131,2100,1340.5,1340.5,1340.5,1340.5,1,0
20190131,2130,1340.5,1341.1,1340.5,1340.5,4,0
20190131,2200,1340.5,1342.0,1340.5,1342.0,96,0
20190131,2230,1342.0,1342.5,1341.0,1341.8,170,0
20190131,2300,1341.8,1342.0,1341.8,1342.0,48,0
20190131,2330,1342.0,1342.0,1340.0,1341.6,5,0
20190201,0000,1341.6,1341.6,1341.0,1341.0,27,0
20190201,0030,1341.0,1341.0,1338.2,1338.3,24,0
20190201,0100,1338.3,1339.0,1337.6,1338.2,11,0
20190201,0130,1338.2,1338.8,1337.3,1338.0,25,0
20190201,0200,1338.0,1339.0,1337.6,1339.0,16,0
20190201,0230,1339.0,1339.0,1337.6,1337.6,535,0
20190201,0300,1337.6,1337.6,1337.4,1337.4,207,0
20190201,0330,1337.4,1337.4,1337.4,1337.4,0,0
20190201,0400,1337.4,1337.4,1337.4,1337.4,0,0
20190201,0430,1337.4,1337.4,1337.4,1337.4,0,0
20190201,0500,1337.4,1338.1,1337.4,1338.1,3,0
20190201,0530,1338.1,1338.1,1337.8,1337.8,1,0
20190201,0600,1337.8,1338.1,1337.8,1338.1,1,0
20190201,0630,1338.1,1338.1,1338.1,1338.1,0,0
20190201,0730,1338.3,1338.3,1337.7,1337.7,1,0
20190201,0800,1337.7,1337.7,1337.7,1337.7,0,0
20190201,0830,1337.7,1337.7,1337.7,1337.7,0,0
20190201,0900,1337.7,1337.7,1337.7,1337.7,0,0
20190201,0930,1337.7,1337.7,1337.7,1337.7,0,0
20190201,1000,1337.7,1337.7,1337.7,1337.7,1,0
20190201,1030,1337.7,1337.7,1337.7,1337.7,1,0
20190201,1100,1337.7,1337.7,1337.7,1337.7,1,0
20190201,1130,1337.7,1337.7,1337.7,1337.7,0,0
20190201,1200,1337.7,1337.7,1337.7,1337.7,0,0
20190201,1230,1337.7,1337.7,1337.7,1337.7,0,0
20190201,1300,1337.7,1337.7,1337.7,1337.7,0,0
20190201,1330,1337.7,1337.7,1337.7,1337.7,0,0
20190201,1400,1337.7,1337.7,1337.7,1337.7,1,0
20190201,1430,1337.7,1337.7,1337.7,1337.7,0,0
20190201,1500,1337.7,1337.7,1337.7,1337.7,0,0
20190201,1530,1337.7,1337.7,1337.7,1337.7,2,0
20190201,1600,1337.7,1337.7,1337.7,1337.7,0,0
20190201,1630,1337.7,1337.7,1337.7,1337.7,0,0
20190201,1700,1337.7,1337.7,1335.5,1335.5,2,0
20190201,1730,1335.5,1336.3,1335.5,1336.3,74,0
20190201,1800,1336.3,1336.3,1336.3,1336.3,1,0
20190201,1830,1336.3,1336.3,1336.3,1336.3,0,0
20190201,1900,1336.3,1336.3,1336.3,1336.3,0,0
20190201,1930,1336.3,1336.3,1336.3,1336.3,0,0
20190201,2000,1336.3,1336.3,1336.3,1336.3,0,0
20190201,2030,1336.3,1336.3,1336.3,1336.3,0,0
20190201,2100,1336.3,1336.3,1336.3,1336.3,10,0
20190201,2130,1336.3,1338.4,1336.3,1338.4,83,0
20190201,2200,1338.4,1339.7,1335.9,1339.7,3,0
20190201,2230,1339.7,1339.7,1339.7,1339.7,0,0
20190201,2300,1339.7,1339.8,1338.5,1338.5,7,0
20190201,2330,1338.5,1338.5,1334.6,1334.6,6,0
20190202,0000,1334.6,1335.3,1334.4,1335.3,20,0
20190202,0030,1335.3,1335.6,1334.6,1335.4,17,0
20190202,0100,1335.4,1335.4,1333.5,1333.6,37,0
20190202,0130,1333.6,1334.7,1333.6,1334.7,127,0
20190202,0200,1334.7,1335.1,1334.7,1334.8,39,0
20190202,0230,1334.8,1334.8,1334.8,1334.8,301,0
20190202,0300,1334.8,1334.8,1334.8,1334.8,93,0
20190202,0330,1334.8,1334.8,1334.8,1334.8,0,0
20190202,0400,1334.8,1334.8,1334.8,1334.8,0,0
20190202,0430,1334.8,1334.8,1334.8,1334.8,0,0
20190202,0500,1334.8,1334.8,1334.8,1334.8,0,0
20190202,0530,1334.8,1334.8,1334.8,1334.8,0,0
20190202,0600,1334.8,1334.8,1334.8,1334.8,0,0
20190202,0630,1334.8,1334.8,1334.8,1334.8,0,0
20190204,1330,1329.5,1329.5,1329.5,1329.5,0,0
20190204,1400,1329.5,1329.5,1329.5,1329.5,0,0
20190204,1430,1329.5,1329.5,1329.5,1329.5,0,0
20190204,1500,1329.5,1329.5,1329.5,1329.5,0,0
20190204,1530,1329.5,1329.5,1329.5,1329.5,0,0
20190204,1600,1329.5,1329.5,1329.5,1329.5,0,0
20190204,1630,1329.5,1329.5,1329.5,1329.5,0,0
20190204,1700,1329.5,1329.5,1329.5,1329.5,0,0
20190204,1730,1329.5,1329.5,1328.8,1328.8,1,0
20190204,1800,1328.8,1328.8,1328.8,1328.8,0,0
20190204,1830,1328.8,1328.8,1328.0,1328.0,5,0
20190204,1900,1328.0,1328.0,1328.0,1328.0,0,0
20190204,1930,1328.0,1328.0,1328.0,1328.0,0,0
20190204,2000,1328.0,1328.0,1328.0,1328.0,0,0
20190204,2030,1328.0,1328.0,1328.0,1328.0,0,0
20190204,2100,1328.0,1328.0,1327.3,1327.8,2,0
20190204,2130,1327.8,1328.5,1327.8,1328.5,7,0
20190204,2200,1328.5,1328.5,1328.4,1328.4,1,0
20190204,2230,1328.4,1328.4,1326.9,1328.0,106,0
20190204,2300,1328.0,1329.8,1327.9,1327.9,76,0
20190204,2330,1327.9,1330.5,1327.9,1330.5,17,0
20190205,0000,1330.5,1331.3,1330.5,1330.9,17,0
20190205,0030,1330.9,1331.5,1329.8,1331.1,52,0
20190205,0100,1331.1,1331.8,1331.1,1331.8,50,0
20190205,0130,1331.8,1331.8,1330.4,1330.6,21,0
20190205,0200,1330.6,1331.5,1330.6,1331.2,33,0
20190205,0230,1331.2,1332.0,1331.2,1331.9,1257,0
20190205,0300,1331.9,1331.9,1331.9,1331.9,0,0
20190205,0330,1331.9,1331.9,1331.0,1331.0,1,0
20190205,0400,1331.0,1331.0,1331.0,1331.0,1,0
20190205,0430,1331.0,1331.0,1331.0,1331.0,0,0
20190205,0500,1331.0,1331.0,1329.6,1329.6,3,0
20190205,0530,1329.6,1329.6,1329.6,1329.6,0,0
20190205,0600,1329.6,1329.6,1329.6,1329.6,0,0
20190205,0630,1329.6,1329.6,1329.6,1329.6,0,0
20190205,0800,1328.8,1328.8,1328.8,1328.8,0,0
20190205,0830,1328.8,1328.8,1328.8,1328.8,0,0
20190205,0900,1328.8,1328.8,1328.8,1328.8,0,0
20190205,0930,1328.8,1328.8,1328.8,1328.8,0,0
20190205,1000,1328.8,1328.8,1328.8,1328.8,0,0
20190205,1030,1328.8,1328.8,1328.8,1328.8,0,0
20190205,1100,1328.8,1328.8,1328.8,1328.8,0,0
20190205,1130,1328.8,1328.8,1328.8,1328.8,0,0
20190205,1200,1328.8,1328.8,1328.8,1328.8,0,0
20190205,1230,1328.8,1331.3,1328.8,1331.3,1,0
20190205,1300,1331.3,1331.3,1331.3,1331.3,0,0
20190205,1330,1331.3,1331.3,1331.3,1331.3,0,0
20190205,1400,1331.3,1331.8,1331.3,1331.8,1,0
20190205,1430,1331.8,1331.8,1331.8,1331.8,0,0
20190205,1500,1331.8,1331.8,1331.8,1331.8,0,0
20190205,1530,1331.8,1331.8,1331.8,1331.8,0,0
20190205,1600,1331.8,1331.8,1331.8,1331.8,0,0
20190205,1630,1331.8,1331.8,1331.8,1331.8,0,0
20190205,1700,1331.8,1331.8,1329.0,1329.0,1,0
20190205,1730,1329.0,1329.0,1329.0,1329.0,0,0
20190205,1800,1329.0,1329.0,1329.0,1329.0,162,0
20190205,1830,1329.0,1329.0,1328.8,1328.8,35,0
20190205,1900,1328.8,1330.7,1328.8,1330.6,26,0
20190205,1930,1330.6,1330.6,1330.6,1330.6,0,0
20190205,2000,1330.6,1330.6,1330.6,1330.6,0,0
20190205,2030,1330.6,1330.6,1330.6,1330.6,0,0
20190205,2100,1330.6,1331.0,1329.9,1330.2,19,0
20190205,2130,1330.2,1331.2,1329.8,1331.2,17,0
20190205,2200,1331.2,1333.3,1331.2,1332.1,22,0
20190205,2230,1332.1,1332.4,1331.4,1331.9,33,0
20190205,2300,1331.9,1332.0,1331.3,1331.5,69,0
20190205,2330,1331.5,1333.3,1331.0,1332.8,20,0
20190206,0000,1332.8,1332.8,1331.6,1331.8,27,0
20190206,0030,1331.8,1331.8,1330.3,1331.4,202,0
20190206,0100,1331.4,1331.4,1330.5,1330.5,98,0
20190206,0130,1330.5,1331.4,1329.9,1331.4,469,0
20190206,0200,1331.4,1331.7,1331.2,1331.6,96,0
20190206,0230,1331.6,1332.2,1331.6,1332.1,127,0
20190206,0300,1332.1,1332.3,1331.9,1331.9,253,0
20190206,0330,1331.9,1331.9,1331.9,1331.9,0,0
20190206,0400,1331.9,1331.9,1331.7,1331.7,1,0
20190206,0430,1331.7,1331.7,1331.7,1331.7,6,0
20190206,0500,1331.7,1331.7,1331.7,1331.7,0,0
20190206,0530,1331.7,1331.7,1331.7,1331.7,0,0
20190206,0600,1331.7,1331.7,1331.7,1331.7,0,0
20190206,0630,1331.7,1331.7,1331.7,1331.7,0,0
20190206,1030,1330.3,1330.3,1330.3,1330.3,0,0
20190206,1100,1330.3,1331.9,1330.3,1331.9,2,0
20190206,1130,1331.9,1331.9,1331.9,1331.9,0,0
20190206,1200,1331.9,1331.9,1331.9,1331.9,0,0
20190206,1230,1331.9,1331.9,1330.6,1330.6,3,0
20190206,1300,1330.6,1330.6,1330.6,1330.6,0,0
20190206,1330,1330.6,1330.6,1330.6,1330.6,0,0
20190206,1400,1330.6,1330.6,1330.6,1330.6,0,0
20190206,1430,1330.6,1330.6,1330.6,1330.6,0,0
20190206,1500,1330.6,1330.6,1330.6,1330.6,0,0
20190206,1530,1330.6,1330.6,1330.0,1330.0,11,0
20190206,1600,1330.0,1330.0,1330.0,1330.0,0,0
20190206,1630,1330.0,1330.0,1330.0,1330.0,0,0
20190206,1700,1330.0,1330.0,1330.0,1330.0,14,0
20190206,1730,1330.0,1330.6,1330.0,1330.6,1,0
20190206,1800,1330.6,1330.6,1330.4,1330.4,5,0
20190206,1830,1330.4,1330.4,1330.4,1330.4,0,0
20190206,1900,1330.4,1330.4,1330.4,1330.4,0,0
20190206,1930,1330.4,1330.4,1330.0,1330.0,1,0
20190206,2000,1330.0,1330.0,1329.1,1329.1,1,0
20190206,2030,1329.1,1329.1,1328.7,1328.8,29,0
20190206,2100,1328.8,1330.2,1328.8,1330.2,21,0
20190206,2130,1330.2,1331.0,1330.2,1330.8,22,0
20190206,2200,1330.8,1331.3,1330.3,1330.5,23,0
20190206,2230,1330.5,1331.7,1330.5,1330.8,31,0
20190206,2300,1330.8,1330.9,1329.0,1329.3,60,0
20190206,2330,1329.3,1330.4,1329.3,1329.6,20,0
20190207,0000,1329.6,1329.6,1329.0,1329.6,22,0
20190207,0030,1329.6,1329.6,1328.9,1329.0,21,0
20190207,0100,1329.0,1329.3,1328.7,1329.3,20,0
20190207,0130,1329.3,1329.7,1328.9,1329.2,24,0
20190207,0200,1329.2,1329.3,1328.8,1329.3,21,0
20190207,0230,1329.3,1329.3,1326.6,1326.6,130,0
20190207,0300,1326.6,1326.6,1326.6,1326.6,56,0
20190207,0330,1326.6,1326.6,1326.6,1326.6,0,0
20190207,0400,1326.6,1326.6,1324.1,1324.1,1,0
20190207,0430,1324.1,1324.1,1324.1,1324.1,0,0
20190207,0500,1324.1,1324.1,1323.4,1323.4,1,0
20190207,0530,1323.4,1323.4,1323.4,1323.4,0,0
20190207,0600,1323.4,1323.4,1323.2,1323.2,1,0
20190207,0630,1323.2,1323.2,1323.2,1323.2,0,0
20190207,0930,1323.6,1323.6,1323.6,1323.6,0,0
20190207,1000,1323.6,1323.6,1320.2,1320.2,4,0
20190207,1030,1320.2,1320.2,1320.2,1320.2,0,0
20190207,1100,1320.2,1320.2,1320.2,1320.2,0,0
20190207,1130,1320.2,1320.2,1320.2,1320.2,0,0
20190207,1200,1320.2,1320.2,1320.2,1320.2,0,0
20190207,1230,1320.2,1320.2,1320.2,1320.2,0,0
20190207,1300,1320.2,1320.2,1320.2,1320.2,0,0
20190207,1330,1320.2,1320.2,1320.2,1320.2,0,0
20190207,1400,1320.2,1320.4,1320.2,1320.4,4,0
20190207,1430,1320.4,1320.5,1320.4,1320.5,1,0
20190207,1500,1320.5,1320.5,1320.5,1320.5,0,0
20190207,1530,1320.5,1320.5,1320.5,1320.5,0,0
20190207,1600,1320.5,1320.5,1320.5,1320.5,0,0
20190207,1630,1320.5,1320.6,1320.3,1320.3,3,0
20190207,1700,1320.3,1320.3,1320.3,1320.3,0,0
20190207,1730,1320.3,1320.3,1320.3,1320.3,0,0
20190207,1800,1320.3,1320.3,1320.3,1320.3,0,0
20190207,1830,1320.3,1323.2,1320.3,1323.2,1,0
20190207,1900,1323.2,1323.3,1323.2,1323.3,911,0
20190207,1930,1323.3,1323.3,1323.3,1323.3,4,0
20190207,2000,1323.3,1323.3,1323.3,1323.3,1,0
20190207,2030,1323.3,1323.3,1322.5,1322.6,31,0
20190207,2100,1322.6,1325.7,1322.6,1325.7,377,0
20190207,2130,1325.7,1326.6,1325.2,1325.7,18,0
20190207,2200,1325.8,1326.0,1324.7,1325.7,14,0
20190207,2230,1325.7,1328.2,1325.7,1326.8,19,0
20190207,2300,1326.8,1327.2,1326.2,1326.6,26,0
20190207,2330,1326.6,1326.6,1323.6,1323.7,14,0
20190208,0000,1323.7,1325.0,1322.8,1325.0,31,0
20190208,0030,1325.0,1327.5,1325.0,1326.0,535,0
20190208,0100,1326.0,1327.4,1326.0,1326.9,33,0
20190208,0130,1326.9,1327.9,1326.8,1327.7,26,0
20190208,0200,1327.7,1327.7,1327.0,1327.4,11,0
20190208,0230,1327.4,1327.4,1326.8,1327.0,1711,0
20190208,0300,1327.0,1327.1,1326.7,1327.1,611,0
20190208,0330,1327.1,1327.1,1327.1,1327.1,0,0
20190208,0400,1327.1,1327.1,1327.1,1327.1,4,0
20190208,0430,1327.1,1327.3,1327.1,1327.3,1,0
20190208,0500,1327.3,1327.3,1327.3,1327.3,0,0
20190208,0530,1327.3,1327.3,1326.2,1326.2,1,0
20190208,0600,1326.2,1326.2,1326.2,1326.2,0,0
20190208,0630,1326.2,1326.2,1326.2,1326.2,0,0
20190208,1300,1325.5,1325.5,1325.5,1325.5,0,0
20190208,1330,1325.5,1325.5,1325.5,1325.5,0,0
20190208,1400,1325.5,1325.6,1325.5,1325.6,1,0
20190208,1430,1325.6,1325.6,1325.4,1325.4,1,0
20190208,1500,1325.4,1325.4,1325.1,1325.1,6,0
20190208,1530,1325.1,1325.1,1324.4,1324.4,6,0
20190208,1600,1324.4,1324.4,1324.4,1324.4,0,0
20190208,1630,1324.4,1324.4,1324.4,1324.4,0,0
20190208,1700,1324.4,1324.4,1324.4,1324.4,424,0
20190208,1730,1324.4,1324.4,1324.4,1324.4,45,0
20190208,1800,1324.4,1325.5,1324.4,1325.5,1,0
20190208,1830,1325.5,1325.5,1325.5,1325.5,0,0
20190208,1900,1325.5,1327.2,1325.5,1327.2,1,0
20190208,1930,1327.2,1327.5,1327.2,1327.5,51,0
20190208,2000,1327.5,1327.5,1327.5,1327.5,9,0
20190208,2030,1327.5,1328.7,1327.5,1328.7,2,0
20190208,2100,1328.7,1329.5,1328.7,1329.4,20,0
20190208,2130,1329.4,1330.7,1329.4,1330.7,32,0
20190208,2200,1330.7,1331.3,1330.7,1331.3,21,0
20190208,2230,1331.3,1331.3,1329.6,1329.6,14,0
20190208,2300,1329.6,1331.6,1328.5,1331.6,16,0
20190208,2330,1331.6,1331.6,1329.5,1329.6,98,0
20190209,0000,1329.6,1330.2,1329.6,1330.2,64,0
20190209,0030,1330.2,1330.8,1330.1,1330.5,115,0
20190209,0100,1330.5,1330.8,1330.3,1330.5,13,0
20190209,0130,1330.5,1331.2,1330.3,1330.9,15,0
20190209,0200,1330.9,1331.7,1330.9,1331.7,14,0
20190209,0230,1331.7,1331.7,1330.8,1331.0,1778,0
20190209,0300,1331.0,1331.0,1330.0,1330.6,184,0
20190209,0330,1330.6,1330.6,1330.6,1330.6,0,0
20190209,0400,1330.6,1331.7,1330.4,1331.7,4,0
20190209,0430,1331.7,1331.8,1331.5,1331.8,3,0
20190209,0500,1331.8,1331.8,1330.9,1330.9,6,0
20190209,0530,1330.9,1330.9,1330.4,1330.4,4,0
20190209,0600,1330.4,1330.4,1330.4,1330.4,0,0
20190211,1130,1328.2,1328.2,1328.2,1328.2,0,0
20190211,1200,1328.2,1328.2,1328.2,1328.2,0,0
20190211,1230,1328.2,1328.2,1328.2,1328.2,0,0
20190211,1300,1328.2,1328.2,1327.2,1327.7,9,0
20190211,1330,1327.7,1327.7,1327.7,1327.7,0,0
20190211,1400,1327.7,1328.3,1327.7,1328.3,1,0
20190211,1430,1328.3,1328.3,1328.3,1328.3,0,0
20190211,1500,1328.3,1328.3,1328.3,1328.3,0,0
20190211,1530,1328.3,1328.3,1328.3,1328.3,0,0
20190211,1600,1328.3,1328.3,1328.3,1328.3,0,0
20190211,1630,1328.3,1328.3,1327.4,1327.4,62,0
20190211,1700,1327.4,1327.4,1326.6,1326.6,6,0
20190211,1730,1326.6,1326.6,1324.6,1325.1,12,0
20190211,1800,1325.1,1325.1,1324.1,1324.1,2,0
20190211,1830,1324.1,1324.1,1323.0,1323.1,208,0
20190211,1900,1323.1,1323.2,1322.8,1323.0,8,0
20190211,1930,1323.0,1323.9,1322.7,1323.9,13,0
20190211,2000,1323.9,1324.2,1323.5,1323.9,19,0
20190211,2030,1323.9,1323.9,1322.5,1323.2,11,0
20190211,2100,1323.2,1323.2,1322.0,1322.2,59,0
20190211,2130,1322.2,1323.3,1321.9,1322.3,10,0
20190211,2200,1322.3,1322.3,1320.9,1321.0,13,0
20190211,2230,1321.0,1322.0,1320.0,1320.1,11,0
20190211,2300,1320.1,1322.6,1320.0,1322.5,74,0
20190211,2330,1322.5,1325.0,1322.4,1324.5,16,0
20190212,0000,1324.5,1324.6,1324.1,1324.4,36,0
20190212,0030,1324.4,1325.8,1324.3,1325.5,15,0
20190212,0100,1325.5,1325.8,1325.4,1325.5,32,0
20190212,0130,1325.5,1325.7,1325.0,1325.7,8,0
20190212,0200,1325.7,1325.7,1323.9,1323.9,13,0
20190212,0230,1323.9,1324.9,1323.3,1324.3,2625,0
20190212,0300,1324.3,1324.5,1323.9,1323.9,122,0
20190212,0330,1323.9,1323.9,1323.9,1323.9,456,0
20190212,0400,1323.9,1324.1,1323.9,1324.1,1,0
20190212,0430,1324.1,1324.1,1324.1,1324.1,0,0
20190212,0500,1324.1,1324.1,1324.1,1324.1,0,0
20190212,0530,1324.1,1324.1,1324.1,1324.1,0,0
20190212,0600,1324.1,1324.2,1324.1,1324.2,1,0
20190212,0630,1324.2,1324.2,1324.2,1324.2,0,0
20190212,0930,1323.0,1323.0,1322.9,1322.9,1,0
20190212,1000,1322.9,1322.9,1322.9,1322.9,0,0
20190212,1030,1322.9,1322.9,1322.9,1322.9,0,0
20190212,1100,1322.9,1322.9,1322.9,1322.9,250,0
20190212,1130,1322.9,1322.9,1322.9,1322.9,0,0
20190212,1200,1322.9,1322.9,1322.9,1322.9,0,0
20190212,1230,1322.9,1322.9,1322.9,1322.9,0,0
20190212,1300,1322.9,1322.9,1322.9,1322.9,0,0
20190212,1330,1322.9,1322.9,1322.9,1322.9,0,0
20190212,1400,1322.9,1322.9,1322.9,1322.9,0,0
20190212,1430,1322.9,1326.6,1322.9,1326.6,7,0
20190212,1500,1326.6,1326.6,1326.6,1326.6,0,0
20190212,1530,1326.6,1328.2,1326.6,1327.8,15,0
20190212,1600,1327.8,1328.3,1327.8,1328.3,4,0
20190212,1630,1328.3,1329.8,1328.2,1329.6,14,0
20190212,1700,1329.6,1329.6,1327.4,1327.4,4,0
20190212,1730,1327.4,1327.4,1327.4,1327.4,0,0
20190212,1800,1327.4,1327.4,1327.4,1327.4,18,0
20190212,1830,1327.4,1327.4,1327.4,1327.4,0,0
20190212,1900,1327.4,1329.4,1327.4,1329.4,24,0
20190212,1930,1329.4,1329.5,1329.1,1329.3,12,0
20190212,2000,1329.3,1329.7,1329.2,1329.7,39,0
20190212,2030,1329.7,1329.7,1329.0,1329.0,10,0
20190212,2100,1329.0,1330.0,1329.0,1329.5,13,0
20190212,2130,1329.5,1330.7,1328.5,1328.5,12,0
20190212,2200,1328.5,1329.0,1328.4,1328.6,15,0
20190212,2230,1328.6,1328.6,1326.9,1327.5,9,0
20190212,2300,1327.5,1327.5,1327.1,1327.1,61,0
20190212,2330,1327.1,1327.1,1324.4,1325.0,34,0
20190213,0000,1325.0,1325.7,1324.4,1325.6,414,0
20190213,0030,1325.6,1326.3,1325.4,1325.7,38,0
20190213,0100,1325.7,1326.8,1325.5,1325.6,27,0
20190213,0130,1325.6,1325.8,1324.9,1325.8,28,0
20190213,0200,1325.8,1326.4,1325.2,1326.4,19,0
20190213,0230,1326.4,1328.3,1326.2,1326.3,2243,0
20190213,0300,1326.7,1326.7,1326.4,1326.4,293,0
20190213,0330,1326.4,1326.4,1326.4,1326.4,4,0
20190213,0400,1326.4,1327.4,1326.4,1327.4,3,0
20190213,0430,1327.4,1327.4,1327.4,1327.4,0,0
20190213,0500,1327.4,1327.4,1327.4,1327.4,0,0
20190213,0530,1327.4,1327.4,1327.4,1327.4,0,0
20190213,0600,1327.4,1327.4,1327.4,1327.4,0,0
20190213,0630,1327.4,1327.4,1327.4,1327.4,0,0
20190213,0930,1327.0,1327.0,1327.0,1327.0,0,0
20190213,1000,1327.0,1327.0,1327.0,1327.0,0,0
20190213,1030,1327.0,1327.0,1327.0,1327.0,0,0
20190213,1100,1327.0,1327.0,1327.0,1327.0,0,0
20190213,1130,1327.0,1327.0,1327.0,1327.0,0,0
20190213,1200,1327.0,1328.3,1327.0,1328.3,3,0
20190213,1230,1328.3,1328.3,1328.3,1328.3,0,0
20190213,1300,1328.3,1328.3,1328.3,1328.3,0,0
20190213,1330,1328.3,1328.3,1328.3,1328.3,0,0
20190213,1400,1328.3,1329.4,1328.3,1329.4,5,0
20190213,1430,1329.4,1329.4,1329.4,1329.4,1,0
20190213,1500,1329.4,1330.0,1329.1,1329.1,6,0
20190213,1530,1329.1,1329.4,1328.1,1328.1,6,0
20190213,1600,1328.1,1328.1,1328.1,1328.1,0,0
20190213,1630,1328.1,1328.1,1328.1,1328.1,0,0
20190213,1700,1328.1,1328.1,1328.1,1328.1,0,0
20190213,1730,1328.1,1328.4,1328.1,1328.1,84,0
20190213,1800,1328.1,1328.1,1328.1,1328.1,23,0
20190213,1830,1328.1,1328.1,1328.1,1328.1,0,0
20190213,1900,1328.1,1328.1,1327.5,1327.5,3,0
20190213,1930,1327.5,1327.5,1326.2,1326.3,32,0
20190213,2000,1326.3,1326.4,1325.7,1326.3,10,0
20190213,2030,1326.3,1326.9,1325.8,1325.9,8,0
20190213,2100,1325.9,1326.1,1324.9,1324.9,24,0
20190213,2130,1324.9,1325.5,1324.3,1325.5,9,0
20190213,2200,1325.5,1327.1,1324.5,1327.1,25,0
20190213,2230,1326.3,1326.8,1324.9,1326.8,16,0
20190213,2300,1326.8,1329.6,1326.3,1329.0,144,0
20190213,2330,1329.0,1333.2,1329.0,1332.3,17,0
20190214,0000,1332.3,1333.5,1330.8,1330.9,11,0
20190214,0030,1330.9,1330.9,1328.8,1329.1,9,0
20190214,0100,1329.1,1329.2,1328.4,1328.5,11,0
20190214,0130,1328.5,1328.5,1327.1,1327.1,57,0
20190214,0200,1327.1,1328.0,1327.0,1328.0,97,0
20190214,0230,1328.0,1328.0,1327.4,1327.5,1836,0
20190214,0300,1327.5,1327.6,1326.5,1326.5,294,0
20190214,0330,1326.5,1326.5,1326.5,1326.5,0,0
20190214,0400,1326.5,1326.5,1321.9,1321.9,2,0
20190214,0430,1321.9,1321.9,1321.4,1321.4,27,0
20190214,0500,1321.4,1321.4,1321.4,1321.4,9,0
20190214,0530,1321.4,1321.4,1321.1,1321.1,1,0
20190214,0600,1321.1,1321.1,1321.1,1321.1,0,0
20190214,0630,1321.1,1321.1,1321.1,1321.1,0,0
20190214,1200,1322.9,1322.9,1322.9,1322.9,0,0
20190214,1230,1322.9,1322.9,1322.9,1322.9,0,0
20190214,1300,1322.9,1322.9,1322.9,1322.9,0,0
20190214,1330,1322.9,1322.9,1322.9,1322.9,0,0
20190214,1400,1322.9,1322.9,1322.9,1322.9,0,0
20190214,1430,1322.9,1322.9,1322.9,1322.9,0,0
20190214,1500,1322.9,1322.9,1322.9,1322.9,0,0
20190214,1530,1322.9,1322.9,1322.9,1322.9,0,0
20190214,1600,1322.9,1322.9,1322.9,1322.9,0,0
20190214,1630,1322.9,1322.9,1322.9,1322.9,0,0
20190214,1700,1322.9,1322.9,1321.9,1321.9,7,0
20190214,1730,1321.9,1321.9,1321.9,1321.9,0,0
20190214,1800,1321.9,1321.9,1321.2,1321.2,2,0
20190214,1830,1321.2,1321.2,1321.2,1321.2,0,0
20190214,1900,1321.2,1321.3,1321.1,1321.1,3,0
20190214,1930,1321.1,1321.4,1321.1,1321.3,2,0
20190214,2000,1321.3,1321.3,1321.3,1321.3,0,0
20190214,2030,1321.3,1321.7,1321.3,1321.5,3,0
20190214,2100,1321.5,1321.5,1317.7,1317.7,9,0
20190214,2130,1317.7,1320.0,1317.7,1319.9,7,0
20190214,2200,1319.9,1326.2,1319.9,1326.2,3,0
20190214,2230,1326.2,1326.2,1325.6,1325.8,10,0
20190214,2300,1325.8,1327.5,1325.8,1326.8,43,0
20190214,2330,1326.8,1326.8,1323.5,1324.3,11,0
20190215,0000,1324.3,1324.3,1323.5,1323.9,1050,0
20190215,0030,1323.9,1325.0,1323.9,1325.0,10,0
20190215,0100,1325.0,1325.9,1325.0,1325.9,2,0
20190215,0130,1325.9,1326.7,1325.9,1326.7,14,0
20190215,0200,1326.7,1328.4,1326.7,1328.4,72,0
20190215,0230,1328.4,1328.8,1326.1,1326.2,825,0
20190215,0300,1326.3,1326.5,1326.3,1326.5,100,0
20190215,0330,1326.5,1328.0,1326.5,1328.0,5,0
20190215,0400,1328.0,1328.0,1328.0,1328.0,0,0
20190215,0430,1328.0,1328.1,1328.0,1328.0,3,0
20190215,0500,1328.0,1328.0,1328.0,1328.0,1,0
20190215,0530,1328.0,1328.0,1328.0,1328.0,0,0
20190215,0600,1328.0,1328.0,1328.0,1328.0,0,0
20190215,0630,1328.0,1328.0,1328.0,1328.0,0,0
20190215,0730,1327.2,1327.2,1327.2,1327.2,0,0
20190215,0800,1327.2,1327.2,1327.2,1327.2,0,0
20190215,0830,1327.2,1327.2,1327.2,1327.2,0,0
20190215,0900,1327.2,1327.2,1327.2,1327.2,0,0
20190215,0930,1327.2,1327.7,1327.2,1327.7,2,0
20190215,1000,1327.7,1327.7,1327.7,1327.7,0,0
20190215,1030,1327.7,1327.7,1327.7,1327.7,0,0
20190215,1100,1327.7,1327.7,1327.7,1327.7,0,0
20190215,1130,1327.7,1327.7,1327.7,1327.7,0,0
20190215,1200,1327.7,1327.7,1327.7,1327.7,0,0
20190215,1230,1327.7,1327.7,1327.7,1327.7,0,0
20190215,1300,1327.7,1327.7,1327.7,1327.7,0,0
20190215,1330,1327.7,1328.4,1327.7,1328.4,2,0
20190215,1400,1328.4,1328.4,1328.4,1328.4,0,0
20190215,1430,1328.4,1328.4,1328.4,1328.4,0,0
20190215,1500,1328.4,1329.5,1328.4,1329.5,1,0
20190215,1530,1329.5,1329.9,1329.5,1329.9,1,0
20190215,1600,1329.9,1329.9,1329.9,1329.9,0,0
20190215,1630,1329.9,1330.5,1329.9,1330.5,2,0
20190215,1700,1330.5,1330.5,1330.1,1330.1,2,0
20190215,1730,1330.1,1330.7,1330.1,1330.5,2,0
20190215,1800,1330.5,1331.2,1330.5,1331.2,1,0
20190215,1830,1331.2,1331.2,1331.2,1331.2,0,0
20190215,1900,1331.2,1331.2,1331.2,1331.2,0,0
20190215,1930,1331.2,1332.9,1331.2,1332.8,4,0
20190215,2000,1332.8,1334.2,1332.8,1334.1,2,0
20190215,2030,1334.1,1334.1,1334.1,1334.1,1,0
20190215,2100,1334.1,1334.1,1332.5,1332.5,6,0
20190215,2130,1332.5,1333.9,1332.5,1333.8,5,0
20190215,2200,1333.8,1333.8,1332.3,1332.3,13,0
20190215,2230,1332.3,1334.6,1332.3,1334.6,11,0
20190215,2300,1334.6,1334.6,1332.7,1332.7,2,0
20190215,2330,1332.7,1332.7,1330.9,1330.9,5,0
20190216,0000,1330.9,1330.9,1330.8,1330.8,3,0
20190216,0030,1330.8,1331.4,1330.8,1331.4,2,0
20190216,0100,1331.4,1331.6,1331.2,1331.4,4,0
20190216,0130,1331.4,1332.8,1331.4,1332.8,1,0
20190216,0200,1332.8,1333.4,1332.8,1333.2,6,0
20190216,0230,1333.2,1335.0,1333.1,1334.4,218,0
20190216,0300,1334.4,1337.0,1334.4,1337.0,116,0
20190216,0330,1337.0,1337.0,1336.7,1336.7,2,0
20190216,0400,1336.7,1337.2,1336.7,1337.2,1,0
20190216,0430,1337.2,1337.2,1337.0,1337.0,2,0
20190216,0500,1337.0,1337.3,1337.0,1337.3,1,0
20190216,0530,1337.3,1337.3,1337.3,1337.3,0,0
20190216,0600,1337.3,1337.3,1337.3,1337.3,12,0
20190218,0930,1339.5,1339.5,1339.5,1339.5,0,0
20190218,1000,1339.5,1339.5,1339.5,1339.5,0,0
20190218,1030,1339.5,1339.5,1339.5,1339.5,0,0
20190218,1100,1339.5,1339.5,1339.5,1339.5,0,0
20190218,1130,1339.5,1339.5,1339.5,1339.5,232,0
20190218,1200,1339.5,1339.5,1339.5,1339.5,0,0
20190218,1230,1339.5,1339.5,1339.5,1339.5,0,0
20190218,1300,1339.5,1339.5,1339.5,1339.5,0,0
20190218,1330,1339.5,1339.5,1339.5,1339.5,0,0
20190218,1400,1339.5,1339.5,1339.5,1339.5,0,0
20190218,1430,1339.5,1339.5,1338.7,1339.0,437,0
20190218,1500,1339.0,1339.0,1339.0,1339.0,0,0
20190218,1530,1339.0,1339.0,1339.0,1339.0,0,0
20190218,1600,1339.0,1339.0,1339.0,1339.0,0,0
20190218,1630,1339.0,1339.0,1339.0,1339.0,0,0
20190218,1700,1339.0,1339.0,1339.0,1339.0,0,0
20190218,1730,1339.0,1339.0,1339.0,1339.0,0,0
20190218,1800,1339.0,1339.7,1339.0,1339.7,5,0
20190218,1830,1339.7,1339.7,1339.7,1339.7,0,0
20190218,1900,1339.7,1339.7,1339.7,1339.7,0,0
20190218,1930,1339.7,1339.7,1339.7,1339.7,0,0
20190218,2000,1339.7,1340.1,1339.7,1340.1,5,0
20190218,2030,1340.1,1340.5,1340.1,1340.5,5,0
20190218,2100,1340.5,1340.5,1340.5,1340.5,0,0
20190218,2130,1340.5,1340.5,1340.5,1340.5,0,0
20190218,2200,1340.5,1340.5,1340.5,1340.5,0,0
20190218,2230,1340.5,1341.2,1340.5,1341.2,1,0
20190218,2300,1341.2,1341.2,1341.2,1341.2,42,0
20190218,2330,1341.2,1342.1,1341.2,1342.1,2,0
20190219,0000,1342.1,1342.1,1342.1,1342.1,0,0
20190219,0030,1342.1,1342.1,1342.1,1342.1,25,0
20190219,0100,1342.1,1342.1,1341.5,1341.5,26,0
20190219,0130,1341.5,1341.8,1341.5,1341.7,5,0
20190219,0200,1341.7,1341.7,1341.7,1341.7,0,0
20190219,0230,1341.7,1341.7,1341.7,1341.7,0,0
20190219,0300,1341.7,1341.7,1341.7,1341.7,0,0
20190219,0330,1341.7,1341.7,1341.7,1341.7,0,0
20190219,0400,1341.7,1341.7,1341.7,1341.7,0,0
20190219,0430,1341.7,1341.7,1341.7,1341.7,0,0
20190219,0500,1341.7,1341.7,1341.7,1341.7,0,0
20190219,0600,1341.7,1341.7,1341.7,1341.7,0,0
20190219,0630,1341.7,1341.7,1341.7,1341.7,0,0
20190219,0730,1341.7,1341.8,1341.7,1341.8,2,0
20190219,0800,1341.8,1341.8,1341.8,1341.8,6,0
20190219,0830,1341.8,1341.8,1341.8,1341.8,0,0
20190219,0900,1341.8,1341.8,1341.8,1341.8,0,0
20190219,0930,1341.8,1341.8,1341.8,1341.8,0,0
20190219,1000,1341.8,1341.8,1341.8,1341.8,0,0
20190219,1030,1341.8,1341.8,1340.2,1340.2,1,0
20190219,1100,1340.2,1340.2,1340.2,1340.2,0,0
20190219,1130,1340.2,1340.2,1340.2,1340.2,0,0
20190219,1200,1340.2,1340.2,1340.2,1340.2,0,0
20190219,1230,1340.2,1340.2,1340.2,1340.2,0,0
20190219,1300,1340.2,1340.2,1340.2,1340.2,0,0
20190219,1330,1340.2,1340.2,1340.2,1340.2,0,0
20190219,1400,1340.2,1340.2,1339.9,1339.9,1,0
20190219,1430,1339.9,1339.9,1339.9,1339.9,200,0
20190219,1500,1339.9,1339.9,1339.9,1339.9,0,0
20190219,1530,1339.9,1339.9,1338.8,1338.8,3,0
20190219,1600,1338.8,1341.3,1338.8,1341.3,4,0
20190219,1630,1341.3,1342.5,1341.3,1342.5,6,0
20190219,1700,1342.5,1343.0,1342.5,1343.0,2,0
20190219,1730,1343.0,1345.4,1343.0,1345.4,80,0
20190219,1800,1345.4,1345.4,1345.4,1345.4,0,0
20190219,1830,1345.4,1345.4,1345.4,1345.4,80,0
20190219,1900,1345.4,1345.4,1345.4,1345.4,0,0
20190219,1930,1345.4,1345.4,1344.3,1344.3,24,0
20190219,2000,1344.3,1344.8,1344.1,1344.6,7,0
20190219,2030,1344.6,1345.2,1344.6,1345.1,7,0
20190219,2100,1345.1,1345.7,1345.1,1345.6,33,0
20190219,2130,1345.6,1347.4,1345.6,1347.2,27,0
20190219,2200,1347.2,1348.1,1346.9,1347.2,13,0
20190219,2230,1347.2,1349.2,1347.2,1348.9,33,0
20190219,2300,1348.9,1350.5,1348.5,1350.4,11,0
20190219,2330,1350.4,1353.1,1350.4,1353.0,9,0
20190220,0000,1353.0,1354.7,1352.6,1354.0,277,0
20190220,0030,1354.0,1354.3,1352.9,1353.6,261,0
20190220,0100,1353.6,1353.6,1352.8,1353.1,14,0
20190220,0130,1353.1,1354.3,1353.0,1354.2,16,0
20190220,0200,1354.2,1356.1,1354.2,1355.6,27,0
20190220,0230,1355.6,1357.5,1355.6,1357.4,399,0
20190220,0300,1357.4,1357.4,1356.7,1356.7,90,0
20190220,0330,1356.7,1356.7,1355.4,1355.5,2,0
20190220,0400,1355.5,1355.5,1355.5,1355.5,0,0
20190220,0430,1355.5,1355.5,1355.5,1355.5,0,0
20190220,0500,1355.5,1355.9,1355.4,1355.9,4,0
20190220,0530,1355.9,1356.8,1355.9,1356.8,1,0
20190220,0600,1356.8,1356.8,1356.8,1356.8,40,0
20190220,0630,1356.8,1356.8,1356.8,1356.8,0,0
20190220,0930,1358.0,1358.0,1358.0,1358.0,0,0
20190220,1000,1358.0,1358.0,1358.0,1358.0,0,0
20190220,1030,1358.0,1361.2,1358.0,1361.2,25,0
20190220,1100,1361.2,1361.2,1361.2,1361.2,0,0
20190220,1130,1361.2,1361.2,1361.2,1361.2,0,0
20190220,1200,1361.2,1361.2,1361.2,1361.2,0,0
20190220,1230,1361.2,1361.2,1361.2,1361.2,0,0
20190220,1300,1361.2,1361.2,1358.5,1358.5,1,0
20190220,1330,1358.5,1358.5,1358.5,1358.5,0,0
20190220,1400,1358.5,1358.8,1357.8,1357.8,5,0
20190220,1430,1357.8,1357.8,1357.8,1357.8,0,0
20190220,1500,1357.8,1357.8,1357.8,1357.8,0,0
20190220,1530,1357.8,1358.0,1357.8,1358.0,1,0
20190220,1600,1358.0,1358.0,1358.0,1358.0,868,0
20190220,1630,1358.0,1359.0,1358.0,1358.9,11,0
20190220,1700,1358.9,1358.9,1358.5,1358.5,1,0
20190220,1730,1358.5,1359.6,1358.5,1359.6,3,0
20190220,1800,1359.6,1360.0,1359.2,1359.2,5,0
20190220,1830,1359.2,1360.2,1359.1,1360.1,15,0
20190220,1900,1360.1,1360.8,1360.1,1360.2,13,0
20190220,1930,1360.2,1360.2,1359.4,1359.4,10,0
20190220,2000,1359.4,1359.9,1359.0,1359.2,10,0
20190220,2030,1359.2,1360.1,1358.6,1359.3,8,0
20190220,2100,1359.3,1359.7,1359.2,1359.5,8,0
20190220,2130,1359.5,1360.7,1359.4,1359.4,52,0
20190220,2200,1359.4,1359.4,1358.8,1359.3,7,0
20190220,2230,1358.2,1359.7,1358.2,1359.6,18,0
20190220,2300,1359.6,1360.1,1358.7,1359.9,12,0
20190220,2330,1359.9,1361.2,1359.0,1359.1,18,0
20190221,0000,1359.1,1360.3,1359.1,1360.2,648,0
20190221,0030,1360.2,1361.0,1360.2,1360.6,14,0
20190221,0100,1360.6,1360.7,1360.0,1360.6,10,0
20190221,0130,1360.6,1360.6,1360.3,1360.6,9,0
20190221,0200,1360.6,1361.4,1360.5,1361.4,7,0
20190221,0230,1361.4,1361.4,1360.4,1360.5,279,0
20190221,0300,1360.5,1360.5,1360.5,1360.5,45,0
20190221,0330,1360.5,1360.5,1356.3,1357.2,4,0
20190221,0400,1357.2,1357.2,1357.2,1357.2,3,0
20190221,0430,1357.2,1357.2,1357.2,1357.2,0,0
20190221,0500,1357.2,1357.2,1357.2,1357.2,0,0
20190221,0530,1357.2,1357.2,1357.2,1357.2,35,0
20190221,0600,1357.2,1357.2,1353.8,1353.8,1,0
20190221,0630,1353.8,1353.8,1353.8,1353.8,0,0
20190221,1000,1353.4,1353.4,1353.4,1353.4,0,0
20190221,1030,1353.4,1353.4,1353.4,1353.4,0,0
20190221,1100,1353.4,1353.4,1353.4,1353.4,0,0
20190221,1130,1353.4,1353.4,1353.4,1353.4,0,0
20190221,1200,1353.4,1353.4,1353.4,1353.4,0,0
20190221,1230,1353.4,1353.4,1353.4,1353.4,0,0
20190221,1300,1353.4,1353.4,1353.4,1353.4,0,0
20190221,1330,1353.4,1353.4,1353.4,1353.4,0,0
20190221,1400,1353.4,1355.4,1353.4,1355.4,1,0
20190221,1430,1355.4,1355.4,1353.8,1353.9,3,0
20190221,1500,1353.9,1353.9,1353.9,1353.9,0,0
20190221,1530,1353.9,1353.9,1353.9,1353.9,0,0
20190221,1600,1353.9,1353.9,1353.9,1353.9,0,0
20190221,1630,1353.9,1353.9,1353.9,1353.9,0,0
20190221,1700,1353.9,1353.9,1353.9,1353.9,0,0
20190221,1730,1353.9,1353.9,1353.9,1353.9,211,0
20190221,1800,1353.9,1353.9,1347.6,1348.3,4,0
20190221,1830,1348.4,1349.5,1348.4,1349.4,13,0
20190221,1900,1349.4,1351.0,1349.4,1351.0,8,0
20190221,1930,1351.0,1351.0,1350.4,1350.4,9,0
20190221,2000,1350.4,1350.4,1349.5,1349.7,8,0
20190221,2030,1349.7,1350.9,1349.7,1350.7,59,0
20190221,2100,1350.7,1351.5,1350.5,1350.5,27,0
20190221,2130,1350.5,1351.2,1350.4,1351.1,47,0
20190221,2200,1351.1,1351.9,1351.0,1351.0,8,0
20190221,2230,1350.4,1350.4,1348.9,1349.3,13,0
20190221,2300,1350.2,1350.2,1346.1,1346.4,26,0
20190221,2330,1346.4,1347.6,1345.3,1347.4,258,0
20190222,0000,1347.4,1348.0,1346.8,1346.8,34,0
20190222,0030,1346.8,1347.1,1346.2,1346.5,12,0
20190222,0100,1346.5,1346.5,1345.7,1345.7,11,0
20190222,0130,1345.7,1346.1,1344.1,1344.3,13,0
20190222,0200,1344.3,1344.3,1342.3,1342.9,16,0
20190222,0230,1342.9,1342.9,1340.3,1340.3,389,0
20190222,0300,1340.3,1340.3,1340.3,1340.3,380,0
20190222,0330,1340.3,1340.3,1340.3,1340.3,0,0
20190222,0400,1340.3,1340.3,1340.3,1340.3,21,0
20190222,0430,1340.3,1340.3,1340.3,1340.3,0,0
20190222,0500,1340.3,1340.3,1340.3,1340.3,0,0
20190222,0530,1340.3,1340.3,1337.7,1337.8,31,0
20190222,0600,1337.8,1337.8,1336.5,1336.5,1,0
20190222,0630,1336.5,1336.5,1336.5,1336.5,0,0
20190222,0730,1339.1,1339.1,1339.1,1339.1,0,0
20190222,0800,1339.1,1339.1,1339.1,1339.1,0,0
20190222,0830,1339.1,1339.1,1339.1,1339.1,0,0
20190222,0900,1339.1,1340.3,1339.1,1340.3,10,0
20190222,0930,1340.3,1340.3,1340.3,1340.3,0,0
20190222,1000,1340.3,1340.3,1340.3,1340.3,0,0
20190222,1030,1340.3,1340.3,1339.9,1339.9,10,0
20190222,1100,1339.9,1339.9,1339.9,1339.9,0,0
20190222,1130,1339.9,1339.9,1339.9,1339.9,0,0
20190222,1200,1339.9,1339.9,1339.9,1339.9,0,0
20190222,1230,1339.9,1340.0,1339.9,1340.0,1,0
20190222,1300,1340.0,1340.0,1340.0,1340.0,0,0
20190222,1330,1340.0,1340.0,1340.0,1340.0,0,0
20190222,1400,1340.0,1340.0,1340.0,1340.0,0,0
20190222,1430,1340.0,1340.0,1340.0,1340.0,0,0
20190222,1500,1340.0,1340.2,1340.0,1340.2,1,0
20190222,1530,1340.2,1340.2,1340.2,1340.2,0,0
20190222,1600,1340.2,1341.0,1340.2,1340.8,2,0
20190222,1630,1340.8,1341.4,1340.8,1341.4,30,0
20190222,1700,1341.4,1341.4,1341.4,1341.4,12,0
20190222,1730,1341.4,1341.4,1339.6,1339.6,1,0
20190222,1800,1339.6,1339.6,1338.8,1338.8,1,0
20190222,1830,1338.8,1338.8,1337.1,1337.1,21,0
20190222,1900,1337.1,1337.7,1337.1,1337.5,8,0
20190222,1930,1337.5,1338.3,1337.5,1337.5,130,0
20190222,2000,1337.5,1338.0,1337.3,1337.7,9,0
20190222,2030,1337.7,1338.8,1337.7,1338.6,34,0
20190222,2100,1338.6,1339.0,1338.0,1338.0,44,0
20190222,2130,1338.0,1340.8,1337.1,1340.8,10,0
20190222,2200,1340.8,1343.8,1340.5,1343.7,45,0
20190222,2230,1343.7,1344.0,1342.9,1343.8,28,0
20190222,2300,1343.4,1344.5,1343.4,1344.3,11,0
20190222,2330,1344.3,1345.4,1344.0,1345.0,15,0
20190223,0000,1345.0,1345.6,1344.4,1344.4,481,0
20190223,0030,1344.4,1345.3,1344.0,1345.1,31,0
20190223,0100,1345.1,1346.7,1345.1,1346.3,13,0
20190223,0130,1346.3,1347.8,1346.2,1346.2,6,0
20190223,0200,1346.2,1347.9,1346.2,1347.8,107,0
20190223,0230,1347.8,1347.8,1345.1,1345.6,123,0
20190223,0300,1345.6,1345.6,1345.1,1345.1,124,0
20190223,0330,1345.1,1345.7,1345.1,1345.7,1,0
20190223,0400,1345.7,1345.7,1345.7,1345.7,0,0
20190223,0430,1345.7,1345.7,1345.7,1345.7,2,0
20190223,0500,1345.7,1345.7,1345.7,1345.7,0,0
20190223,0530,1345.7,1345.7,1345.7,1345.7,0,0
20190223,0600,1345.7,1345.7,1345.7,1345.7,0,0
20190225,0930,1344.7,1344.8,1344.7,1344.7,2,0
20190225,1000,1344.7,1345.7,1344.7,1345.5,4,0
20190225,1030,1345.5,1345.5,1345.5,1345.5,0,0
20190225,1100,1345.5,1346.3,1345.5,1346.3,7,0
20190225,1130,1346.3,1346.6,1346.3,1346.4,4,0
20190225,1200,1346.4,1346.4,1346.4,1346.4,0,0
20190225,1230,1346.4,1346.4,1346.4,1346.4,0,0
20190225,1300,1346.4,1346.4,1346.4,1346.4,0,0
20190225,1330,1346.4,1346.4,1346.4,1346.4,0,0
20190225,1400,1346.4,1346.4,1345.1,1345.1,2,0
20190225,1430,1345.1,1345.1,1345.1,1345.1,0,0
20190225,1500,1345.1,1345.7,1345.1,1345.7,2,0
20190225,1530,1345.7,1345.7,1344.0,1344.0,1,0
20190225,1600,1344.0,1344.0,1344.0,1344.0,0,0
20190225,1630,1344.0,1344.0,1344.0,1344.0,0,0
20190225,1700,1344.0,1344.0,1343.3,1343.3,3,0
20190225,1730,1343.3,1343.3,1343.3,1343.3,0,0
20190225,1800,1343.3,1343.3,1343.3,1343.3,0,0
20190225,1830,1343.3,1343.3,1343.3,1343.3,50,0
20190225,1900,1343.3,1343.3,1343.3,1343.3,19,0
20190225,1930,1343.3,1343.3,1343.3,1343.3,0,0
20190225,2000,1343.3,1343.3,1343.3,1343.3,0,0
20190225,2030,1343.3,1345.3,1343.3,1345.2,60,0
20190225,2100,1345.2,1345.2,1344.3,1344.3,20,0
20190225,2130,1344.3,1344.3,1340.3,1341.3,5,0
20190225,2200,1341.3,1341.3,1341.3,1341.3,0,0
20190225,2230,1341.3,1341.3,1341.3,1341.3,0,0
20190225,2300,1341.3,1347.4,1341.3,1347.1,9,0
20190225,2330,1347.1,1347.1,1346.0,1346.0,20,0
20190226,0000,1346.0,1346.0,1346.0,1346.0,515,0
20190226,0030,1346.0,1346.0,1344.0,1344.0,902,0
20190226,0100,1344.0,1344.0,1342.4,1342.5,31,0
20190226,0130,1342.5,1342.5,1341.5,1341.5,1,0
20190226,0200,1341.5,1341.5,1340.8,1340.8,1,0
20190226,0230,1340.8,1342.2,1340.8,1342.2,224,0
20190226,0300,1342.2,1342.2,1342.2,1342.2,1,0
20190226,0330,1342.2,1342.2,1342.2,1342.2,0,0
20190226,0400,1342.2,1342.2,1342.2,1342.2,0,0
20190226,0430,1342.2,1342.2,1342.2,1342.2,0,0
20190226,0500,1342.2,1342.6,1342.2,1342.6,2,0
20190226,0530,1342.6,1342.6,1341.7,1341.7,2,0
20190226,0600,1341.7,1341.7,1341.7,1341.7,0,0
20190226,0630,1341.7,1341.7,1341.7,1341.7,0,0
20190226,0800,1342.4,1342.4,1342.4,1342.4,0,0
20190226,0830,1342.4,1342.4,1342.4,1342.4,3,0
20190226,0900,1342.4,1342.4,1342.4,1342.4,0,0
20190226,0930,1342.4,1342.4,1342.4,1342.4,0,0
20190226,1000,1342.4,1342.4,1342.4,1342.4,0,0
20190226,1030,1342.4,1342.4,1342.4,1342.4,0,0
20190226,1100,1342.4,1344.4,1342.4,1344.4,3,0
20190226,1130,1344.4,1344.4,1344.4,1344.4,0,0
20190226,1200,1344.4,1344.4,1344.4,1344.4,0,0
20190226,1230,1344.4,1344.4,1344.4,1344.4,0,0
20190226,1300,1344.4,1344.4,1344.4,1344.4,0,0
20190226,1330,1344.4,1344.4,1344.0,1344.0,1,0
20190226,1400,1344.0,1344.0,1343.3,1343.3,1,0
20190226,1430,1343.3,1343.3,1343.3,1343.3,0,0
20190226,1500,1343.3,1343.3,1342.2,1342.2,1,0
20190226,1530,1342.2,1342.2,1342.2,1342.2,0,0
20190226,1600,1342.2,1342.2,1341.1,1341.1,1,0
20190226,1630,1341.1,1341.1,1339.8,1339.8,2,0
